 # id_kiso  period_t period_g ng nr ni nz ny ag dm ebv chi2
kiso_060522.8+205644      2.94510       2.9459062          10          16          12           4           0      0.95010957       13.306547       2.0600166       822.68322
kiso_034208.9+560147      2.38180       5.6346021           7          10           8           4          15       1.1576384       14.618143       2.4085415       248.06645
kiso_034529.7+532608      4.33910       4.3385334          12          12           0           0           0      0.83822728       12.764983       1.9124697       34.432497
kiso_035615.0+524826      4.93400       2.5100338          12          12          10          13          16      0.52677659       13.877293       2.2248014       375.41553
kiso_035938.2+524726      3.70600       3.7052321          12           6           0           0           0       1.0462554       12.909597       1.6770086       13.335042
kiso_040245.1+521217      4.15910       4.1597171          15          10           0           0           0       1.2491212       14.244926       1.2650089       206.17923
kiso_025204.0+584254      3.96920       1.3318385           9          14          14           0           0      0.47815531       12.331097       1.9864086       196.58759
kiso_030554.6+574544      4.72930       4.7281332           8           4           0           0           0      0.90332712       15.149362      0.95384047      0.94883389
kiso_041246.2+515504      4.71630       4.7143474           6           6           0           0           0      0.91029134       14.247289       1.2850128       25.710076
kiso_044534.8+433422      4.37320       2.9385049           9           3           0           0           0       1.2588260       13.736662       1.0280025       12.221023
kiso_053235.1+332153      7.29120       5.0210323          11           2           0           0           0      0.66411723       14.969159      0.89191911       4.4881935
kiso_053407.8+321909      1.63000       1.6298879          15          14          10          10          13      0.76632549       14.555928       1.2488515       502.25650
kiso_021807.4+614925      3.56370       1.3124353           8          10          10           5           0      0.92593428       11.667896       2.5628787       251.85360
kiso_004326.0+620848      2.84180       2.8414888           4          12          11           8          10      0.91756887       14.548095       2.1563724       380.16638
kiso_203348.6+400009      4.45960       1.2846307          12           8          16          15          22      0.70872856       14.555466       1.7108861       293.35067
kiso_004234.1+635022      1.97060       1.9703444          10          12          11          13          13       1.1908500       14.448816       1.8106434       468.03198
kiso_005641.0+623317      5.63380       1.3230370           8           9           7           3           0      0.47719774       12.759551       1.7523203       130.81936
kiso_005732.5+630923      2.48890       4.1115665           4           9           4           0           0       1.1100291       14.284558       1.2509934       73.365979
kiso_011653.4+624633      7.92320       7.9232512          10           8           2           0           0       1.1849318       14.332236       1.8213088       93.297320
kiso_233407.1+624908      2.05160       2.0511577          12           4          11          11          11      0.72510607       14.050729       2.0315442       241.91583
kiso_230322.6+611624      5.43380       1.3044339          12          12          10           0           0      0.40925275       11.933681       2.2349424       379.11182
kiso_233320.3+610708      3.87170      100.000          11           0           0           0           0      100.000      100.000      100.000      100.000
kiso_000146.0+622527      3.87790       8.4467783          10           2           0           0           0      0.90229080       14.921287      0.99781968      0.60399974
kiso_222304.6+574439      1.12020       1.1152025           7           4          13          14          13      0.58592545       13.701827       1.9862847       125.44966
kiso_222323.7+584700      3.20410       3.2049491          16          11          17          15          13      0.82539544       14.786906       2.1572827       607.89052
kiso_204056.7+432537      5.97450       1.9867471           8          17          18          10           0      0.44003181       11.630429       3.3488995       343.28560
kiso_045615.2+444654      3.40720      100.000          13           0           0           0           0      100.000      100.000      100.000      100.000
kiso_204836.0+440247      4.93630       1.3696448           4          17          22           9          15      0.60112628       12.709471       2.9751733       1349.0287
kiso_211839.9+504732      2.99710       2.9967146          11          12           0           0           0      0.99167862       13.531154       1.4443982       22.779388
kiso_212316.8+500731      3.43480       3.4341872           7          10          10           8           0      0.91713210       13.717116       2.2369887       470.36766
kiso_213143.9+512256      4.31520       4.3145580          12          14           5           0           0       1.0403306       13.437171       2.1087431       592.59719
kiso_220750.2+555857      3.07820       3.0519238          10          13          18          16          11      0.81270510       15.090494       1.8013082       445.12863
kiso_221113.0+570313      5.77030       1.1216036           8           6          10          10           8      0.27146549       12.851117       2.0413958       191.84924
kiso_224539.1+594246      2.99020       3.8894627          14          10           9           0           0      0.91874142       14.378133       1.5576033       185.30385
kiso_224617.2+590543      3.69660       3.6616249          10          12          11           7           0      0.97117398       13.626710       2.1327244       516.63211
kiso_200731.7+325037      4.58990       1.5188695          15          14          12          15           7      0.55558628       12.749366       2.4870131       381.65452
kiso_200908.8+315323      48.7641       4.2993736          12           2           0           0           0       1.3110554       12.296997       2.1880410       6.8881940
kiso_201309.1+323711      5.85600       5.8563743          15           7           0           0           0      0.87058695       14.090111       1.5487059       24.413701
kiso_201335.2+350942      10.2991       2.0079505          13           7           4           0           0      0.96127553       11.916895       2.5348867       144.09084
kiso_201358.4+344845      34.2216       1.4090513          12          12           0           0           0       1.0932940       9.9219358       2.8992508       123.68385
kiso_213808.1+530545      6.70350       2.9275031           8           5           0           0           0      0.95940606       13.575149       1.2370627       8.3428842
kiso_214829.0+530142      5.31740      100.000          12           0           0           0           0      100.000      100.000      100.000      100.000
kiso_214846.2+544410      4.35210       1.2982329          12          16           7           4           0      0.62715697       12.486806       2.0724370       311.94356
kiso_204803.6+453105      3.37050       3.4195848           8          10          13           9          13       1.0201452       14.748644       2.3450172       427.75744
kiso_205012.0+454156      12.2208       11.444243           8          13           0           0           0       1.0244514       14.465869       1.6847482       46.117362
kiso_205425.7+454331      6.38560       6.3850312          11          13           0           0           0      0.83005733       13.443417       1.8166937       42.598341
kiso_210153.4+462856      5.47140       1.5826801           8          10           6           2           0      0.96189986       13.099433       1.8028053       51.562802
kiso_210421.5+451421      3.56940       9.0197554          10           7           0           0           0      0.43117484       16.176168      0.72920231       18.013010
kiso_201403.7+365012      6.53130       1.5106682          13           9          11           0           0      0.58534116       11.498339       2.7157490       204.91376
kiso_201648.6+382035      17.9019       2.2955983           9          10           5           0           0       1.4278217       11.805361       2.2619396       325.07089
kiso_201855.0+375652      40.1976       2.0449567          10           8           5           0           0       1.0752823       10.782437       3.0818621       259.28403
kiso_210313.9+475319      3.87170       3.7902462          12          12           8           5           0      0.88805161       13.965046       1.9601891       427.21583
kiso_211037.6+483520      4.66980       4.5469193          11          11          13          15          15      0.86040340       14.174158       2.5704788       523.21311
kiso_195552.7+302929      4.80290       4.8036556          12           8           8           0           0      0.80779412       14.046499       1.8157252       237.15242
kiso_200101.4+301117      7.10070       1.1562093          13          10          12           9           0      0.96472679       11.687608       2.8383182       742.14132
kiso_200712.0+315232      33.4580       1.6396896           4          10          10           0           0       1.4921312       9.7304802       3.9097504       156.08593
kiso_200124.6+343546      5.85460       1.1980163          11          16          13           7          10      0.49920571       12.790139       2.3325880       238.33242
kiso_200606.1+364634      2.68470       24.560831          12           9           8          12          14      0.87900000       20.000004       1.1980980       1.0000000
kiso_200613.3+362552      3.86100       3.8606579          14          12           7           9           9      0.87599286       14.295403       2.0541170       287.59657
kiso_200729.4+352046      12.9808      100.000          12           0           0           0           0      100.000      100.000      100.000      100.000
kiso_195003.7+272746      12.7204       3.1595416           9          15          11           3           0      0.75616897       12.200311       3.1452312       598.14493
kiso_195139.2+275639      7.30470       1.3550423           9          10           4           0           0      0.56659254       11.390531       2.3662261       322.05868
kiso_194146.4+253119      28.8802       1.4384562          12          14           9          14           0      0.94622090       11.772495       3.0629630       810.61145
kiso_194303.0+251325      5.36410       1.2094182          11          13          11           3           0      0.80532997       11.309186       2.8181689       436.73005
kiso_194324.6+240720      8.52310       8.5238829           9           8           0           0           0       1.0513004       13.526131       2.0917743       27.456409
