 # id_kiso  period_t period_g ng nr ni nz ny ag dm ebv chi2
kiso_060522.8+205644      2.94510       2.9453948          10          16          12           4           0      0.82410306       10.616060       2.0910974       76.785511
kiso_034208.9+560147      2.38180       2.3815739           7          10           8           4          15      0.74815000       11.489853       2.3272863       46.557888
kiso_034529.7+532608      4.33910       4.3386707          12          12           0           0           0      0.84081689       8.8694456       2.2491608       32.187353
kiso_035615.0+524826      4.93400       4.9343786          12          12          10          13          16      0.74518874       11.951914       2.0095347       82.266963
kiso_035938.2+524726      3.70600       3.7055140          12           6           0           0           0       1.0480738       9.2558721       1.9779150       12.955387
kiso_040245.1+521217      4.15910       4.1599283          15          10           0           0           0       1.2582987       10.414776       1.5922433       203.16425
kiso_025204.0+584254      3.96920      100.000           9          14          14           0           0      100.000      100.000      100.000      100000.
kiso_030554.6+574544      4.72930       4.7254953           8           4           0           0           0      0.94042829       10.799047       1.4093473       1.2944330
kiso_041246.2+515504      4.71630       4.7147808           6           6           0           0           0      0.98033770       10.182177       1.6542922       16.765548
kiso_044534.8+433422      4.37320       2.9465935           9           3           0           0           0       1.4099528       10.460815       1.2598302       6.3642458
kiso_053235.1+332153      7.29120       5.2677307          11           2           0           0           0      0.77351135       10.981457       1.2013903       4.1887413
kiso_053407.8+321909      1.63000       1.6300045          15          14          10          10          13      0.64584645       12.605765       1.2151809       169.42355
kiso_021807.4+614925      3.56370       3.5637596           8          10          10           5           0      0.75222267       10.422064       2.3089143       13.107760
kiso_004326.0+620848      2.84180       2.8417013           4          12          11           8          10      0.95925087       12.203260       2.0343758       139.41402
kiso_203348.6+400009      4.45960       4.3503866          12           8          16          15          22      0.50069077       12.922038       1.6227580       272.50272
kiso_004234.1+635022      1.97060       1.9601593          10          12          11          13          13       1.4158792       12.534743       1.6534995       267.08746
kiso_005641.0+623317      5.63380       5.6387339           8           9           7           3           0      0.51905359       11.125297       1.6740448       91.446439
kiso_005732.5+630923      2.48890       2.4725804           4           9           4           0           0       1.4566809       11.290066       1.2340752       11.582819
