 # id_kiso  period_t period_g ng nr ni nz ny ag dm ebv chi2
kiso_060522.8+205644      2.94510       2.9454277          10          16          12           4           0      0.82475637       10.615901       2.0910967       75.948457
kiso_034208.9+560147      2.38180       2.3815768           7          10           8           4          15      0.74867288       11.490091       2.3271816       46.567127
kiso_034529.7+532608      4.33910       4.3387265          12          12           0           0           0      0.84240118       8.8697643       2.2491077       32.135080
kiso_035615.0+524826      4.93400       4.9344277          12          12          10          13          16      0.74450118       11.953254       2.0089486       82.172921
kiso_035938.2+524726      3.70600       3.7055266          12           6           0           0           0       1.0479685       9.2557616       1.9778707       12.964187
kiso_040245.1+521217      4.15910       4.1598783          15          10           0           0           0       1.2664724       10.419547       1.5899895       202.94873
kiso_025204.0+584254      3.96920      100.000           9          14          14           0           0      100.000      100.000      100.000      100000.
kiso_030554.6+574544      4.72930       4.7255220           8           4           0           0           0      0.93867331       10.799539       1.4093465       1.2944021
kiso_041246.2+515504      4.71630       4.7148252           6           6           0           0           0      0.97911301       10.183752       1.6536079       16.757346
kiso_044534.8+433422      4.37320       4.3853936           9           3           0           0           0      0.75022649       10.610914       1.2555098       43.474151
kiso_053235.1+332153      7.29120       7.2931800          11           2           0           0           0      0.77586182       10.107224       1.4636807       7.1389371
kiso_053407.8+321909      1.63000       1.6300294          15          14          10          10          13      0.65039633       12.604402       1.2160146       164.89924
kiso_021807.4+614925      3.56370       3.5637271           8          10          10           5           0      0.75633882       10.424803       2.3077595       13.109903
kiso_004326.0+620848      2.84180       2.8416770           4          12          11           8          10      0.96011129       12.205355       2.0329324       139.53403
kiso_203348.6+400009      4.45960       4.4566731          12           8          16          15          22      0.49878588       12.943087       1.6151364       297.39144
kiso_004234.1+635022      1.97060       1.9601902          10          12          11          13          13       1.4159221       12.539133       1.6526808       265.13551
kiso_005641.0+623317      5.63380       5.6386838           8           9           7           3           0      0.51849888       11.124814       1.6742441       91.445388
kiso_005732.5+630923      2.48890       2.4726551           4           9           4           0           0       1.4642795       11.303068       1.2274652       10.869182
kiso_011653.4+624633      7.92320       7.9276834          10           8           2           0           0       1.2625452       9.4713325       2.3152258       26.153395
kiso_233407.1+624908      2.05160       2.0514770          12           4          11          11          11      0.82855904       11.892874       2.0074022       38.568086
kiso_230322.6+611624      5.43380       5.4348288          12          12          10           0           0      0.78162248       10.368828       2.1595943       97.178773
kiso_233320.3+610708      3.87170      100.000          11           0           0           0           0      100.000      100.000      100.000      100000.
kiso_000146.0+622527      3.87790       3.8782275          10           2           0           0           0      0.80393994       9.9402384       1.5048429       2.4550917
kiso_202343.9+403120      3.87790       3.8782275           0          14          18          14          16      0.80393994       9.9402384       1.5048429       2.4550917
kiso_222304.6+574439      1.12020       1.1234761           7           4          13          14          13      0.68441316       12.362590       1.8553980       79.948473
kiso_222323.7+584700      3.20410       3.2040269          16          11          17          15          13      0.64683678       12.095189       2.1780349       40.285959
kiso_204056.7+432537      5.97450       5.9735260           8          17          18          10           0      0.57931816       9.7383006       3.1746299       40.831795
kiso_045615.2+444654      3.40720      100.000          13           0           0           0           0      100.000      100.000      100.000      100000.
kiso_204836.0+440247      4.93630      100.000           4          17          22           9          15      100.000      100.000      100.000      100000.
kiso_211839.9+504732      2.99710       2.9969270          11          12           0           0           0      0.99631417       10.202728       1.6991911       22.757131
kiso_212316.8+500731      3.43480       3.4352276           7          10          10           8           0      0.73061381       10.944916       2.2360411       61.331932
kiso_213143.9+512256      4.31520       4.3149266          12          14           5           0           0      0.89902334       10.121182       2.2456666       103.96139
kiso_213223.5+513824      4.31520       4.3149266           2          14          10          10           9      0.89902334       10.121182       2.2456666       103.96139
kiso_220750.2+555857      3.07820       3.0784276          10          13          18          16          11      0.81965801       12.441284       1.8136837       131.03699
kiso_221113.0+570313      5.77030      100.000           8           6          10          10           8      100.000      100.000      100.000      100000.
kiso_224539.1+594246      2.99020       2.9911785          14          10           9           0           0      0.70617902       10.999509       1.7712837       87.063808
kiso_224617.2+590543      3.69660       3.6966772          10          12          11           7           0      0.94365758       10.583002       2.2414166       100.90717
kiso_200731.7+325037      4.58990       4.5887256          15          14          12          15           7      0.74705060       10.848223       2.4616429       159.51282
kiso_200908.8+315323      48.7641       48.784069          12           2           0           0           0       1.0995541       6.9487753       2.9610232       18.314006
kiso_201045.9+333644      48.7641       48.784069           0          11           4           8           3       1.0995541       6.9487753       2.9610232       18.314006
kiso_201309.1+323711      5.85600       5.8571787          15           7           0           0           0      0.88401435       9.5871243       2.0020998       8.6006791
kiso_201335.2+350942      10.2991       10.301663          13           7           4           0           0       1.0478728       9.4730623       2.5944544       96.730723
kiso_201358.4+344845      34.2216       34.241570          12          12           0           0           0       1.2301707       8.5435043       2.7112641       227.18451
kiso_213808.1+530545      6.70350       6.7043781           8           5           0           0           0       1.0819833       9.6570440       1.6576942       9.0195787
kiso_214829.0+530142      5.31740      100.000          12           0           0           0           0      100.000      100.000      100.000      100000.
kiso_214846.2+544410      4.35210       4.3521271          12          16           7           4           0      0.83448333       10.614538       2.0843983       168.95334
kiso_204803.6+453105      3.37050       3.3701768           8          10          13           9          13      0.77175650       11.962128       2.3533164       50.865398
kiso_205012.0+454156      12.2208       12.2