# id_cand id_ps  ra dec period  g_m g_a g_s r_m r_a r_s i_m i_a i_s z_m z_a z_s y_m y_a y_s
cand_0  -1138443135492250058       91.361012        20.929835       9.07516        20.154790      0.13353010     0.036152951       17.899358      0.18396229     0.022194436       16.415503    0.0077571869    0.0024076571       15.667744      0.77160490      0.23516818       14.915973      0.23921239     0.038624181
cand_1  -1138443135492250013       91.327453        20.906153       24.8688        19.225178      0.10000000     0.026146461       17.971377      0.15115591     0.017962147       16.184925     0.033809662     0.022018321       15.449548      0.31546001      0.27935965       14.994780      0.10000000     0.044856829
cand_2   1253988613432174945       55.607888        56.041946       7.86513        18.038968      0.86169242      0.21240748       16.698315     0.024791718     0.010727147       15.834730       1.1950593     0.016618569       15.281289     0.066843033     0.025224823       14.852721     0.098789215     0.043029786
cand_3   1271985419755612619       55.527139        56.056950       7.62013        19.803899       1.1579705      0.12777654       17.817682     0.025859833    0.0070525087       16.407257       1.4887920      0.10757875       15.944211     0.051039696     0.019603242       15.408335     0.081381798     0.038513380
cand_4   1271985419755612633       55.487270        56.047674       5.77509        20.085132      0.89091112      0.25508136       17.932831     0.071413040     0.024254958       16.879043       1.0851654     0.046374668       15.945131     0.040380478     0.018086321       15.442749     0.052017212     0.020905752
cand_5   1271985419755612765       55.539585        56.066004       18.3099        21.381447      0.46430552      0.12658582       18.892924     0.072242737     0.025028342       17.684796      0.52338791      0.37865946       16.746722     0.037614822     0.017646721       16.171778     0.078645706     0.033266276
cand_6   1703381005937668178       34.575198        61.820410       10.7702        20.633200      0.96330006      0.21207301       18.610544      0.76650320    0.0096862608       16.834476     0.092330933     0.063067769       16.030580     0.072378159     0.035751171       15.503160     0.069713593     0.029044392
cand_7   1703381005938011409       34.515514        61.797491       1.05500        21.236166      0.29890256      0.14857358       19.149999       1.7754380     0.093799324       17.383265     0.070623398     0.036051744       16.464982     0.053247452     0.020046921       15.856148     0.081681252     0.022857843
cand_8   1879426011684212220       302.63469        37.326718       8.75015        18.345073     0.025604248    0.0085453620       17.206555      0.26251214     0.017148134       15.768626      0.10000000     0.070411847       15.078914      0.10000000     0.068699036       14.759521      0.10000000     0.080641465
cand_9   1879426011684213347       302.62120        37.356988       5.24507        19.191047     0.086971283     0.026259399       17.355728     0.074005127     0.019693782       16.266078      0.20144790     0.030455457       15.487279      0.10000000     0.062599194       14.973547      0.10000000     0.057496184
cand_10   1879426011684282485       302.66241        37.367232       8.60015        18.606835      0.52752525     0.058541381       15.588521     0.063573837     0.020298865       12.858605      0.18373145     0.032083826       15.567520       0.0000000          NaN       10.522896       0.0000000          NaN
cand_11   1879426011684982065       302.65814        37.315776       5.19507        21.703946      0.41088341     0.082935698       19.304473     0.082782745     0.030385641       17.864470      0.10000000     0.083724026       16.846047      0.10000000     0.077392180       16.257453      0.22866120     0.060395911
cand_12   1897194119588648558       300.32873        34.570641       18.4249        19.892754      0.29684223      0.22681905       16.866531       2.0000000     0.056770346       13.880684      0.10000000      0.13743237       11.439599       0.0000000          NaN       10.893744      0.38558388      0.18909417
cand_13   1897194119589708596       300.35777        34.610983       2.66001        18.533719      0.10000000     0.044551930       17.158121      0.44812916     0.038158347       15.874681     0.021744728     0.015175683       15.264083      0.10000000     0.073866194       14.957118      0.27195559     0.055840255
cand_15   1897194119590678742       300.33557        34.593093       3.41003        20.656034      0.10000000     0.085733362       18.523453     0.049743652     0.010047273       17.293288     0.031539917     0.019894901       16.255315       1.0896057     0.095725942       15.944627     0.078062057     0.026147568
cand_16   1915577954005777200       304.20979        38.351953       5.11507        16.576731     0.031011581     0.010265464       15.706514      0.10000000     0.052195621       15.298627      0.38916876     0.059006675       15.032191     0.021511078     0.012551193       14.872813     0.090042114     0.040001620
cand_17   1915577954005777268       304.15633        38.354564       12.4152        16.818910      0.10000000     0.076019969       15.566384      0.13216033     0.017578600       14.943453      0.10000000      0.15005119       14.406333      0.10000000     0.039836755       14.175158      0.10583075     0.050059765
cand_18   1915577954005779850       304.19991        38.312178       1.40000        19.743884      0.28029282     0.057046079       17.543660     0.024288177    0.0091862042       16.309173      0.46717244     0.073755723       15.476700     0.023229599     0.011972339       14.919817     0.089615822     0.033812104
cand_19   1915577954005781650       304.18360        38.359371       1.79000        20.632344      0.10000000     0.051380498       18.449908      0.10000000     0.025721372       17.246867      0.31342888      0.26102978       16.489272      0.10369110     0.091878267       15.982813      0.10000000     0.048282278
cand_20   1915577954005781872       304.20114        38.359739       6.41010        20.409021      0.38797721      0.10776333       18.545168     0.043689728     0.022867965       17.445862      0.36457416     0.026786641       16.559427      0.10000000     0.073721298       16.036067      0.10000000     0.055353256
cand_21   1951501197909355907       303.53225        36.846512       8.10014        21.985937       2.0000000      0.17800479       19.324711      0.18627785     0.068357555       17.936843      0.25109946     0.066768136       16.978927      0.10000000     0.072973942       16.360211      0.10000000     0.052160676
cand_25   1951606751024801222       304.74869        37.965279       5.00007        19.317199      0.78082086      0.15952056       17.281124      0.66377290     0.036920507       15.957210      0.10000000      0.18652658       14.984957      0.10000000      0.10152146       14.320288      0.10000000      0.13846626
cand_27   1987142966833897265       300.03681        32.426408       9.37517        16.495414     0.057096481     0.014769262       15.085884      0.19909477     0.054053821       14.317780      0.44380742     0.087403095       13.681330      0.10000000     0.071838691       13.319217     0.026800156     0.012334796
cand_28   1987142966833897615       300.04180        32.388220       12.2702        17.521181     0.090314865     0.019408910       15.451036     0.020565987    0.0097963674       14.568782      0.63238901     0.057274983       13.688426      0.18514214     0.056490804       13.160466     0.045017242     0.014364137
cand_29   1987283704322249929       301.43770        33.836902       22.2643        17.299862      0.10000000     0.027289081       15.810564      0.45529066     0.016621435       15.002504      0.99627017      0.12965702       14.592182      0.10000000      0.12147710       14.198132      0.16754405     0.039412227
cand_30   1987283704322252869       301.51190        33.847806       4.05005        19.909468      0.18137334     0.028709909       18.482543      0.33462844    0.0038849582       17.007617      0.91471291      0.62493882       17.171760     0.048940659     0.013014236       18.433754       0.0000000          NaN
cand_31   1987283704322998670       301.51781        33.833522       2.01500        22.224828      0.54086412      0.15637350       20.470054      0.41161129     0.059189475       18.627177       1.0636398      0.20554792       17.916216      0.10000000     0.066641851       17.200901      0.11258255     0.095073690
cand_33   1987283704324008388       301.51135        33.848125       19.8997        20.570479      0.16802119     0.040985065       18.968950     0.036252975    0.0076031882       18.034880     0.019378662     0.013716103       18.126459       2.0000000     0.074002285       16.828153      0.62035370      0.29033236
cand_35   1987512402741668339       303.71356        36.339686       9.20016        19.290910      0.18567242     0.029919850       18.009741      0.13941235     0.062824018       17.350242      0.14671307     0.042819633       16.835948      0.26097208     0.065048407       16.436836      0.13973150     0.050368169
cand_36   1987512402741668876       303.66621        36.329721       8.22014        19.552226     0.099184036     0.026855545       18.282959      0.38512522     0.057590772       17.721964      0.30587562     0.054839117       17.361672      0.24666101     0.011979928       17.260552      0.56232701     0.061294082
cand_39   1987670732414574719       305.37905        37.829401       4.36505        19.269871      0.26165154     0.040196562       16.403035     0.056062698     0.018852384       14.747444      0.28209860     0.043401636       13.529949      0.10000000     0.057497563       12.759858      0.10000000     0.055120377
cand_42   1987670732414575113       305.35234        37.801671       46.3757        19.520911      0.15443126     0.032107273       17.631007     0.039100647     0.012252002       16.526768      0.25001516     0.039476696       15.678942      0.10000000     0.065107430       15.106385      0.10000000     0.041463964
cand_43   1988163313623806257       310.19557        43.428297       7.64513        20.775942      0.48316849      0.14432612       18.119813     0.066036224     0.025722674       16.415330      0.10000000     0.046712123       15.324101     0.072663307     0.039953836       14.553014     0.097205162     0.043681802
cand_49   1988163313623807251       310.21906        43.445313       4.12505        21.763704      0.10000000      0.10821609       19.947585      0.10000000     0.058242633       18.846061     0.078897476     0.034685642       18.224577      0.10000000     0.086519767       17.744922      0.10000000     0.059926247
cand_50   1988163313623807487       310.20838        43.418554       3.34503        21.666386      0.11995639     0.079508356       19.836869      0.17325622     0.037176846       18.727660      0.23906729     0.034533861       18.139920      0.12207073     0.075811497       17.630261      0.11978179      0.10116781
cand_52   1988180905811435448       310.24206        43.462562       9.14516        16.003485      0.40778863     0.029153271       13.593784      0.32671852     0.010914028       13.586123       0.0000000          NaN       13.586123       0.0000000          NaN       13.586123       0.0000000          NaN
cand_53   2005685130924131855       305.43105        37.832496       5.04507        21.292186      0.29985373      0.11420829       18.572417     0.032054901     0.016983053       17.101732      0.35620101     0.012446464       16.077559      0.13761711     0.061933537       15.342861      0.10000000     0.040183404
cand_56   2023013434179831293       298.92241        30.476358       100.000        21.504101       1.7934024      0.62098101       21.009647       0.0000000          NaN       15.987824      0.74722958      0.55832018       13.951217      0.75500298      0.38044963       12.005973       0.0000000          NaN
cand_57   2041186162362036164       300.47688        31.892427       10.9652        21.137826      0.47572676     0.044176863       18.247316      0.40198013     0.084577890       16.424499      0.25043495     0.029400060       15.374663      0.39619759     0.026730685       14.510541     0.067594528     0.028962966
cand_59   2042329654454765208       311.85096        44.095385       2.00500        18.345565      0.36371388     0.088108132       15.799648      0.10000000     0.028243147       14.182073      0.10000000     0.042264905       13.123890     0.089056015     0.031831862       12.342757      0.10000000     0.042432605
cand_60   2042329654454765344       311.89898        44.068808       1.47500        17.568457      0.18788654      0.12995740       16.106624     0.042304993     0.018062681       15.247362      0.10000000     0.040428746       14.631077     0.051233292     0.027480911       14.167817     0.094123840     0.036593303
cand_61   2042329654454765433       311.87791        44.048335       10.6102        17.740287      0.62530433      0.12134461       16.474955     0.054347992     0.022609674       15.629169      0.10101216     0.020585394       15.090579      0.10000000     0.040611226       14.620468      0.10000000     0.036460530
cand_62   2042329654454766125       311.86243        44.046589       1.57500        19.589628       2.0000000     0.052009373       18.352201     0.098426819     0.037282846       17.200190      0.10000000     0.041003792       16.412766      0.10000000     0.029091855       15.772990     0.036259651    0.0080653540
cand_64   2042329654454767079       311.86234        44.019754       6.09509        22.039047      0.33560181      0.11366048       19.877645      0.15975217     0.038026906       18.336242      0.10000000     0.038211021       17.277726      0.10000000     0.031524074       16.500199     0.067615509     0.024752348
cand_66   2042329654455909435       311.88289        44.067535       2.19000        21.674248      0.28284681      0.11010109       19.462892      0.12900523     0.047662586       18.053241      0.10000000     0.047367759       17.081468      0.10000000     0.048226330       16.413781      0.22924443     0.032108006
cand_69   2059534812407947566       303.99363        35.187314       4.95507        22.103022      0.10000000      0.19444235       19.882823      0.49156858     0.034789139       18.382758      0.44857980      0.19058774       17.268637     0.094177246     0.031283319       16.580459      0.14839146     0.018070816
cand_70   2060344052964952933       312.15590        44.064732       14.2903        20.643983      0.44438841      0.30102213       17.888571      0.10000000     0.052879953       14.528269      0.10000000     0.065392301       12.778430      0.30377960     0.040507188       11.454549       0.0000000          NaN
cand_71   2060344052964953127       312.10761        44.023843       5.59508        21.082060      0.15983963     0.068165272       18.383134     0.038990021    0.0090895828       16.688294      0.10378964     0.027413731       15.594860      0.10000000     0.029320660       14.810642      0.10000000     0.042564836
cand_72   2060344052964953209       312.13540        44.062029       4.37005        20.532120      0.13487888     0.060980719       18.388573      0.10257916     0.027675761       17.013058      0.12410603     0.049022325       16.127668     0.095811844     0.050153080       15.531060      0.12568297      0.10210980
cand_73   2060695896684773541       315.77939        47.915737       39.5592        19.669553      0.48657097     0.058263249       17.334546      0.10000000     0.030769459       15.814487     0.085007668     0.041024724       14.959050      0.16253356     0.043394996       14.332000     0.082876205     0.025399708
cand_74   2060695896684774159       315.76026        47.907816       6.72511        21.801344      0.24568249      0.11466241       19.203008      0.10000000     0.033835959       17.559742     0.050914764     0.026673631       16.527486      0.10000000     0.044101873       15.869374      0.10000000     0.042326718
cand_75   2095282134449635538       301.78214        31.916009       3.75504        21.486664      0.29694789     0.031134574       18.814031      0.47028859     0.081244298       17.136513     0.017810822     0.012258447       16.070495      0.20651101     0.068689310       15.216851      0.10000000     0.059280117
cand_76   2095282134449861160       301.77521        31.873916       9.19516        18.824964     0.035825729     0.010431008       16.694156      0.22474632     0.052199737       15.424444     0.021460533     0.011810634       14.648425      0.23043071     0.040430542       14.074690     0.016510010    0.0078992667
cand_77   2097006168681685914       319.65720        50.785797       1.14000        17.230252     0.034648895    0.0099303643       15.675844     0.049938202    0.0096536886       14.745822      0.10000000     0.078909448       14.145848      0.41001791     0.079841949       14.185937       2.0000000      0.45032918
cand_78   2112663214260199450       295.46427        25.484996       36.7486        20.556237      0.38953607     0.082141821       18.451160    0.0061092377    0.0043205905       17.117660     0.077083588     0.034233988       16.297106      0.41288362      0.13946995       15.881338      0.32081614     0.050129744
cand_79   2112909504864962547       297.89133        27.970856       18.6799        16.637496     0.086448669     0.029261163       14.877306     0.051979065     0.011770204       13.864075     0.069744110     0.052541901       13.241432      0.27537823      0.15812809       12.671580     0.036183357     0.019831776
cand_80   2132472015747627816       313.58954        43.864441       4.77006        17.961068     0.023105621    0.0048681430       16.116100      0.14504027     0.011490339       14.829844      0.10000000     0.039246898       14.069825     0.097805023     0.054860984       13.473224      0.25400819     0.044856462
cand_81   2132472015747627872       313.59012        43.898933       4.33505        21.509517      0.26711097      0.15919009       18.825300      0.10000000     0.048811906       17.108749      0.13876601     0.038376600       16.108212     0.027494431     0.015901112       15.417360     0.030315399    0.0081102408
cand_82   2132472015747627874       313.55159        43.852954       2.19000        20.691167      0.35629182      0.10089162       18.546613     0.052646637     0.022853001       17.071430      0.15994102     0.034828653       16.184078     0.045845032     0.016729470       15.582986     0.065422058     0.020335977
cand_83   2132472015747627894       313.56524        43.848151       15.2553        21.764880       2.0000000     0.059411746       19.290212      0.19581586     0.061967257       17.556371      0.10000000     0.036106911       16.506545     0.093549728     0.043820892       15.764905      0.10000000     0.044496415
cand_91   2148692011279212637       295.79849        25.233094       4.05005        20.216322      0.77157250     0.093167310       18.858039      0.52783012      0.16832072       20.342606       0.0000000          NaN       20.342606       0.0000000          NaN       20.342606       0.0000000          NaN
cand_94   2150486414257101261       313.61571        43.868112       2.42501        21.668085      0.22248694      0.18109454       19.336797      0.10000000     0.071518186       17.845303      0.19459093     0.033738976       16.956948     0.087923050     0.044193396       16.293128     0.071189880     0.029446867
cand_96   2150486414257109797       313.58315        43.854282       21.4544        17.440560     0.077615738     0.043136642       15.739508      0.10000000     0.017917982       14.626416      0.10000000     0.057765120       14.006875     0.089654922     0.051369628       13.532674      0.13829265     0.010764592
cand_97   2150486414257109802       313.58390        43.854902       6.10009        17.851036     0.044418335     0.024450684       16.074667     0.069293976     0.012744449       14.862804      0.62695278     0.032085047       14.236883     0.082271576     0.031359710       13.719481     0.045416832     0.012428983
cand_101   2150486414257551192       313.60204        43.829002       1.48500        20.910523      0.19472331     0.046939784       18.129978      0.16269633     0.027079935       16.362149      0.10000000     0.051178892       15.360994      0.10000000     0.051606111       14.866218      0.65117875     0.017169856
cand_102   2150486414257551234       313.60230        43.839447       6.29010        21.443980       2.0000000      0.15057293       19.863740     0.090328217     0.043130294       18.311814      0.11366336     0.024705953       17.400158      0.10000000     0.034537825       16.729399      0.10000000     0.069011492
cand_103   2169098947091593093       320.83576        50.161679       49.8264        19.396728      0.10000000     0.076538146       16.786122     0.063730240     0.011878956       15.108859     0.035899162     0.018615035       14.190993      0.39522089     0.068262339       13.436572     0.040598869     0.017521517
cand_105   2241842636386003151       332.85473        57.043533       2.25000        16.155686     0.079072952     0.012578736       14.215460     0.023972511     0.011462173       13.100608     0.098689079     0.055085677       12.501032       1.1866131      0.42285638       11.923018     0.041853905     0.024746239
cand_106   2350439200836295553       345.76332        61.292367       3.45503        17.680105     0.069759369     0.034749026       15.909433       1.6868624     0.047235409       14.998496      0.32737314     0.064990778       14.355457      0.20981247     0.045795529       13.883049     0.046283722     0.024389481
cand_107   2386292075995179687       341.59934        59.141830       2.52001        18.057365      0.52867526     0.027903181       16.971556      0.49278946     0.098033093       15.718560      0.77177802      0.30818773       15.491960     0.037421227     0.012978528       15.159598     0.047534943     0.022292788
