 # id  ra dec  period_g ng nr ni nz ny ag dm ebv chi2
J195543.55+303002.4      298.931      30.5007       1.3347390           6           8          11          10           8      0.23637372       10.317748       2.9225193       17.184650
J195544.75+302918.6      298.937      30.4887       4.8675714           8           3           8           9           5      0.38257715       13.241040       1.5093370       10.740747
J195550.30+302728.4      298.960      30.4579       1.1503084          14          12          14          12           0      0.29869481       10.955868       1.9785053       107.77945
J195553.24+302932.0      298.972      30.4923       4.7117600           9           5          13          13          12      0.47541036       12.302211       2.3948286       32.284757
J195554.82+302734.4      298.978      30.4596       1.2692281           9           8          12          12          12      0.35302553       13.160583       2.0825007       17.637011
J195557.03+302831.3      298.988      30.4754       2.6111217          14          11          12          14          13      0.28406476       11.944455       1.7585240       146.84073
J200050.81+301137.8      300.212      30.1937       1.6765957           9           8          11           9          10      0.26823241       13.092807       1.7165781       87.426205
J200053.80+301002.5      300.224      30.1674       1.2326220           7           7          13           9          10      0.41910169       11.605922       1.9148441       30.138941
J200054.93+301206.4      300.229      30.2017       2.5619721          10           8           8           8          11      0.42866082       12.977732       2.1431174       26.722636
J200101.66+301134.7      300.257      30.1930       2.8494768          11           8          12          10           0      0.87911572       9.4951932       3.3601552       482.59583
J200107.06+301218.1      300.279      30.2049       2.6923382          10           6           8          12          13      0.29849802       11.867885       1.5423714       13.154944
J200108.93+300954.5      300.287      30.1651       1.6846970          10          10          13          11          10      0.31119264       12.832454       1.6342336       114.74710
J200116.82+343710.1      300.320      34.6195       3.4519579          14          14          11           8          11      0.29225761       11.780469       1.7901095       77.463659
J200119.73+343611.8      300.332      34.6033       1.8185192          15          16          15           8           6      0.26360592       12.167181       1.8586710       108.29135
J200121.17+343352.1      300.338      34.5645       2.6710601          12          12           9           7           0      0.44485694       11.691286       1.4046285       53.274447
J200121.89+343510.0      300.341      34.5863       1.8185192          10          15          13           8          12      0.23693626       13.186325       1.9745066       75.950639
J200123.63+343446.4      300.348      34.5797       2.8157115          10          10          11           7          12      0.33617756       12.233938       1.4175739       28.322756
J200129.31+343321.7      300.372      34.5560       2.8159113           5          15          13           8          11      0.31382219       12.795115       2.2190489       19.432011
J200135.98+343559.1      300.400      34.5998       2.8160112           6          13           9          10          11      0.32142189       12.825233       1.8635839       25.271363
J200545.01+335012.6      301.438      33.8369       2.9400837          16          10          11          15           9      0.12315053       12.737321       1.4344525       22.465786
J200548.66+334852.2      301.453      33.8145       1.2092181          13          10          11          13          15      0.21479722       12.784881       1.6732097       59.367064
