 # id  ra dec  period_g ng nr ni nz ny ag dm ebv chi2
J005733.05+631100.7      14.3877      63.1836      100.000           6          12          10           9          13      100.000      100.000      100.000      100000.
J195133.46+275845.3      14.3877      63.1836      100.000           0          16          13          11          16      100.000      100.000      100.000      100000.
J195543.55+303002.4      298.931      30.5007      100.000           6           8          11          10           8      100.000      100.000      100.000      100000.
J195544.75+302918.6      298.937      30.4887      100.000           8           3           8           9           5      100.000      100.000      100.000      100000.
J195550.30+302728.4      298.960      30.4579      100.000          14          12          14          12           0      100.000      100.000      100.000      100000.
J195553.24+302932.0      298.972      30.4923      100.000           9           5          13          13          12      100.000      100.000      100.000      100000.
J195554.82+302734.4      298.978      30.4596      100.000           9           8          12          12          12      100.000      100.000      100.000      100000.
J195557.03+302831.3      298.988      30.4754      100.000          14          11          12          14          13      100.000      100.000      100.000      100000.
J200050.81+301137.8      300.212      30.1937      100.000           9           8          11           9          10      100.000      100.000      100.000      100000.
J200053.80+301002.5      300.224      30.1674      100.000           7           7          13           9          10      100.000      100.000      100.000      100000.
J200054.93+301206.4      300.229      30.2017      100.000          10           8           8           8          11      100.000      100.000      100.000      100000.
J200101.66+301134.7      300.257      30.1930      100.000          11           8          12          10           0      100.000      100.000      100.000      100000.
J200107.06+301218.1      300.279      30.2049      100.000          10           6           8          12          13      100.000      100.000      100.000      100000.
J200108.93+300954.5      300.287      30.1651      100.000          10          10          13          11          10      100.000      100.000      100.000      100000.
J200116.82+343710.1      300.320      34.6195      100.000          14          14          11           8          11      100.000      100.000      100.000      100000.
J200119.73+343611.8      300.332      34.6033      100.000          15          16          15           8           6      100.000      100.000      100.000      100000.
J200121.17+343352.1      300.338      34.5645      100.000          12          12           9           7           0      100.000      100.000      100.000      100000.
J200121.89+343510.0      300.341      34.5863      100.000          10          15          13           8          12      100.000      100.000      100.000      100000.
J200123.63+343446.4      300.348      34.5797      100.000          10          10          11           7          12      100.000      100.000      100.000      100000.
J200129.31+343321.7      300.372      34.5560      100.000           5          15          13           8          11      100.000      100.000      100.000      100000.
J200135.98+343559.1      300.400      34.5998      100.000           6          13           9          10          11      100.000      100.000      100.000      100000.
J200545.01+335012.6      301.438      33.8369      100.000          16          10          11          15           9      100.000      100.000      100.000      100000.
J200548.66+334852.2      301.453      33.8145      100.000          13          10          11          13          15      100.000      100.000      100.000      100000.
J200550.04+335131.5      301.459      33.8588      100.000          15           9           9          11          15      100.000      100.000      100.000      100000.
J200551.53+335229.5      301.465      33.8749      100.000          15          11          12          12          12      100.000      100.000      100.000      100000.
J200553.39+334846.1      301.473      33.8129      100.000          13          12          10          12          12      100.000      100.000      100.000      100000.
J200559.71+335009.6      301.499      33.8360      100.000          15          12          13          13          11      100.000      100.000      100.000      100000.
J200559.92+335127.9      301.500      33.8578      100.000          12           7          11          13          13      100.000      100.000      100.000      100000.
J200601.21+335149.0      301.505      33.8636      100.000           9           9          11          12          14      100.000      100.000      100.000      100000.
J200602.35+334914.7      301.510      33.8207      100.000          15          12          13          14          15      100.000      100.000      100.000      100000.
J200608.75+362830.0      301.537      36.4751       3.4323237          12          12           4           0           0       1.6326811       7.4539049       3.8696989       2298.9735
J200608.96+335041.3      301.537      33.8448      100.000          12           8           7          10          13      100.000      100.000      100.000      100000.
J201035.31+333612.4      301.537      33.8448      100.000           0          11           7           7           7      100.000      100.000      100.000      100000.
J201035.60+333630.5      302.648      33.6083      100.000           8          11          10           6           8      100.000      100.000      100.000      100000.
J201036.48+333620.7      302.652      33.6058      100.000           9          12          11           8           8      100.000      100.000      100.000      100000.
J201039.07+333535.2      302.663      33.5932      100.000           3           9           6          10           9      100.000      100.000      100.000      100000.
J201043.91+333759.1      302.683      33.6331      100.000           6          10          11           9           5      100.000      100.000      100.000      100000.
J201044.80+333843.2      302.687      33.6454      100.000           5          12          12           8           5      100.000      100.000      100.000      100000.
J201046.98+333827.6      302.696      33.6410       2.2714078          13          12           9           2           0      0.30000001       9.4787788       2.9849011       155.51420
J201047.56+333628.4      302.698      33.6079      100.000           4          10          11           7           0      100.000      100.000      100.000      100000.
J201048.21+333742.6      302.701      33.6283      100.000          11          11          11           9          10      100.000      100.000      100.000      100000.
J201055.45+333602.1      302.731      33.6007      100.000          18          10          12          10          10      100.000      100.000      100.000      100000.
J201859.68+375755.1      304.749      37.9652       3.5968118          13           7           9          12          17      0.77563105       11.574406       2.5041066       135.17051
J204058.09+432744.7      310.242      43.4624       5.9415674          16           5           0           0           0      0.55972897       7.6304449       2.6469171       9.5025329
J212319.14+500939.4      320.830      50.1610       5.5724182          14          12           8           0           0       1.7000000       7.4854335       4.0174456       5120.1515
