# Name Epoch Band Mag eMag period DM E(B-V) KMEAN  W1MEAN W2MEAN
lc_3.0_14.4_0.60 55668.59159938419907 g 13.7389 0.0152 3.0000 14.4854 0.6031 10.2873 10.5751 10.5295
lc_3.0_14.8_0.71 55668.59159938419907 g 14.5023 0.0150 3.0000 14.8633 0.7184 10.6790 10.9600 10.9127
lc_3.0_14.8_0.71 55714.47361929379986 r 13.7571 0.0013 3.0000 14.8633 0.7184 10.6790 10.9600 10.9127
lc_3.0_14.8_0.71 55714.48418238769955 r 13.7482 0.0012 3.0000 14.8633 0.7184 10.6790 10.9600 10.9127
lc_3.0_14.8_0.71 56470.45123884409986 i 13.5125 0.0154 3.0000 14.8633 0.7184 10.6790 10.9600 10.9127
lc_3.0_14.8_0.71 56491.38523726449785 i 13.5194 0.0154 3.0000 14.8633 0.7184 10.6790 10.9600 10.9127
lc_3.2_14.4_0.60 55668.59159938419907 g 13.7066 0.0152 3.2000 14.4854 0.6031 10.2013 10.4915 10.4437
lc_3.2_14.8_0.71 55668.59159938419907 g 14.4249 0.0150 3.2000 14.8633 0.7184 10.5930 10.8763 10.8269
lc_3.2_14.8_0.71 55714.47361929379986 r 13.6981 0.0012 3.2000 14.8633 0.7184 10.5930 10.8763 10.8269
lc_3.2_14.8_0.71 55714.48418238769955 r 13.6212 0.0012 3.2000 14.8633 0.7184 10.5930 10.8763 10.8269
lc_3.2_14.8_0.71 56489.36648637420149 r 13.6222 0.0012 3.2000 14.8633 0.7184 10.5930 10.8763 10.8269
lc_3.2_14.8_0.71 56489.37615274920245 r 13.6522 0.0012 3.2000 14.8633 0.7184 10.5930 10.8763 10.8269
lc_3.4_14.8_0.71 55668.59159938419907 g 14.2421 0.0151 3.4000 14.8633 0.7184 10.5122 10.7977 10.7463
lc_3.4_14.8_0.71 55714.47361929379986 r 13.6814 0.0012 3.4000 14.8633 0.7184 10.5122 10.7977 10.7463
lc_3.4_14.8_0.71 55714.48418238769955 r 13.6497 0.0012 3.4000 14.8633 0.7184 10.5122 10.7977 10.7463
lc_3.4_14.8_0.71 56489.36648637420149 r 13.6032 0.0012 3.4000 14.8633 0.7184 10.5122 10.7977 10.7463
lc_3.4_14.8_0.71 56489.37615274920245 r 13.6256 0.0012 3.4000 14.8633 0.7184 10.5122 10.7977 10.7463
lc_3.4_14.8_0.71 55367.42040453509981 r 13.6199 0.0012 3.4000 14.8633 0.7184 10.5122 10.7977 10.7463
lc_3.4_14.8_0.71 55367.42166696250206 r 13.6094 0.0012 3.4000 14.8633 0.7184 10.5122 10.7977 10.7463
lc_3.6_14.8_0.71 55668.59159938419907 g 13.9249 0.0152 3.6000 14.8633 0.7184 10.4360 10.7236 10.6703
lc_3.6_14.8_0.71 55714.47361929379986 r 13.5695 0.0012 3.6000 14.8633 0.7184 10.4360 10.7236 10.6703
lc_3.6_14.8_0.71 55714.48418238769955 r 13.5884 0.0012 3.6000 14.8633 0.7184 10.4360 10.7236 10.6703
lc_3.6_14.8_0.71 56477.42624516409705 r 13.5578 0.0012 3.6000 14.8633 0.7184 10.4360 10.7236 10.6703
lc_3.6_14.8_0.71 56477.41626892380009 r 13.5246 0.0011 3.6000 14.8633 0.7184 10.4360 10.7236 10.6703
lc_3.8_14.4_0.60 55668.59159938419907 g 13.5493 0.0153 3.8000 14.4854 0.6031  9.9723 10.2687 10.2151
lc_3.8_14.8_0.71 55668.59159938419907 g 14.2652 0.0151 3.8000 14.8633 0.7184 10.3639 10.6535 10.5984
lc_4.0_14.8_0.71 55668.59159938419907 g 14.1584 0.0151 4.0000 14.8633 0.7184 10.2956 10.5870 10.5301
lc_4.2_14.4_0.60 55668.59159938419907 g 13.8609 0.0152 4.2000 14.4854 0.6031  9.8389 10.1389 10.0820
lc_4.2_14.8_0.71 55668.59159938419907 g 14.6090 0.0149 4.2000 14.8633 0.7184 10.2306 10.5238 10.4653
lc_4.4_14.4_0.60 55668.59159938419907 g 13.6995 0.0152 4.4000 14.4854 0.6031  9.7769 10.0786 10.0201
lc_4.4_14.8_0.71 55668.59159938419907 g 14.4464 0.0150 4.4000 14.8633 0.7184 10.1686 10.4634 10.4034
lc_4.6_14.4_0.60 55668.59159938419907 g 13.7936 0.0152 4.6000 14.4854 0.6031  9.7176 10.0209  9.9610
lc_4.6_14.8_0.71 55668.59159938419907 g 14.5318 0.0150 4.6000 14.8633 0.7184 10.1093 10.4058 10.3443
lc_4.8_14.8_0.71 55668.59159938419907 g 13.9229 0.0152 4.8000 14.8633 0.7184 10.0526 10.3506 10.2877
lc_5.2_14.8_0.71 55668.59159938419907 g 13.5157 0.0153 5.2000 14.8633 0.7184  9.9459 10.2468 10.1812
lc_5.4_14.8_0.71 55668.59159938419907 g 13.9643 0.0152 5.4000 14.8633 0.7184  9.8956 10.1979 10.1310
lc_5.6_14.4_0.60 55668.59159938419907 g 13.6446 0.0153 5.6000 14.4854 0.6031  9.4555  9.7659  9.6994
lc_5.6_14.8_0.71 55668.59159938419907 g 14.3963 0.0150 5.6000 14.8633 0.7184  9.8471 10.1508 10.0827
lc_5.8_14.8_0.71 55668.59159938419907 g 14.0210 0.0152 5.8000 14.8633 0.7184  9.8004 10.1053 10.0360
lc_6.0_14.8_0.71 55668.59159938419907 g 13.6403 0.0153 6.0000 14.8633 0.7184  9.7552 10.0613  9.9909
lc_6.2_14.8_0.71 55668.59159938419907 g 13.5224 0.0153 6.2000 14.8633 0.7184  9.7115 10.0188  9.9473
lc_6.4_14.8_0.71 55668.59159938419907 g 13.6027 0.0153 6.4000 14.8633 0.7184  9.6692  9.9776  9.9051
lc_6.6_14.8_0.71 55668.59159938419907 g 13.8548 0.0152 6.6000 14.8633 0.7184  9.6282  9.9377  9.8642
lc_6.8_14.4_0.60 55668.59159938419907 g 13.5130 0.0153 6.8000 14.4854 0.6031  9.1967  9.5142  9.4412
lc_6.8_14.8_0.71 55668.59159938419907 g 14.2196 0.0151 6.8000 14.8633 0.7184  9.5884  9.8990  9.8244
lc_7.2_14.8_0.71 55668.59159938419907 g 13.9743 0.0152 7.2000 14.8633 0.7184  9.5122  9.8249  9.7484
lc_7.6_14.8_0.71 55668.59159938419907 g 14.1949 0.0151 7.6000 14.8633 0.7184  9.4402  9.7548  9.6765
lc_7.8_14.8_0.71 55668.59159938419907 g 13.7101 0.0152 7.8000 14.8633 0.7184  9.4055  9.7211  9.6420
lc_8.4_14.8_0.71 55668.59159938419907 g 13.7804 0.0152 8.4000 14.8633 0.7184  9.3068  9.6251  9.5434
lc_8.6_14.8_0.71 55668.59159938419907 g 13.9987 0.0152 8.6000 14.8633 0.7184  9.2754  9.5946  9.5121
lc_8.8_14.8_0.71 55668.59159938419907 g 14.0257 0.0152 8.8000 14.8633 0.7184  9.2448  9.5648  9.4816
lc_9.0_14.8_0.71 55668.59159938419907 g 13.9266 0.0152 9.0000 14.8633 0.7184  9.2148  9.5356  9.4517
lc_9.2_14.8_0.71 55668.59159938419907 g 13.6548 0.0153 9.2000 14.8633 0.7184  9.1855  9.5071  9.4224
