# Name Epoch Band Mag eMag period DM E(B-V) KMEAN  W1MEAN W2MEAN
0.47713.7_0.72_2 56477.37863663199823 g 13.9552 0.0152 3.0000 13.7832 0.7207 9.7770 9.9882 9.9117
0.47713.7_0.72_2 56477.36815429050330 g 13.9957 0.0152 3.0000 13.7832 0.7207 9.7770 9.9882 9.9117
0.47713.7_0.72_2 55358.42922407569858 g 13.9914 0.0152 3.0000 13.7832 0.7207 9.7770 9.9882 9.9117
0.47714.1_0.72_2 56477.37863663199823 g 14.2191 0.0151 3.0000 14.1336 0.7207 10.1543 10.3129 10.2648
0.47714.1_0.72_2 56477.36815429050330 g 14.2245 0.0151 3.0000 14.1336 0.7207 10.1543 10.3129 10.2648
0.47714.1_0.72_2 55358.42922407569858 g 14.2237 0.0151 3.0000 14.1336 0.7207 10.1543 10.3129 10.2648
0.47714.8_0.72_2 56477.37863663199823 g 14.9961 0.0148 3.0000 14.8932 0.7207 10.8892 11.0949 11.0187
0.47714.8_0.72_2 56477.36815429050330 g 14.9844 0.0149 3.0000 14.8932 0.7207 10.8892 11.0949 11.0187
0.47714.8_0.72_2 55710.55269180500181 g 13.9995 0.0152 3.0000 14.8932 0.7207 10.8892 11.0949 11.0187
0.47714.8_0.72_2 55710.53705099789659 g 14.0099 0.0152 3.0000 14.8932 0.7207 10.8892 11.0949 11.0187
0.47714.8_0.72_2 55358.42922407569858 g 15.0131 0.0148 3.0000 14.8932 0.7207 10.8892 11.0949 11.0187
0.47714.8_0.72_2 56067.55071863390185 g 14.0084 0.0152 3.0000 14.8932 0.7207 10.8892 11.0949 11.0187
0.47714.8_0.72_2 56064.47257601840101 g 14.0442 0.0152 3.0000 14.8932 0.7207 10.8892 11.0949 11.0187
0.47714.8_0.72_2 56489.37035237249802 r 13.8181 0.0013 3.0000 14.8932 0.7207 10.8892 11.0949 11.0187
0.47714.8_0.72_2 56489.36069020070136 r 13.8162 0.0013 3.0000 14.8932 0.7207 10.8892 11.0949 11.0187
0.54413.7_0.72_2 55358.42922407569858 g 13.5578 0.0153 3.5000 13.7832 0.7207 9.5761 9.7949 9.6916
0.54414.1_0.72_2 55358.42922407569858 g 13.9216 0.0152 3.5000 14.1336 0.7207 9.9358 10.1375 10.0661
0.54414.8_0.72_2 56477.37863663199823 g 14.0370 0.0152 3.5000 14.8932 0.7207 10.7119 10.9021 10.8115
0.54414.8_0.72_2 56477.36815429050330 g 14.0264 0.0152 3.5000 14.8932 0.7207 10.7119 10.9021 10.8115
0.54414.8_0.72_2 55710.55269180500181 g 13.8282 0.0152 3.5000 14.8932 0.7207 10.7119 10.9021 10.8115
0.54414.8_0.72_2 55710.53705099789659 g 13.7967 0.0152 3.5000 14.8932 0.7207 10.7119 10.9021 10.8115
0.54414.8_0.72_2 55358.42922407569858 g 14.6783 0.0149 3.5000 14.8932 0.7207 10.7119 10.9021 10.8115
0.54414.8_0.72_2 56067.55071863390185 g 13.8331 0.0152 3.5000 14.8932 0.7207 10.7119 10.9021 10.8115
0.54414.8_0.72_2 56064.47257601840101 g 14.0807 0.0151 3.5000 14.8932 0.7207 10.7119 10.9021 10.8115
0.54414.8_0.72_2 56489.37035237249802 r 13.6281 0.0012 3.5000 14.8932 0.7207 10.7119 10.9021 10.8115
0.54414.8_0.72_2 56489.36069020070136 r 13.6270 0.0012 3.5000 14.8932 0.7207 10.7119 10.9021 10.8115
0.60213.7_0.72_2 56477.37863663199823 g 13.6858 0.0152 4.0000 13.7832 0.7207 9.4146 9.6093 9.5437
0.60213.7_0.72_2 56477.36815429050330 g 13.7326 0.0152 4.0000 13.7832 0.7207 9.4146 9.6093 9.5437
0.60213.7_0.72_2 56064.47257601840101 g 13.5461 0.0153 4.0000 13.7832 0.7207 9.4146 9.6093 9.5437
0.60214.1_0.72_2 56477.37863663199823 g 13.9914 0.0152 4.0000 14.1336 0.7207 9.7575 9.9502 9.8814
0.60214.1_0.72_2 56477.36815429050330 g 13.9994 0.0152 4.0000 14.1336 0.7207 9.7575 9.9502 9.8814
0.60214.1_0.72_2 56067.55071863390185 g 13.5421 0.0153 4.0000 14.1336 0.7207 9.7575 9.9502 9.8814
0.60214.1_0.72_2 56064.47257601840101 g 13.8546 0.0152 4.0000 14.1336 0.7207 9.7575 9.9502 9.8814
0.60214.8_0.72_2 56477.37863663199823 g 14.8475 0.0149 4.0000 14.8932 0.7207 10.5083 10.7157 10.6401
0.60214.8_0.72_2 56477.36815429050330 g 14.8600 0.0149 4.0000 14.8932 0.7207 10.5083 10.7157 10.6401
0.60214.8_0.72_2 55710.55269180500181 g 13.7126 0.0152 4.0000 14.8932 0.7207 10.5083 10.7157 10.6401
0.60214.8_0.72_2 55710.53705099789659 g 13.7427 0.0152 4.0000 14.8932 0.7207 10.5083 10.7157 10.6401
0.60214.8_0.72_2 55358.42922407569858 g 13.7498 0.0152 4.0000 14.8932 0.7207 10.5083 10.7157 10.6401
0.60214.8_0.72_2 56067.55071863390185 g 14.2672 0.0151 4.0000 14.8932 0.7207 10.5083 10.7157 10.6401
0.60214.8_0.72_2 56064.47257601840101 g 14.6676 0.0149 4.0000 14.8932 0.7207 10.5083 10.7157 10.6401
0.60214.8_0.72_2 56489.37035237249802 r 13.6148 0.0012 4.0000 14.8932 0.7207 10.5083 10.7157 10.6401
0.60214.8_0.72_2 55353.53643156809994 r 13.6116 0.0012 4.0000 14.8932 0.7207 10.5083 10.7157 10.6401
0.60214.8_0.72_2 55353.52368616260355 r 13.6090 0.0012 4.0000 14.8932 0.7207 10.5083 10.7157 10.6401
0.60214.8_0.72_2 56489.36069020070136 r 13.6117 0.0012 4.0000 14.8932 0.7207 10.5083 10.7157 10.6401
0.65313.7_0.72_2 55358.42922407569858 g 13.6186 0.0153 4.5000 13.7832 0.7207 9.2373 9.4514 9.3859
0.65313.7_0.72_2 56064.47257601840101 g 13.6163 0.0153 4.5000 13.7832 0.7207 9.2373 9.4514 9.3859
0.65314.1_0.72_2 56477.37863663199823 g 13.7029 0.0152 4.5000 14.1336 0.7207 9.5845 9.7987 9.7170
0.65314.1_0.72_2 56477.36815429050330 g 13.6773 0.0152 4.5000 14.1336 0.7207 9.5845 9.7987 9.7170
0.65314.1_0.72_2 55358.42922407569858 g 13.9700 0.0152 4.5000 14.1336 0.7207 9.5845 9.7987 9.7170
0.65314.1_0.72_2 56067.55071863390185 g 13.5814 0.0153 4.5000 14.1336 0.7207 9.5845 9.7987 9.7170
0.65314.1_0.72_2 56064.47257601840101 g 13.9597 0.0152 4.5000 14.1336 0.7207 9.5845 9.7987 9.7170
0.65314.8_0.72_2 56477.37863663199823 g 14.4290 0.0150 4.5000 14.8932 0.7207 10.3634 10.5779 10.4624
0.65314.8_0.72_2 56477.36815429050330 g 14.4493 0.0150 4.5000 14.8932 0.7207 10.3634 10.5779 10.4624
0.65314.8_0.72_2 55710.55269180500181 g 13.7577 0.0152 4.5000 14.8932 0.7207 10.3634 10.5779 10.4624
0.65314.8_0.72_2 55710.53705099789659 g 13.7362 0.0152 4.5000 14.8932 0.7207 10.3634 10.5779 10.4624
0.65314.8_0.72_2 55358.42922407569858 g 14.6653 0.0149 4.5000 14.8932 0.7207 10.3634 10.5779 10.4624
0.65314.8_0.72_2 56067.55071863390185 g 14.3371 0.0150 4.5000 14.8932 0.7207 10.3634 10.5779 10.4624
0.65314.8_0.72_2 56064.47257601840101 g 14.6728 0.0149 4.5000 14.8932 0.7207 10.3634 10.5779 10.4624
0.69814.1_0.72_2 56477.37863663199823 g 13.5385 0.0153 5.0000 14.1336 0.7207 9.4528 9.6625 9.5557
0.69814.1_0.72_2 56477.36815429050330 g 13.5752 0.0153 5.0000 14.1336 0.7207 9.4528 9.6625 9.5557
0.69814.1_0.72_2 55358.42922407569858 g 13.8258 0.0152 5.0000 14.1336 0.7207 9.4528 9.6625 9.5557
0.69814.1_0.72_2 56067.55071863390185 g 13.6180 0.0153 5.0000 14.1336 0.7207 9.4528 9.6625 9.5557
0.69814.1_0.72_2 56064.47257601840101 g 13.7919 0.0152 5.0000 14.1336 0.7207 9.4528 9.6625 9.5557
0.69814.8_0.72_2 56477.37863663199823 g 14.3128 0.0150 5.0000 14.8932 0.7207 10.2172 10.4343 10.3370
0.69814.8_0.72_2 56477.36815429050330 g 14.2905 0.0151 5.0000 14.8932 0.7207 10.2172 10.4343 10.3370
0.69814.8_0.72_2 55710.55269180500181 g 13.5785 0.0153 5.0000 14.8932 0.7207 10.2172 10.4343 10.3370
0.69814.8_0.72_2 55710.53705099789659 g 13.6329 0.0153 5.0000 14.8932 0.7207 10.2172 10.4343 10.3370
0.69814.8_0.72_2 55358.42922407569858 g 14.5629 0.0150 5.0000 14.8932 0.7207 10.2172 10.4343 10.3370
0.69814.8_0.72_2 56067.55071863390185 g 14.3967 0.0150 5.0000 14.8932 0.7207 10.2172 10.4343 10.3370
0.69814.8_0.72_2 56064.47257601840101 g 14.5472 0.0150 5.0000 14.8932 0.7207 10.2172 10.4343 10.3370
0.74014.8_0.72_2 56477.37863663199823 g 14.2850 0.0151 5.5000 14.8932 0.7207 10.1053 10.3083 10.1921
0.74014.8_0.72_2 56477.36815429050330 g 14.2584 0.0151 5.5000 14.8932 0.7207 10.1053 10.3083 10.1921
0.74014.8_0.72_2 55710.55269180500181 g 13.5618 0.0153 5.5000 14.8932 0.7207 10.1053 10.3083 10.1921
0.74014.8_0.72_2 55710.53705099789659 g 13.5530 0.0153 5.5000 14.8932 0.7207 10.1053 10.3083 10.1921
0.74014.8_0.72_2 55358.42922407569858 g 13.5444 0.0153 5.5000 14.8932 0.7207 10.1053 10.3083 10.1921
0.74014.8_0.72_2 56067.55071863390185 g 13.8220 0.0152 5.5000 14.8932 0.7207 10.1053 10.3083 10.1921
0.74014.8_0.72_2 56064.47257601840101 g 14.1478 0.0151 5.5000 14.8932 0.7207 10.1053 10.3083 10.1921
0.77814.1_0.72_2 56477.37863663199823 g 13.5371 0.0153 6.0000 14.1336 0.7207 9.2075 9.4327 9.3389
0.77814.1_0.72_2 56477.36815429050330 g 13.5685 0.0153 6.0000 14.1336 0.7207 9.2075 9.4327 9.3389
0.77814.1_0.72_2 56067.55071863390185 g 13.5723 0.0153 6.0000 14.1336 0.7207 9.2075 9.4327 9.3389
0.77814.8_0.72_2 56477.37863663199823 g 14.2385 0.0151 6.0000 14.8932 0.7207 9.9854 10.1896 10.0917
0.77814.8_0.72_2 56477.36815429050330 g 14.2641 0.0151 6.0000 14.8932 0.7207 9.9854 10.1896 10.0917
0.77814.8_0.72_2 55710.55269180500181 g 13.5576 0.0153 6.0000 14.8932 0.7207 9.9854 10.1896 10.0917
0.77814.8_0.72_2 55710.53705099789659 g 13.5685 0.0153 6.0000 14.8932 0.7207 9.9854 10.1896 10.0917
0.77814.8_0.72_2 55358.42922407569858 g 14.0614 0.0151 6.0000 14.8932 0.7207 9.9854 10.1896 10.0917
0.77814.8_0.72_2 56067.55071863390185 g 14.3048 0.0151 6.0000 14.8932 0.7207 9.9854 10.1896 10.0917
0.77814.8_0.72_2 56064.47257601840101 g 13.5396 0.0153 6.0000 14.8932 0.7207 9.9854 10.1896 10.0917
0.81214.8_0.72_2 56477.36815429050330 g 13.5162 0.0153 6.5000 14.8932 0.7207 9.8778 10.0826 9.9872
0.81214.8_0.72_2 55358.42922407569858 g 14.1201 0.0151 6.5000 14.8932 0.7207 9.8778 10.0826 9.9872
0.81214.8_0.72_2 56067.55071863390185 g 13.6572 0.0152 6.5000 14.8932 0.7207 9.8778 10.0826 9.9872
0.81214.8_0.72_2 56064.47257601840101 g 14.1731 0.0151 6.5000 14.8932 0.7207 9.8778 10.0826 9.9872
0.84514.1_0.72_2 56477.37863663199823 g 13.5055 0.0153 7.0000 14.1336 0.7207 8.9952 9.2563 9.1360
0.84514.1_0.72_2 55358.42922407569858 g 13.6122 0.0153 7.0000 14.1336 0.7207 8.9952 9.2563 9.1360
0.84514.8_0.72_2 56477.37863663199823 g 14.2483 0.0151 7.0000 14.8932 0.7207 9.7608 9.9771 9.8999
0.84514.8_0.72_2 56477.36815429050330 g 14.2210 0.0151 7.0000 14.8932 0.7207 9.7608 9.9771 9.8999
0.84514.8_0.72_2 55358.42922407569858 g 14.3778 0.0150 7.0000 14.8932 0.7207 9.7608 9.9771 9.8999
0.84514.8_0.72_2 56064.47257601840101 g 14.2472 0.0151 7.0000 14.8932 0.7207 9.7608 9.9771 9.8999
0.87514.1_0.72_2 56067.55071863390185 g 13.5137 0.0153 7.5000 14.1336 0.7207 8.9212 9.1399 9.0391
0.87514.8_0.72_2 56477.37863663199823 g 13.7205 0.0152 7.5000 14.8932 0.7207 9.6754 9.9029 9.8053
0.87514.8_0.72_2 56477.36815429050330 g 13.6983 0.0152 7.5000 14.8932 0.7207 9.6754 9.9029 9.8053
0.87514.8_0.72_2 56067.55071863390185 g 14.2945 0.0151 7.5000 14.8932 0.7207 9.6754 9.9029 9.8053
0.87514.8_0.72_2 56064.47257601840101 g 13.6363 0.0153 7.5000 14.8932 0.7207 9.6754 9.9029 9.8053
0.90314.8_0.72_2 56477.37863663199823 g 13.8276 0.0152 8.0000 14.8932 0.7207 9.6050 9.8176 9.7124
0.90314.8_0.72_2 56477.36815429050330 g 13.8501 0.0152 8.0000 14.8932 0.7207 9.6050 9.8176 9.7124
0.90314.8_0.72_2 56067.55071863390185 g 14.3342 0.0150 8.0000 14.8932 0.7207 9.6050 9.8176 9.7124
0.90314.8_0.72_2 56064.47257601840101 g 13.6089 0.0153 8.0000 14.8932 0.7207 9.6050 9.8176 9.7124
0.92914.8_0.72_2 56477.37863663199823 g 13.6385 0.0153 8.5000 14.8932 0.7207 9.4957 9.7402 9.6158
0.92914.8_0.72_2 56477.36815429050330 g 13.6404 0.0153 8.5000 14.8932 0.7207 9.4957 9.7402 9.6158
0.92914.8_0.72_2 55358.42922407569858 g 14.0409 0.0152 8.5000 14.8932 0.7207 9.4957 9.7402 9.6158
0.92914.8_0.72_2 56064.47257601840101 g 14.0734 0.0151 8.5000 14.8932 0.7207 9.4957 9.7402 9.6158
0.95414.8_0.72_2 56477.37863663199823 g 13.5311 0.0153 9.0000 14.8932 0.7207 9.4554 9.6473 9.5563
0.95414.8_0.72_2 56477.36815429050330 g 13.5371 0.0153 9.0000 14.8932 0.7207 9.4554 9.6473 9.5563
0.95414.8_0.72_2 55358.42922407569858 g 13.6536 0.0153 9.0000 14.8932 0.7207 9.4554 9.6473 9.5563
0.95414.8_0.72_2 56067.55071863390185 g 14.1671 0.0151 9.0000 14.8932 0.7207 9.4554 9.6473 9.5563
0.95414.8_0.72_2 56064.47257601840101 g 13.6725 0.0152 9.0000 14.8932 0.7207 9.4554 9.6473 9.5563
0.97714.8_0.72_2 56477.37863663199823 g 14.0937 0.0151 9.5000 14.8932 0.7207 9.3554 9.5954 9.4796
0.97714.8_0.72_2 56477.36815429050330 g 14.0923 0.0151 9.5000 14.8932 0.7207 9.3554 9.5954 9.4796
0.97714.8_0.72_2 56067.55071863390185 g 14.0771 0.0151 9.5000 14.8932 0.7207 9.3554 9.5954 9.4796
1.04114.8_0.72_2 56477.37863663199823 g 13.9026 0.0152 11.0000 14.8932 0.7207 9.1634 9.3892 9.2940
1.04114.8_0.72_2 56477.36815429050330 g 13.8618 0.0152 11.0000 14.8932 0.7207 9.1634 9.3892 9.2940
1.04114.8_0.72_2 56067.55071863390185 g 14.0709 0.0151 11.0000 14.8932 0.7207 9.1634 9.3892 9.2940
1.06014.8_0.72_2 56477.37863663199823 g 13.9494 0.0152 11.5000 14.8932 0.7207 9.1065 9.3507 9.2385
1.06014.8_0.72_2 56477.36815429050330 g 13.9360 0.0152 11.5000 14.8932 0.7207 9.1065 9.3507 9.2385
1.06014.8_0.72_2 55358.42922407569858 g 13.8193 0.0152 11.5000 14.8932 0.7207 9.1065 9.3507 9.2385
1.06014.8_0.72_2 56064.47257601840101 g 13.5883 0.0153 11.5000 14.8932 0.7207 9.1065 9.3507 9.2385
1.07914.8_0.72_2 55358.42922407569858 g 14.0584 0.0151 12.0000 14.8932 0.7207 9.0589 9.3036 9.1806
1.07914.8_0.72_2 56067.55071863390185 g 13.6715 0.0152 12.0000 14.8932 0.7207 9.0589 9.3036 9.1806
1.07914.8_0.72_2 56064.47257601840101 g 14.1308 0.0151 12.0000 14.8932 0.7207 9.0589 9.3036 9.1806
1.09614.8_0.72_2 56477.37863663199823 g 13.6549 0.0153 12.5000 14.8932 0.7207 8.9849 9.2298 9.1199
1.09614.8_0.72_2 56477.36815429050330 g 13.6464 0.0153 12.5000 14.8932 0.7207 8.9849 9.2298 9.1199
1.09614.8_0.72_2 56067.55071863390185 g 14.0185 0.0152 12.5000 14.8932 0.7207 8.9849 9.2298 9.1199
1.09614.8_0.72_2 56064.47257601840101 g 13.5424 0.0153 12.5000 14.8932 0.7207 8.9849 9.2298 9.1199
1.11314.8_0.72_2 56067.55071863390185 g 13.9173 0.0152 13.0000 14.8932 0.7207 8.9487 9.1910 9.0629
1.13014.8_0.72_2 56067.55071863390185 g 13.8429 0.0152 13.5000 14.8932 0.7207 8.8890 9.1509 9.0019
1.14614.8_0.72_2 56477.37863663199823 g 13.5922 0.0153 14.0000 14.8932 0.7207 8.8536 9.0817 8.9564
1.14614.8_0.72_2 56477.36815429050330 g 13.6055 0.0153 14.0000 14.8932 0.7207 8.8536 9.0817 8.9564
1.14614.8_0.72_2 56067.55071863390185 g 13.7735 0.0152 14.0000 14.8932 0.7207 8.8536 9.0817 8.9564
1.16114.8_0.72_2 55358.42922407569858 g 13.8310 0.0152 14.5000 14.8932 0.7207 8.7962 9.0676 8.9332
1.16114.8_0.72_2 56067.55071863390185 g 13.9589 0.0152 14.5000 14.8932 0.7207 8.7962 9.0676 8.9332
1.16114.8_0.72_2 56064.47257601840101 g 13.5430 0.0153 14.5000 14.8932 0.7207 8.7962 9.0676 8.9332
1.17614.8_0.72_2 55358.42922407569858 g 13.8835 0.0152 15.0000 14.8932 0.7207 8.7570 8.9862 8.8915
1.17614.8_0.72_2 56064.47257601840101 g 14.0805 0.0151 15.0000 14.8932 0.7207 8.7570 8.9862 8.8915
1.19014.8_0.72_2 56477.37863663199823 g 13.6988 0.0152 15.5000 14.8932 0.7207 8.6984 8.9527 8.8399
1.19014.8_0.72_2 56477.36815429050330 g 13.6973 0.0152 15.5000 14.8932 0.7207 8.6984 8.9527 8.8399
1.21714.8_0.72_2 56477.37863663199823 g 13.6903 0.0152 16.5000 14.8932 0.7207 8.6216 8.8656 8.7465
1.21714.8_0.72_2 56477.36815429050330 g 13.7240 0.0152 16.5000 14.8932 0.7207 8.6216 8.8656 8.7465
1.21714.8_0.72_2 55358.42922407569858 g 13.9911 0.0152 16.5000 14.8932 0.7207 8.6216 8.8656 8.7465
1.21714.8_0.72_2 56067.55071863390185 g 13.9855 0.0152 16.5000 14.8932 0.7207 8.6216 8.8656 8.7465
1.21714.8_0.72_2 56064.47257601840101 g 13.6401 0.0153 16.5000 14.8932 0.7207 8.6216 8.8656 8.7465
1.23014.8_0.72_2 56064.47257601840101 g 13.5201 0.0153 17.0000 14.8932 0.7207 8.5966 8.8307 8.6952
1.25514.8_0.72_2 56477.37863663199823 g 13.7137 0.0152 18.0000 14.8932 0.7207 8.5266 8.7736 8.6239
1.25514.8_0.72_2 56477.36815429050330 g 13.7323 0.0152 18.0000 14.8932 0.7207 8.5266 8.7736 8.6239
1.25514.8_0.72_2 56064.47257601840101 g 13.7093 0.0152 18.0000 14.8932 0.7207 8.5266 8.7736 8.6239
1.26714.8_0.72_2 56477.37863663199823 g 13.5314 0.0153 18.5000 14.8932 0.7207 8.5038 8.7365 8.5911
1.26714.8_0.72_2 56477.36815429050330 g 13.5237 0.0153 18.5000 14.8932 0.7207 8.5038 8.7365 8.5911
1.27814.8_0.72_2 56064.47257601840101 g 13.6650 0.0152 19.0000 14.8932 0.7207 8.4415 8.6845 8.5609
1.30114.8_0.72_2 56064.47257601840101 g 13.9241 0.0152 20.0000 14.8932 0.7207 8.3689 8.6261 8.5056
1.33214.8_0.72_2 56477.37863663199823 g 13.7165 0.0152 21.5000 14.8932 0.7207 8.2773 8.5259 8.3943
1.33214.8_0.72_2 56477.36815429050330 g 13.6890 0.0152 21.5000 14.8932 0.7207 8.2773 8.5259 8.3943
1.33214.8_0.72_2 55358.42922407569858 g 13.7080 0.0152 21.5000 14.8932 0.7207 8.2773 8.5259 8.3943
1.33214.8_0.72_2 56067.55071863390185 g 13.6928 0.0152 21.5000 14.8932 0.7207 8.2773 8.5259 8.3943
1.37114.8_0.72_2 56477.37863663199823 g 13.5012 0.0153 23.5000 14.8932 0.7207 8.1552 8.4107 8.2737
1.37114.8_0.72_2 56477.36815429050330 g 13.5203 0.0153 23.5000 14.8932 0.7207 8.1552 8.4107 8.2737
1.38914.8_0.72_2 55358.42922407569858 g 13.5037 0.0153 24.5000 14.8932 0.7207 8.1126 8.3594 8.2160
1.39714.8_0.72_2 56477.37863663199823 g 13.5439 0.0153 25.0000 14.8932 0.7207 8.0767 8.3362 8.1944
1.39714.8_0.72_2 56477.36815429050330 g 13.5478 0.0153 25.0000 14.8932 0.7207 8.0767 8.3362 8.1944
1.42314.8_0.72_2 55358.42922407569858 g 13.6036 0.0153 26.5000 14.8932 0.7207 7.9933 8.2577 8.1165
