# Name Epoch Band Mag eMag period DM E(B-V) KMEAN  W1MEAN W2MEAN
0.47714.9_0.27_1 56455.50310488919786 g 13.6382 0.0153 3.0000 14.9847 0.2706 10.8164 11.0828 10.9346
0.47714.9_0.27_1 56455.50909898799728 g 13.6306 0.0153 3.0000 14.9847 0.2706 10.8164 11.0828 10.9346
0.47715.4_0.27_1 55362.52300459550315 g 13.8063 0.0152 3.0000 15.4828 0.2706 11.3123 11.5621 11.4162
0.47715.4_0.27_1 55389.41923784199753 g 13.7898 0.0152 3.0000 15.4828 0.2706 11.3123 11.5621 11.4162
0.47715.4_0.27_1 55389.43128160380002 g 13.7599 0.0152 3.0000 15.4828 0.2706 11.3123 11.5621 11.4162
0.47715.4_0.27_1 56455.50310488919786 g 14.1432 0.0151 3.0000 15.4828 0.2706 11.3123 11.5621 11.4162
0.47715.4_0.27_1 56455.50909898799728 g 14.1215 0.0151 3.0000 15.4828 0.2706 11.3123 11.5621 11.4162
0.47715.4_0.27_1 56457.54031506789761 g 13.8208 0.0152 3.0000 15.4828 0.2706 11.3123 11.5621 11.4162
0.47715.4_0.27_1 56457.52983403619874 g 13.7981 0.0152 3.0000 15.4828 0.2706 11.3123 11.5621 11.4162
0.47715.4_0.27_1 55362.51180082430074 g 13.8257 0.0152 3.0000 15.4828 0.2706 11.3123 11.5621 11.4162
0.54414.9_0.27_1 56455.50310488919786 g 13.5162 0.0153 3.5000 14.9847 0.2706 10.6223 10.8512 10.7045
0.54415.4_0.27_1 55362.52300459550315 g 13.8021 0.0152 3.5000 15.4828 0.2706 11.0963 11.3522 11.2292
0.54415.4_0.27_1 55751.47112829940306 g 13.9341 0.0152 3.5000 15.4828 0.2706 11.0963 11.3522 11.2292
0.54415.4_0.27_1 56455.50310488919786 g 13.9814 0.0152 3.5000 15.4828 0.2706 11.0963 11.3522 11.2292
0.54415.4_0.27_1 56455.50909898799728 g 13.9841 0.0152 3.5000 15.4828 0.2706 11.0963 11.3522 11.2292
0.54415.4_0.27_1 55751.48074012909638 g 13.9470 0.0152 3.5000 15.4828 0.2706 11.0963 11.3522 11.2292
0.54415.4_0.27_1 56457.54031506789761 g 13.6199 0.0153 3.5000 15.4828 0.2706 11.0963 11.3522 11.2292
0.54415.4_0.27_1 56457.52983403619874 g 13.5980 0.0153 3.5000 15.4828 0.2706 11.0963 11.3522 11.2292
0.54415.4_0.27_1 55362.51180082430074 g 13.8223 0.0152 3.5000 15.4828 0.2706 11.0963 11.3522 11.2292
0.60215.4_0.27_1 55389.41923784199753 g 13.8957 0.0152 4.0000 15.4828 0.2706 10.9596 11.1609 11.0180
0.60215.4_0.27_1 55389.43128160380002 g 13.8600 0.0152 4.0000 15.4828 0.2706 10.9596 11.1609 11.0180
0.60215.4_0.27_1 56457.54031506789761 g 13.8426 0.0152 4.0000 15.4828 0.2706 10.9596 11.1609 11.0180
0.60215.4_0.27_1 56457.52983403619874 g 13.8344 0.0152 4.0000 15.4828 0.2706 10.9596 11.1609 11.0180
0.65315.4_0.27_1 55362.52300459550315 g 13.7150 0.0152 4.5000 15.4828 0.2706 10.8006 10.9679 10.8566
0.65315.4_0.27_1 55389.41923784199753 g 13.7151 0.0152 4.5000 15.4828 0.2706 10.8006 10.9679 10.8566
0.65315.4_0.27_1 55389.43128160380002 g 13.7119 0.0152 4.5000 15.4828 0.2706 10.8006 10.9679 10.8566
0.65315.4_0.27_1 56455.50310488919786 g 13.6156 0.0153 4.5000 15.4828 0.2706 10.8006 10.9679 10.8566
0.65315.4_0.27_1 56455.50909898799728 g 13.6410 0.0153 4.5000 15.4828 0.2706 10.8006 10.9679 10.8566
0.65315.4_0.27_1 55362.51180082430074 g 13.7241 0.0152 4.5000 15.4828 0.2706 10.8006 10.9679 10.8566
0.69815.4_0.27_1 55751.47112829940306 g 13.5852 0.0153 5.0000 15.4828 0.2706 10.6474 10.8142 10.7349
0.69815.4_0.27_1 56455.50310488919786 g 13.6497 0.0153 5.0000 15.4828 0.2706 10.6474 10.8142 10.7349
0.69815.4_0.27_1 56455.50909898799728 g 13.6739 0.0152 5.0000 15.4828 0.2706 10.6474 10.8142 10.7349
0.69815.4_0.27_1 55751.48074012909638 g 13.6012 0.0153 5.0000 15.4828 0.2706 10.6474 10.8142 10.7349
0.74015.4_0.27_1 55751.47112829940306 g 13.6402 0.0153 5.5000 15.4828 0.2706 10.5148 10.6926 10.5961
0.74015.4_0.27_1 56455.50310488919786 g 13.6661 0.0152 5.5000 15.4828 0.2706 10.5148 10.6926 10.5961
0.74015.4_0.27_1 56455.50909898799728 g 13.6388 0.0153 5.5000 15.4828 0.2706 10.5148 10.6926 10.5961
0.74015.4_0.27_1 55751.48074012909638 g 13.6476 0.0153 5.5000 15.4828 0.2706 10.5148 10.6926 10.5961
0.77815.4_0.27_1 55362.52300459550315 g 13.5710 0.0153 6.0000 15.4828 0.2706 10.4020 10.5526 10.4747
0.77815.4_0.27_1 55362.51180082430074 g 13.6103 0.0153 6.0000 15.4828 0.2706 10.4020 10.5526 10.4747
0.81215.4_0.27_1 55389.41923784199753 g 13.5116 0.0153 6.5000 15.4828 0.2706 10.2999 10.4544 10.3467
0.81215.4_0.27_1 55389.43128160380002 g 13.5147 0.0153 6.5000 15.4828 0.2706 10.2999 10.4544 10.3467
0.81215.4_0.27_1 56455.50310488919786 g 13.5404 0.0153 6.5000 15.4828 0.2706 10.2999 10.4544 10.3467
0.81215.4_0.27_1 56455.50909898799728 g 13.5151 0.0153 6.5000 15.4828 0.2706 10.2999 10.4544 10.3467
1.1769.31_0.12_1 55367.43008595990250 r 16.2470 0.0046 15.0000  9.3166 0.1259 2.9546 3.0596 3.0075
1.2179.31_0.12_1 55742.48840854079754 r 18.3339 0.0183 16.5000  9.3166 0.1259 2.8085 2.9289 2.8629
1.2439.31_0.12_1 56092.51084739850194 r 16.0212 0.0040 17.5000  9.3166 0.1259 2.7344 2.8435 2.7955
1.2439.31_0.12_1 55742.48840854079754 r 20.6213 0.1020 17.5000  9.3166 0.1259 2.7344 2.8435 2.7955
1.3019.31_0.12_1 56463.50966883230285 r 20.8638 0.1234 20.0000  9.3166 0.1259 2.5761 2.6338 2.5909
1.3229.31_0.12_1 55367.44114172959962 r 13.7825 0.0013 21.0000  9.3166 0.1259 2.5067 2.5812 2.5399
1.3329.31_0.12_1 55742.48840854079754 r 14.9549 0.0022 21.5000  9.3166 0.1259 2.4564 2.5488 2.4884
1.3329.31_0.12_1 56455.55393630090111 r 17.1327 0.0080 21.5000  9.3166 0.1259 2.4564 2.5488 2.4884
1.3619.31_0.12_1 56455.55393630090111 r 21.2051 0.1618 23.0000  9.3166 0.1259 2.3776 2.4301 2.4074
1.3719.31_0.12_1 55367.44114172959962 r 13.8075 0.0013 23.5000  9.3166 0.1259 2.3868 2.3963 2.3757
1.3719.31_0.12_1 55742.47864454609953 r 17.7091 0.0118 23.5000  9.3166 0.1259 2.3868 2.3963 2.3757
1.4069.31_0.12_1 55367.43008595990250 r 19.7392 0.0516 25.5000  9.3166 0.1259 2.2465 2.3061 2.2707
1.4069.31_0.12_1 56463.50966883230285 r 17.1184 0.0080 25.5000  9.3166 0.1259 2.2465 2.3061 2.2707
1.4069.31_0.12_1 56455.55393630090111 r 14.6979 0.0019 25.5000  9.3166 0.1259 2.2465 2.3061 2.2707
1.4149.31_0.12_1 55751.38108828519762 r 17.0862 0.0078 26.0000  9.3166 0.1259 2.2097 2.2689 2.2257
1.4149.31_0.12_1 55751.39024186220195 r 19.6109 0.0468 26.0000  9.3166 0.1259 2.2097 2.2689 2.2257
1.4239.31_0.12_1 56092.51084739850194 r 19.1284 0.0326 26.5000  9.3166 0.1259 2.1877 2.2183 2.2069
1.4239.31_0.12_1 56463.49977130220213 r 20.1014 0.0681 26.5000  9.3166 0.1259 2.1877 2.2183 2.2069
1.4479.31_0.12_1 55742.48840854079754 r 19.9186 0.0592 28.0000  9.3166 0.1259 2.1260 2.1732 2.1190
1.4479.31_0.12_1 55751.39024186220195 r 15.6644 0.0032 28.0000  9.3166 0.1259 2.1260 2.1732 2.1190
1.4699.31_0.12_1 56455.55393630090111 r 20.8097 0.1182 29.5000  9.3166 0.1259 2.0420 2.0917 2.0501
1.4699.31_0.12_1 56455.54414857050142 r 21.7137 0.2433 29.5000  9.3166 0.1259 2.0420 2.0917 2.0501
