# Name Epoch Band Mag eMag period DM E(B-V) KMEAN  W1MEAN W2MEAN
0.47713.9_0.54_0 56455.47585775570042 g 13.5006 0.0153 3.0000 13.9514 0.5493 9.8771 10.1055  9.9414
0.47714.6_0.54_0 56455.47585775570042 g 14.1819 0.0151 3.0000 14.6240 0.5493 10.5716 10.7687 10.6225
0.47714.6_0.54_0 56455.46561881229718 g 14.1573 0.0151 3.0000 14.6240 0.5493 10.5716 10.7687 10.6225
0.47714.6_0.54_0 55743.36213151460106 g 13.8681 0.0152 3.0000 14.6240 0.5493 10.5716 10.7687 10.6225
0.47714.6_0.54_0 55743.35182659140264 g 13.8861 0.0152 3.0000 14.6240 0.5493 10.5716 10.7687 10.6225
0.54414.6_0.54_0 56455.47585775570042 g 14.0335 0.0152 3.5000 14.6240 0.5493 10.3609 10.5379 10.3949
0.54414.6_0.54_0 56455.46561881229718 g 13.9959 0.0152 3.5000 14.6240 0.5493 10.3609 10.5379 10.3949
0.54414.6_0.54_0 56447.46954238590115 g 13.7024 0.0152 3.5000 14.6240 0.5493 10.3609 10.5379 10.3949
0.54414.6_0.54_0 56447.45990034849819 g 13.7278 0.0152 3.5000 14.6240 0.5493 10.3609 10.5379 10.3949
0.60214.6_0.54_0 56455.47585775570042 g 13.5539 0.0153 4.0000 14.6240 0.5493 10.1761 10.3509 10.2054
0.60214.6_0.54_0 56455.46561881229718 g 13.5617 0.0153 4.0000 14.6240 0.5493 10.1761 10.3509 10.2054
0.60214.6_0.54_0 56447.46954238590115 g 13.5538 0.0153 4.0000 14.6240 0.5493 10.1761 10.3509 10.2054
0.60214.6_0.54_0 56447.45990034849819 g 13.5427 0.0153 4.0000 14.6240 0.5493 10.1761 10.3509 10.2054
0.60214.6_0.54_0 56093.44016309239669 g 13.8669 0.0152 4.0000 14.6240 0.5493 10.1761 10.3509 10.2054
0.60214.6_0.54_0 56093.45006181450299 g 13.8612 0.0152 4.0000 14.6240 0.5493 10.1761 10.3509 10.2054
0.65314.6_0.54_0 56447.46954238590115 g 13.5756 0.0153 4.5000 14.6240 0.5493 9.9978 10.1874 10.0469
0.65314.6_0.54_0 56447.45990034849819 g 13.5592 0.0153 4.5000 14.6240 0.5493 9.9978 10.1874 10.0469
0.65314.6_0.54_0 55358.43050061859685 g 13.5690 0.0153 4.5000 14.6240 0.5493 9.9978 10.1874 10.0469
0.65314.6_0.54_0 55358.41833728169877 g 13.5411 0.0153 4.5000 14.6240 0.5493 9.9978 10.1874 10.0469
0.65314.6_0.54_0 56093.44016309239669 g 13.8592 0.0152 4.5000 14.6240 0.5493 9.9978 10.1874 10.0469
0.65314.6_0.54_0 56093.45006181450299 g 13.8656 0.0152 4.5000 14.6240 0.5493 9.9978 10.1874 10.0469
0.69814.6_0.54_0 56455.47585775570042 g 13.7646 0.0152 5.0000 14.6240 0.5493 9.8901 10.0484  9.9072
0.69814.6_0.54_0 56455.46561881229718 g 13.7453 0.0152 5.0000 14.6240 0.5493 9.8901 10.0484  9.9072
0.74014.6_0.54_0 56455.47585775570042 g 13.6564 0.0152 5.5000 14.6240 0.5493 9.7762 9.8802 9.7519
0.74014.6_0.54_0 56455.46561881229718 g 13.6824 0.0152 5.5000 14.6240 0.5493 9.7762 9.8802 9.7519
0.77814.6_0.54_0 56447.46954238590115 g 13.5190 0.0153 6.0000 14.6240 0.5493 9.6514 9.7556 9.6437
0.77814.6_0.54_0 56447.45990034849819 g 13.5412 0.0153 6.0000 14.6240 0.5493 9.6514 9.7556 9.6437
0.77814.6_0.54_0 56093.44016309239669 g 13.5169 0.0153 6.0000 14.6240 0.5493 9.6514 9.7556 9.6437
0.77814.6_0.54_0 56093.45006181450299 g 13.5183 0.0153 6.0000 14.6240 0.5493 9.6514 9.7556 9.6437
0.81214.6_0.54_0 55358.43050061859685 g 13.5851 0.0153 6.5000 14.6240 0.5493 9.5497 9.6445 9.5509
0.81214.6_0.54_0 55358.41833728169877 g 13.6079 0.0153 6.5000 14.6240 0.5493 9.5497 9.6445 9.5509
1.4549.03_0.47_0 56087.42242452919891 r 15.6943 0.0033 28.5000  9.0309 0.4716 1.9400 1.9135 1.8565
1.4549.03_0.47_0 55745.36385779549892 r 21.8300 0.2673 28.5000  9.0309 0.4716 1.9400 1.9135 1.8565
1.4629.03_0.47_0 55745.37400565340067 r 16.2862 0.0047 29.0000  9.0309 0.4716 1.9214 1.8930 1.8363
