# Name Epoch Band Mag eMag period DM E(B-V) KMEAN  W1MEAN W2MEAN
lc_3.0_14.4_0.43 55722.52134439530346 g 13.5785 0.0153 3.0000 14.4521 0.4345 10.2340 10.5317 10.4885
lc_3.0_14.4_0.43 55722.51018681179994 g 13.5875 0.0153 3.0000 14.4521 0.4345 10.2340 10.5317 10.4885
lc_3.0_14.4_0.43 55389.41457611839724 g 13.5795 0.0153 3.0000 14.4521 0.4345 10.2340 10.5317 10.4885
lc_3.0_14.4_0.43 55389.42653004160093 g 13.5726 0.0153 3.0000 14.4521 0.4345 10.2340 10.5317 10.4885
lc_3.0_14.6_0.43 55007.48767702649639 g 13.5019 0.0153 3.0000 14.6750 0.4345 10.4569 10.7547 10.7114
lc_3.0_14.6_0.43 55007.47962270859716 g 13.5326 0.0153 3.0000 14.6750 0.4345 10.4569 10.7547 10.7114
lc_3.0_14.6_0.43 55722.52134439530346 g 13.7923 0.0152 3.0000 14.6750 0.4345 10.4569 10.7547 10.7114
lc_3.0_14.6_0.43 55722.51018681179994 g 13.7984 0.0152 3.0000 14.6750 0.4345 10.4569 10.7547 10.7114
lc_3.0_14.6_0.43 55389.41457611839724 g 13.7916 0.0152 3.0000 14.6750 0.4345 10.4569 10.7547 10.7114
lc_3.0_14.6_0.43 55389.42653004160093 g 13.7825 0.0152 3.0000 14.6750 0.4345 10.4569 10.7547 10.7114
lc_3.0_14.9_0.43 56150.33056826749817 g 13.7182 0.0152 3.0000 14.9450 0.4345 10.7269 11.0247 10.9814
lc_3.0_14.9_0.43 56150.34261709650309 g 13.7232 0.0152 3.0000 14.9450 0.4345 10.7269 11.0247 10.9814
lc_3.0_14.9_0.43 55007.48767702649639 g 13.8174 0.0152 3.0000 14.9450 0.4345 10.7269 11.0247 10.9814
lc_3.0_14.9_0.43 55007.47962270859716 g 13.8053 0.0152 3.0000 14.9450 0.4345 10.7269 11.0247 10.9814
lc_3.0_14.9_0.43 55722.52134439530346 g 14.0708 0.0151 3.0000 14.9450 0.4345 10.7269 11.0247 10.9814
lc_3.0_14.9_0.43 55722.51018681179994 g 14.0856 0.0151 3.0000 14.9450 0.4345 10.7269 11.0247 10.9814
lc_3.0_14.9_0.43 55389.41457611839724 g 14.0492 0.0151 3.0000 14.9450 0.4345 10.7269 11.0247 10.9814
lc_3.0_14.9_0.43 55389.42653004160093 g 14.0932 0.0151 3.0000 14.9450 0.4345 10.7269 11.0247 10.9814
lc_3.0_15.2_0.43 56150.33056826749817 g 13.9920 0.0152 3.0000 15.2364 0.4345 11.0182 11.3160 11.2727
lc_3.0_15.2_0.43 56150.34261709650309 g 14.0024 0.0152 3.0000 15.2364 0.4345 11.0182 11.3160 11.2727
lc_3.0_15.2_0.43 55007.48767702649639 g 14.0685 0.0151 3.0000 15.2364 0.4345 11.0182 11.3160 11.2727
lc_3.0_15.2_0.43 55007.47962270859716 g 14.0697 0.0151 3.0000 15.2364 0.4345 11.0182 11.3160 11.2727
lc_3.0_15.2_0.43 55722.52134439530346 g 14.3635 0.0150 3.0000 15.2364 0.4345 11.0182 11.3160 11.2727
lc_3.0_15.2_0.43 55722.51018681179994 g 14.3397 0.0150 3.0000 15.2364 0.4345 11.0182 11.3160 11.2727
lc_3.0_15.2_0.43 55389.41457611839724 g 14.3423 0.0150 3.0000 15.2364 0.4345 11.0182 11.3160 11.2727
lc_3.0_15.2_0.43 55389.42653004160093 g 14.3570 0.0150 3.0000 15.2364 0.4345 11.0182 11.3160 11.2727
lc_3.5_14.6_0.43 55363.46411597089900 g 13.6275 0.0153 3.5000 14.6750 0.4345 10.2514 10.5548 10.5064
lc_3.5_14.6_0.43 55363.45294446589833 g 13.6176 0.0153 3.5000 14.6750 0.4345 10.2514 10.5548 10.5064
lc_3.5_14.9_0.43 56150.33056826749817 g 13.6996 0.0152 3.5000 14.9450 0.4345 10.5215 10.8248 10.7764
lc_3.5_14.9_0.43 56150.34261709650309 g 13.7245 0.0152 3.5000 14.9450 0.4345 10.5215 10.8248 10.7764
lc_3.5_14.9_0.43 56482.38608647599904 g 13.5077 0.0153 3.5000 14.9450 0.4345 10.5215 10.8248 10.7764
lc_3.5_14.9_0.43 56482.37621455820045 g 13.5263 0.0153 3.5000 14.9450 0.4345 10.5215 10.8248 10.7764
lc_3.5_14.9_0.43 55363.46411597089900 g 13.9088 0.0152 3.5000 14.9450 0.4345 10.5215 10.8248 10.7764
lc_3.5_14.9_0.43 55363.45294446589833 g 13.8875 0.0152 3.5000 14.9450 0.4345 10.5215 10.8248 10.7764
lc_3.5_14.9_0.43 56479.42150584550109 g 13.7544 0.0152 3.5000 14.9450 0.4345 10.5215 10.8248 10.7764
lc_3.5_15.2_0.43 56150.33056826749817 g 14.0272 0.0152 3.5000 15.2364 0.4345 10.8128 11.1161 11.0677
lc_3.5_15.2_0.43 56150.34261709650309 g 14.0159 0.0152 3.5000 15.2364 0.4345 10.8128 11.1161 11.0677
lc_3.5_15.2_0.43 56482.38608647599904 g 13.8020 0.0152 3.5000 15.2364 0.4345 10.8128 11.1161 11.0677
lc_3.5_15.2_0.43 56482.37621455820045 g 13.8226 0.0152 3.5000 15.2364 0.4345 10.8128 11.1161 11.0677
lc_3.5_15.2_0.43 55007.48767702649639 g 13.6551 0.0153 3.5000 15.2364 0.4345 10.8128 11.1161 11.0677
lc_3.5_15.2_0.43 55007.47962270859716 g 13.6885 0.0152 3.5000 15.2364 0.4345 10.8128 11.1161 11.0677
lc_3.5_15.2_0.43 55363.46411597089900 g 14.1893 0.0151 3.5000 15.2364 0.4345 10.8128 11.1161 11.0677
lc_3.5_15.2_0.43 55363.45294446589833 g 14.1743 0.0151 3.5000 15.2364 0.4345 10.8128 11.1161 11.0677
lc_3.5_15.2_0.43 55722.52134439530346 g 13.6001 0.0153 3.5000 15.2364 0.4345 10.8128 11.1161 11.0677
lc_3.5_15.2_0.43 55722.51018681179994 g 13.5959 0.0153 3.5000 15.2364 0.4345 10.8128 11.1161 11.0677
lc_3.5_15.2_0.43 56479.42150584550109 g 14.0547 0.0151 3.5000 15.2364 0.4345 10.8128 11.1161 11.0677
lc_4.0_14.6_0.43 55007.47962270859716 g 13.5285 0.0153 4.0000 14.6750 0.4345 10.0735 10.3817 10.3288
lc_4.0_14.6_0.43 55363.45294446589833 g 13.5237 0.0153 4.0000 14.6750 0.4345 10.0735 10.3817 10.3288
lc_4.0_14.6_0.43 56479.42150584550109 g 13.5324 0.0153 4.0000 14.6750 0.4345 10.0735 10.3817 10.3288
lc_4.0_14.9_0.43 56150.33056826749817 g 13.6892 0.0152 4.0000 14.9450 0.4345 10.3435 10.6517 10.5988
lc_4.0_14.9_0.43 56150.34261709650309 g 13.6904 0.0152 4.0000 14.9450 0.4345 10.3435 10.6517 10.5988
lc_4.0_14.9_0.43 56482.38608647599904 g 13.6959 0.0152 4.0000 14.9450 0.4345 10.3435 10.6517 10.5988
lc_4.0_14.9_0.43 56482.37621455820045 g 13.6802 0.0152 4.0000 14.9450 0.4345 10.3435 10.6517 10.5988
lc_4.0_14.9_0.43 55007.48767702649639 g 13.7747 0.0152 4.0000 14.9450 0.4345 10.3435 10.6517 10.5988
lc_4.0_14.9_0.43 55007.47962270859716 g 13.7733 0.0152 4.0000 14.9450 0.4345 10.3435 10.6517 10.5988
lc_4.0_14.9_0.43 55363.46411597089900 g 13.7987 0.0152 4.0000 14.9450 0.4345 10.3435 10.6517 10.5988
lc_4.0_14.9_0.43 55363.45294446589833 g 13.7899 0.0152 4.0000 14.9450 0.4345 10.3435 10.6517 10.5988
lc_4.0_14.9_0.43 55722.52134439530346 g 13.7495 0.0152 4.0000 14.9450 0.4345 10.3435 10.6517 10.5988
lc_4.0_14.9_0.43 55722.51018681179994 g 13.7373 0.0152 4.0000 14.9450 0.4345 10.3435 10.6517 10.5988
lc_4.0_14.9_0.43 56479.42150584550109 g 13.8043 0.0152 4.0000 14.9450 0.4345 10.3435 10.6517 10.5988
lc_4.0_15.2_0.43 56150.33056826749817 g 13.9850 0.0152 4.0000 15.2364 0.4345 10.6348 10.9430 10.8901
lc_4.0_15.2_0.43 56150.34261709650309 g 13.9843 0.0152 4.0000 15.2364 0.4345 10.6348 10.9430 10.8901
lc_4.0_15.2_0.43 56482.38608647599904 g 14.0273 0.0152 4.0000 15.2364 0.4345 10.6348 10.9430 10.8901
lc_4.0_15.2_0.43 56482.37621455820045 g 14.0040 0.0152 4.0000 15.2364 0.4345 10.6348 10.9430 10.8901
lc_4.0_15.2_0.43 55007.48767702649639 g 14.0577 0.0151 4.0000 15.2364 0.4345 10.6348 10.9430 10.8901
lc_4.0_15.2_0.43 55007.47962270859716 g 14.0350 0.0152 4.0000 15.2364 0.4345 10.6348 10.9430 10.8901
lc_4.0_15.2_0.43 55363.46411597089900 g 14.0855 0.0151 4.0000 15.2364 0.4345 10.6348 10.9430 10.8901
lc_4.0_15.2_0.43 55363.45294446589833 g 14.0739 0.0151 4.0000 15.2364 0.4345 10.6348 10.9430 10.8901
lc_4.0_15.2_0.43 55722.52134439530346 g 14.0213 0.0152 4.0000 15.2364 0.4345 10.6348 10.9430 10.8901
lc_4.0_15.2_0.43 55722.51018681179994 g 14.0497 0.0151 4.0000 15.2364 0.4345 10.6348 10.9430 10.8901
lc_4.0_15.2_0.43 56479.42150584550109 g 14.1146 0.0151 4.0000 15.2364 0.4345 10.6348 10.9430 10.8901
lc_4.0_15.2_0.43 55389.41457611839724 g 13.6556 0.0152 4.0000 15.2364 0.4345 10.6348 10.9430 10.8901
lc_4.0_15.2_0.43 55389.42653004160093 g 13.6530 0.0153 4.0000 15.2364 0.4345 10.6348 10.9430 10.8901
lc_4.5_14.9_0.43 56482.38608647599904 g 13.7151 0.0152 4.5000 14.9450 0.4345 10.1865 10.4990 10.4421
lc_4.5_14.9_0.43 56482.37621455820045 g 13.7703 0.0152 4.5000 14.9450 0.4345 10.1865 10.4990 10.4421
lc_4.5_14.9_0.43 55722.52134439530346 g 13.5954 0.0153 4.5000 14.9450 0.4345 10.1865 10.4990 10.4421
lc_4.5_14.9_0.43 55722.51018681179994 g 13.6012 0.0153 4.5000 14.9450 0.4345 10.1865 10.4990 10.4421
lc_4.5_14.9_0.43 55389.41457611839724 g 13.6779 0.0152 4.5000 14.9450 0.4345 10.1865 10.4990 10.4421
lc_4.5_14.9_0.43 55389.42653004160093 g 13.6371 0.0153 4.5000 14.9450 0.4345 10.1865 10.4990 10.4421
lc_4.5_15.2_0.43 56150.33056826749817 g 13.5225 0.0153 4.5000 15.2364 0.4345 10.4779 10.7903 10.7335
lc_4.5_15.2_0.43 56482.38608647599904 g 14.0227 0.0152 4.5000 15.2364 0.4345 10.4779 10.7903 10.7335
lc_4.5_15.2_0.43 56482.37621455820045 g 14.0202 0.0152 4.5000 15.2364 0.4345 10.4779 10.7903 10.7335
lc_4.5_15.2_0.43 55722.52134439530346 g 13.8957 0.0152 4.5000 15.2364 0.4345 10.4779 10.7903 10.7335
lc_4.5_15.2_0.43 55722.51018681179994 g 13.8510 0.0152 4.5000 15.2364 0.4345 10.4779 10.7903 10.7335
lc_4.5_15.2_0.43 55389.41457611839724 g 13.9607 0.0152 4.5000 15.2364 0.4345 10.4779 10.7903 10.7335
lc_4.5_15.2_0.43 55389.42653004160093 g 13.9287 0.0152 4.5000 15.2364 0.4345 10.4779 10.7903 10.7335
lc_5.0_14.9_0.43 56482.38608647599904 g 13.5242 0.0153 5.0000 14.9450 0.4345 10.0461 10.3624 10.3020
lc_5.0_14.9_0.43 56482.37621455820045 g 13.5378 0.0153 5.0000 14.9450 0.4345 10.0461 10.3624 10.3020
lc_5.0_15.2_0.43 56150.33056826749817 g 13.6843 0.0152 5.0000 15.2364 0.4345 10.3374 10.6537 10.5934
lc_5.0_15.2_0.43 56150.34261709650309 g 13.6920 0.0152 5.0000 15.2364 0.4345 10.3374 10.6537 10.5934
lc_5.0_15.2_0.43 56482.38608647599904 g 13.8206 0.0152 5.0000 15.2364 0.4345 10.3374 10.6537 10.5934
lc_5.0_15.2_0.43 56482.37621455820045 g 13.8233 0.0152 5.0000 15.2364 0.4345 10.3374 10.6537 10.5934
lc_5.0_15.2_0.43 55007.48767702649639 g 13.7430 0.0152 5.0000 15.2364 0.4345 10.3374 10.6537 10.5934
lc_5.0_15.2_0.43 55007.47962270859716 g 13.7586 0.0152 5.0000 15.2364 0.4345 10.3374 10.6537 10.5934
lc_5.0_15.2_0.43 55722.52134439530346 g 13.7322 0.0152 5.0000 15.2364 0.4345 10.3374 10.6537 10.5934
lc_5.0_15.2_0.43 55722.51018681179994 g 13.6955 0.0152 5.0000 15.2364 0.4345 10.3374 10.6537 10.5934
lc_5.5_14.9_0.43 56150.34261709650309 g 13.5080 0.0153 5.5000 14.9450 0.4345  9.9191 10.2388 10.1753
lc_5.5_14.9_0.43 55007.48767702649639 g 13.5891 0.0153 5.5000 14.9450 0.4345  9.9191 10.2388 10.1753
lc_5.5_14.9_0.43 55007.47962270859716 g 13.5882 0.0153 5.5000 14.9450 0.4345  9.9191 10.2388 10.1753
lc_5.5_14.9_0.43 55722.52134439530346 g 13.5626 0.0153 5.5000 14.9450 0.4345  9.9191 10.2388 10.1753
lc_5.5_14.9_0.43 55722.51018681179994 g 13.5763 0.0153 5.5000 14.9450 0.4345  9.9191 10.2388 10.1753
lc_5.5_15.2_0.43 56150.33056826749817 g 13.7669 0.0152 5.5000 15.2364 0.4345 10.2104 10.5301 10.4666
lc_5.5_15.2_0.43 56150.34261709650309 g 13.7642 0.0152 5.5000 15.2364 0.4345 10.2104 10.5301 10.4666
lc_5.5_15.2_0.43 55007.48767702649639 g 13.8899 0.0152 5.5000 15.2364 0.4345 10.2104 10.5301 10.4666
lc_5.5_15.2_0.43 55007.47962270859716 g 13.8783 0.0152 5.5000 15.2364 0.4345 10.2104 10.5301 10.4666
lc_5.5_15.2_0.43 55363.46411597089900 g 13.7017 0.0152 5.5000 15.2364 0.4345 10.2104 10.5301 10.4666
lc_5.5_15.2_0.43 55363.45294446589833 g 13.6819 0.0152 5.5000 15.2364 0.4345 10.2104 10.5301 10.4666
lc_5.5_15.2_0.43 55722.52134439530346 g 13.8859 0.0152 5.5000 15.2364 0.4345 10.2104 10.5301 10.4666
lc_5.5_15.2_0.43 55722.51018681179994 g 13.8720 0.0152 5.5000 15.2364 0.4345 10.2104 10.5301 10.4666
lc_5.5_15.2_0.43 56479.42150584550109 g 13.5235 0.0153 5.5000 15.2364 0.4345 10.2104 10.5301 10.4666
lc_6.0_14.9_0.43 56150.33056826749817 g 13.5637 0.0153 6.0000 14.9450 0.4345  9.8031 10.1260 10.0595
lc_6.0_14.9_0.43 56150.34261709650309 g 13.5119 0.0153 6.0000 14.9450 0.4345  9.8031 10.1260 10.0595
lc_6.0_15.2_0.43 56150.33056826749817 g 13.8405 0.0152 6.0000 15.2364 0.4345 10.0945 10.4173 10.3509
lc_6.0_15.2_0.43 56150.34261709650309 g 13.8167 0.0152 6.0000 15.2364 0.4345 10.0945 10.4173 10.3509
lc_6.0_15.2_0.43 55363.46411597089900 g 13.6497 0.0153 6.0000 15.2364 0.4345 10.0945 10.4173 10.3509
lc_6.0_15.2_0.43 55363.45294446589833 g 13.6519 0.0153 6.0000 15.2364 0.4345 10.0945 10.4173 10.3509
lc_6.0_15.2_0.43 56479.42150584550109 g 13.6719 0.0152 6.0000 15.2364 0.4345 10.0945 10.4173 10.3509
lc_6.5_15.2_0.43 56479.42150584550109 g 13.7256 0.0152 6.5000 15.2364 0.4345  9.9878 10.3135 10.2444
lc_7.0_15.2_0.43 56150.33056826749817 g 13.7147 0.0152 7.0000 15.2364 0.4345  9.8890 10.2175 10.1459
lc_7.0_15.2_0.43 56150.34261709650309 g 13.7237 0.0152 7.0000 15.2364 0.4345  9.8890 10.2175 10.1459
lc_7.0_15.2_0.43 55722.52134439530346 g 13.6732 0.0152 7.0000 15.2364 0.4345  9.8890 10.2175 10.1459
lc_7.0_15.2_0.43 55722.51018681179994 g 13.6578 0.0152 7.0000 15.2364 0.4345  9.8890 10.2175 10.1459
lc_7.0_15.2_0.43 56479.42150584550109 g 13.7129 0.0152 7.0000 15.2364 0.4345  9.8890 10.2175 10.1459
lc_7.5_15.2_0.43 55007.48767702649639 g 13.5571 0.0153 7.5000 15.2364 0.4345  9.7971 10.1280 10.0541
lc_7.5_15.2_0.43 55007.47962270859716 g 13.5404 0.0153 7.5000 15.2364 0.4345  9.7971 10.1280 10.0541
lc_8.0_15.2_0.43 56150.33056826749817 g 13.5477 0.0153 8.0000 15.2364 0.4345  9.7111 10.0443  9.9683
lc_8.0_15.2_0.43 56150.34261709650309 g 13.5648 0.0153 8.0000 15.2364 0.4345  9.7111 10.0443  9.9683
lc_8.0_15.2_0.43 55389.41457611839724 g 13.5918 0.0153 8.0000 15.2364 0.4345  9.7111 10.0443  9.9683
lc_8.0_15.2_0.43 55389.42653004160093 g 13.6177 0.0153 8.0000 15.2364 0.4345  9.7111 10.0443  9.9683
lc_8.5_15.2_0.43 55363.46411597089900 g 13.5957 0.0153 8.5000 15.2364 0.4345  9.6303  9.9657  9.8877
lc_8.5_15.2_0.43 55363.45294446589833 g 13.6005 0.0153 8.5000 15.2364 0.4345  9.6303  9.9657  9.8877
lc_8.5_15.2_0.43 55389.41457611839724 g 13.5913 0.0153 8.5000 15.2364 0.4345  9.6303  9.9657  9.8877
lc_8.5_15.2_0.43 55389.42653004160093 g 13.5455 0.0153 8.5000 15.2364 0.4345  9.6303  9.9657  9.8877
lc_20._9.48_0.21 56488.42388194380328 r 13.9168 0.001320.5000  9.4881 0.2159  2.6827  3.0630  2.9586
lc_22._9.48_0.21 56174.27427238920063 r 14.4946 0.001722.5000  9.4881 0.2159  2.5586  2.9423  2.8348
lc_26._9.48_0.21 55708.52828302700073 r 20.9672 0.133926.0000  9.4881 0.2159  2.3660  2.7548  2.6425
lc_27._9.48_0.21 56488.42388194380328 r 21.7456 0.249727.0000  9.4881 0.2159  2.3157  2.7059  2.5923
lc_28._9.48_0.21 56488.42388194380328 r 15.8791 0.003728.0000  9.4881 0.2159  2.2672  2.6587  2.5439
lc_29._9.48_0.21 55708.51780124379729 r 18.7202 0.024229.0000  9.4881 0.2159  2.2204  2.6132  2.4973
