# Name Epoch Band Mag eMag period DM E(B-V) KMEAN  W1MEAN W2MEAN
lc_3.0_14.2_0.64 56538.24681800499820 g 14.0908 0.0151 3.0000 14.2897 0.6452 10.0966 10.3820 10.3357
lc_3.2_14.2_0.64 56538.24681800499820 g 14.0096 0.0152 3.2000 14.2897 0.6452 10.0106 10.2983 10.2499
lc_3.4_14.2_0.64 56538.24681800499820 g 13.9483 0.0152 3.4000 14.2897 0.6452  9.9298 10.2197 10.1693
lc_3.6_14.2_0.64 56538.24681800499820 g 13.8501 0.0152 3.6000 14.2897 0.6452  9.8536 10.1456 10.0933
lc_3.8_14.2_0.64 56538.24681800499820 g 13.7829 0.0152 3.8000 14.2897 0.6452  9.7816 10.0755 10.0213
lc_4.0_14.2_0.64 56538.24681800499820 g 13.7463 0.0152 4.0000 14.2897 0.6452  9.7132 10.0090  9.9531
lc_4.2_14.2_0.64 56538.24681800499820 g 13.6461 0.0153 4.2000 14.2897 0.6452  9.6482  9.9457  9.8882
lc_4.4_14.2_0.64 56538.24681800499820 g 13.6017 0.0153 4.4000 14.2897 0.6452  9.5862  9.8854  9.8264
lc_4.6_14.2_0.64 56538.24681800499820 g 13.5033 0.0153 4.6000 14.2897 0.6452  9.5270  9.8278  9.7673
lc_4.8_14.2_0.64 56538.24681800499820 g 13.5024 0.0153 4.8000 14.2897 0.6452  9.4702  9.7726  9.7107
