# Name Epoch Band Mag eMag period DM E(B-V) KMEAN  W1MEAN W2MEAN
0.47713.0_1.2_86 55207.38521307789779 g 13.8979 0.0152 3.0000 13.0533 1.2244 9.2483 9.3450 9.2558
0.47713.4_1.2_86 55207.38521307789779 g 14.3988 0.0150 3.0000 13.4062 1.2968 9.6308 9.7183 9.6011
0.47713.4_1.2_86 55182.40304321810254 r 13.7365 0.0012 3.0000 13.4062 1.2968 9.6308 9.7183 9.6011
0.47713.8_1.3_86 55207.38521307789779 g 14.8771 0.0149 3.0000 13.8543 1.3102 10.0792 10.1586 10.0536
0.47713.8_1.3_86 55182.40304321810254 r 14.2297 0.0015 3.0000 13.8543 1.3102 10.0792 10.1586 10.0536
0.47714.3_1.3_86 55207.38521307789779 g 15.6044 0.0149 3.0000 14.3077 1.3799 10.5701 10.6426 10.5419
0.47714.3_1.3_86 55204.38549110209715 r 14.1210 0.0015 3.0000 14.3077 1.3799 10.5701 10.6426 10.5419
0.47714.3_1.3_86 55204.37724019880261 r 14.1230 0.0015 3.0000 14.3077 1.3799 10.5701 10.6426 10.5419
0.47714.3_1.3_86 55182.40304321810254 r 14.8393 0.0021 3.0000 14.3077 1.3799 10.5701 10.6426 10.5419
0.47714.3_1.3_86 55207.38521307789779 r 14.1200 0.0015 3.0000 14.3077 1.3799 10.5701 10.6426 10.5419
0.47714.3_1.3_86 55951.30163475019799 i 13.7104 0.0152 3.0000 14.3077 1.3799 10.5701 10.6426 10.5419
0.47714.3_1.3_86 55951.32314400649921 i 13.7649 0.0152 3.0000 14.3077 1.3799 10.5701 10.6426 10.5419
0.47714.7_1.4_86 55207.38521307789779 g 16.1827 0.0155 3.0000 14.7784 1.4174 11.0532 11.1235 10.9947
0.47714.7_1.4_86 55204.38549110209715 r 14.6559 0.0019 3.0000 14.7784 1.4174 11.0532 11.1235 10.9947
0.47714.7_1.4_86 55204.37724019880261 r 14.6556 0.0019 3.0000 14.7784 1.4174 11.0532 11.1235 10.9947
0.47714.7_1.4_86 55182.40304321810254 r 15.4086 0.0028 3.0000 14.7784 1.4174 11.0532 11.1235 10.9947
0.47714.7_1.4_86 55207.38521307789779 r 14.6557 0.0019 3.0000 14.7784 1.4174 11.0532 11.1235 10.9947
0.47714.7_1.4_86 55951.30163475019799 i 14.2799 0.0148 3.0000 14.7784 1.4174 11.0532 11.1235 10.9947
0.47714.7_1.4_86 55951.32314400649921 i 14.2642 0.0148 3.0000 14.7784 1.4174 11.0532 11.1235 10.9947
0.47715.2_1.4_86 55207.38521307789779 g 16.9367 0.0171 3.0000 15.2692 1.4843 11.5673 11.6032 11.5087
0.47715.2_1.4_86 55204.38549110209715 r 15.3649 0.0027 3.0000 15.2692 1.4843 11.5673 11.6032 11.5087
0.47715.2_1.4_86 55204.37724019880261 r 15.3607 0.0027 3.0000 15.2692 1.4843 11.5673 11.6032 11.5087
0.47715.2_1.4_86 55182.40304321810254 r 16.0248 0.0040 3.0000 15.2692 1.4843 11.5673 11.6032 11.5087
0.47715.2_1.4_86 55207.38521307789779 r 15.3651 0.0027 3.0000 15.2692 1.4843 11.5673 11.6032 11.5087
0.47715.2_1.4_86 55951.30163475019799 i 14.9837 0.0146 3.0000 15.2692 1.4843 11.5673 11.6032 11.5087
0.47715.2_1.4_86 55951.32314400649921 i 14.8894 0.0145 3.0000 15.2692 1.4843 11.5673 11.6032 11.5087
0.47715.2_1.4_86 55207.38521307789779 z 14.0255 0.0146 3.0000 15.2692 1.4843 11.5673 11.6032 11.5087
0.47715.2_1.4_86 55207.38521307789779 y 13.7823 0.0149 3.0000 15.2692 1.4843 11.5673 11.6032 11.5087
0.47715.8_1.5_86 55207.38521307789779 g 17.8597 0.0212 3.0000 15.8098 1.5888 12.1556 12.1761 12.0542
0.47715.8_1.5_86 55204.38549110209715 r 16.1830 0.0044 3.0000 15.8098 1.5888 12.1556 12.1761 12.0542
0.47715.8_1.5_86 55204.37724019880261 r 16.1889 0.0044 3.0000 15.8098 1.5888 12.1556 12.1761 12.0542
0.47715.8_1.5_86 55182.40304321810254 r 16.8006 0.0065 3.0000 15.8098 1.5888 12.1556 12.1761 12.0542
0.47715.8_1.5_86 55207.38521307789779 r 16.1804 0.0044 3.0000 15.8098 1.5888 12.1556 12.1761 12.0542
0.47715.8_1.5_86 55951.30163475019799 i 15.6414 0.0150 3.0000 15.8098 1.5888 12.1556 12.1761 12.0542
0.47715.8_1.5_86 55951.32314400649921 i 15.6531 0.0150 3.0000 15.8098 1.5888 12.1556 12.1761 12.0542
0.47715.8_1.5_86 55207.38521307789779 z 14.7733 0.0148 3.0000 15.8098 1.5888 12.1556 12.1761 12.0542
0.47715.8_1.5_86 55207.38521307789779 y 14.4331 0.0157 3.0000 15.8098 1.5888 12.1556 12.1761 12.0542
0.54413.0_1.2_86 55207.38521307789779 g 13.6343 0.0153 3.5000 13.0533 1.2244 9.0534 9.1540 9.0523
0.54413.4_1.2_86 55207.38521307789779 g 14.3859 0.0150 3.5000 13.4062 1.2968 9.4248 9.5404 9.4146
0.54413.8_1.3_86 55207.38521307789779 g 14.6749 0.0149 3.5000 13.8543 1.3102 9.8766 9.9687 9.8802
0.54413.8_1.3_86 55182.40304321810254 r 13.8253 0.0013 3.5000 13.8543 1.3102 9.8766 9.9687 9.8802
0.54414.3_1.3_86 55207.38521307789779 g 15.5535 0.0149 3.5000 14.3077 1.3799 10.3681 10.4288 10.3273
0.54414.3_1.3_86 55204.38549110209715 r 14.1714 0.0015 3.5000 14.3077 1.3799 10.3681 10.4288 10.3273
0.54414.3_1.3_86 55204.37724019880261 r 14.1686 0.0015 3.5000 14.3077 1.3799 10.3681 10.4288 10.3273
0.54414.3_1.3_86 55182.40304321810254 r 14.4273 0.0017 3.5000 14.3077 1.3799 10.3681 10.4288 10.3273
0.54414.3_1.3_86 55207.38521307789779 r 14.0195 0.0014 3.5000 14.3077 1.3799 10.3681 10.4288 10.3273
0.54414.3_1.3_86 55951.30163475019799 i 13.9380 0.0150 3.5000 14.3077 1.3799 10.3681 10.4288 10.3273
0.54414.3_1.3_86 55951.32314400649921 i 13.9578 0.0150 3.5000 14.3077 1.3799 10.3681 10.4288 10.3273
0.54414.7_1.4_86 55207.38521307789779 g 16.1165 0.0154 3.5000 14.7784 1.4174 10.8397 10.8912 10.7946
0.54414.7_1.4_86 55204.38549110209715 r 14.7190 0.0020 3.5000 14.7784 1.4174 10.8397 10.8912 10.7946
0.54414.7_1.4_86 55204.37724019880261 r 14.7206 0.0020 3.5000 14.7784 1.4174 10.8397 10.8912 10.7946
0.54414.7_1.4_86 55182.40304321810254 r 14.9941 0.0022 3.5000 14.7784 1.4174 10.8397 10.8912 10.7946
0.54414.7_1.4_86 55207.38521307789779 r 14.5623 0.0018 3.5000 14.7784 1.4174 10.8397 10.8912 10.7946
0.54414.7_1.4_86 55951.30163475019799 i 14.4506 0.0147 3.5000 14.7784 1.4174 10.8397 10.8912 10.7946
0.54414.7_1.4_86 55951.32314400649921 i 14.4893 0.0146 3.5000 14.7784 1.4174 10.8397 10.8912 10.7946
0.54415.2_1.4_86 55207.38521307789779 g 16.8544 0.0168 3.5000 15.2692 1.4843 11.3670 11.4175 11.2903
0.54415.2_1.4_86 55204.38549110209715 r 15.3780 0.0028 3.5000 15.2692 1.4843 11.3670 11.4175 11.2903
0.54415.2_1.4_86 55204.37724019880261 r 15.3788 0.0028 3.5000 15.2692 1.4843 11.3670 11.4175 11.2903
0.54415.2_1.4_86 55182.40304321810254 r 15.6385 0.0032 3.5000 15.2692 1.4843 11.3670 11.4175 11.2903
0.54415.2_1.4_86 55207.38521307789779 r 15.2299 0.0025 3.5000 15.2692 1.4843 11.3670 11.4175 11.2903
0.54415.2_1.4_86 55951.30163475019799 i 15.1290 0.0146 3.5000 15.2692 1.4843 11.3670 11.4175 11.2903
0.54415.2_1.4_86 55951.32314400649921 i 15.0786 0.0146 3.5000 15.2692 1.4843 11.3670 11.4175 11.2903
0.54415.2_1.4_86 55207.38521307789779 z 13.9099 0.0146 3.5000 15.2692 1.4843 11.3670 11.4175 11.2903
0.54415.2_1.4_86 55207.38521307789779 y 13.6260 0.0148 3.5000 15.2692 1.4843 11.3670 11.4175 11.2903
0.54415.8_1.5_86 55207.38521307789779 g 17.7236 0.0204 3.5000 15.8098 1.5888 11.9353 11.9726 11.8462
0.54415.8_1.5_86 55204.38549110209715 r 16.1415 0.0043 3.5000 15.8098 1.5888 11.9353 11.9726 11.8462
0.54415.8_1.5_86 55204.37724019880261 r 16.1354 0.0043 3.5000 15.8098 1.5888 11.9353 11.9726 11.8462
0.54415.8_1.5_86 55182.40304321810254 r 16.4363 0.0052 3.5000 15.8098 1.5888 11.9353 11.9726 11.8462
0.54415.8_1.5_86 55207.38521307789779 r 15.9792 0.0039 3.5000 15.8098 1.5888 11.9353 11.9726 11.8462
0.54415.8_1.5_86 55951.30163475019799 i 15.7987 0.0152 3.5000 15.8098 1.5888 11.9353 11.9726 11.8462
0.54415.8_1.5_86 55951.32314400649921 i 15.8566 0.0153 3.5000 15.8098 1.5888 11.9353 11.9726 11.8462
0.54415.8_1.5_86 55207.38521307789779 z 14.5673 0.0147 3.5000 15.8098 1.5888 11.9353 11.9726 11.8462
0.54415.8_1.5_86 55207.38521307789779 y 14.2895 0.0155 3.5000 15.8098 1.5888 11.9353 11.9726 11.8462
0.60213.0_1.2_86 55207.38521307789779 g 13.6387 0.0153 4.0000 13.0533 1.2244 8.8759 8.9634 8.8653
0.60213.4_1.2_86 55207.38521307789779 g 14.1848 0.0151 4.0000 13.4062 1.2968 9.2570 9.3419 9.2220
0.60213.8_1.3_86 55207.38521307789779 g 14.7630 0.0149 4.0000 13.8543 1.3102 9.7236 9.7867 9.6816
0.60213.8_1.3_86 55204.38549110209715 r 13.5543 0.0012 4.0000 13.8543 1.3102 9.7236 9.7867 9.6816
0.60213.8_1.3_86 55204.37724019880261 r 13.5542 0.0012 4.0000 13.8543 1.3102 9.7236 9.7867 9.6816
0.60213.8_1.3_86 55182.40304321810254 r 13.8827 0.0013 4.0000 13.8543 1.3102 9.7236 9.7867 9.6816
0.60214.3_1.3_86 55207.38521307789779 g 15.4071 0.0149 4.0000 14.3077 1.3799 10.1879 10.2539 10.1539
0.60214.3_1.3_86 55204.38549110209715 r 14.1627 0.0015 4.0000 14.3077 1.3799 10.1879 10.2539 10.1539
0.60214.3_1.3_86 55204.37724019880261 r 14.1614 0.0015 4.0000 14.3077 1.3799 10.1879 10.2539 10.1539
0.60214.3_1.3_86 55182.40304321810254 r 14.5308 0.0018 4.0000 14.3077 1.3799 10.1879 10.2539 10.1539
0.60214.3_1.3_86 55207.38521307789779 r 13.8611 0.0013 4.0000 14.3077 1.3799 10.1879 10.2539 10.1539
0.60214.3_1.3_86 55951.30163475019799 i 13.5130 0.0154 4.0000 14.3077 1.3799 10.1879 10.2539 10.1539
0.60214.7_1.4_86 55207.38521307789779 g 15.8787 0.0151 4.0000 14.7784 1.4174 10.6754 10.7207 10.6358
0.60214.7_1.4_86 55204.38549110209715 r 14.6989 0.0019 4.0000 14.7784 1.4174 10.6754 10.7207 10.6358
0.60214.7_1.4_86 55204.37724019880261 r 14.6968 0.0019 4.0000 14.7784 1.4174 10.6754 10.7207 10.6358
0.60214.7_1.4_86 55182.40304321810254 r 15.1647 0.0025 4.0000 14.7784 1.4174 10.6754 10.7207 10.6358
0.60214.7_1.4_86 55207.38521307789779 r 14.3197 0.0016 4.0000 14.7784 1.4174 10.6754 10.7207 10.6358
0.60214.7_1.4_86 55951.30163475019799 i 13.9766 0.0150 4.0000 14.7784 1.4174 10.6754 10.7207 10.6358
0.60214.7_1.4_86 55951.32314400649921 i 13.9577 0.0150 4.0000 14.7784 1.4174 10.6754 10.7207 10.6358
0.60215.2_1.4_86 55207.38521307789779 g 16.6630 0.0163 4.0000 15.2692 1.4843 11.1639 11.2312 11.1158
0.60215.2_1.4_86 55204.38549110209715 r 15.3680 0.0027 4.0000 15.2692 1.4843 11.1639 11.2312 11.1158
0.60215.2_1.4_86 55204.37724019880261 r 15.3659 0.0027 4.0000 15.2692 1.4843 11.1639 11.2312 11.1158
0.60215.2_1.4_86 55182.40304321810254 r 15.7616 0.0034 4.0000 15.2692 1.4843 11.1639 11.2312 11.1158
0.60215.2_1.4_86 55207.38521307789779 r 15.0412 0.0023 4.0000 15.2692 1.4843 11.1639 11.2312 11.1158
0.60215.2_1.4_86 55951.30163475019799 i 14.6310 0.0146 4.0000 15.2692 1.4843 11.1639 11.2312 11.1158
0.60215.2_1.4_86 55951.32314400649921 i 14.6309 0.0146 4.0000 15.2692 1.4843 11.1639 11.2312 11.1158
0.60215.2_1.4_86 55207.38521307789779 z 13.7278 0.0147 4.0000 15.2692 1.4843 11.1639 11.2312 11.1158
0.60215.8_1.5_86 55207.38521307789779 g 17.5671 0.0196 4.0000 15.8098 1.5888 11.7777 11.7869 11.6888
0.60215.8_1.5_86 55204.38549110209715 r 16.1446 0.0043 4.0000 15.8098 1.5888 11.7777 11.7869 11.6888
0.60215.8_1.5_86 55204.37724019880261 r 16.1515 0.0043 4.0000 15.8098 1.5888 11.7777 11.7869 11.6888
0.60215.8_1.5_86 55182.40304321810254 r 16.5641 0.0056 4.0000 15.8098 1.5888 11.7777 11.7869 11.6888
0.60215.8_1.5_86 55207.38521307789779 r 15.8146 0.0035 4.0000 15.8098 1.5888 11.7777 11.7869 11.6888
0.60215.8_1.5_86 55951.30163475019799 i 15.3230 0.0147 4.0000 15.8098 1.5888 11.7777 11.7869 11.6888
0.60215.8_1.5_86 55951.32314400649921 i 15.3039 0.0147 4.0000 15.8098 1.5888 11.7777 11.7869 11.6888
0.60215.8_1.5_86 55207.38521307789779 z 14.4222 0.0146 4.0000 15.8098 1.5888 11.7777 11.7869 11.6888
0.60215.8_1.5_86 55207.38521307789779 y 14.1170 0.0153 4.0000 15.8098 1.5888 11.7777 11.7869 11.6888
0.65313.0_1.2_86 55207.38521307789779 g 13.6259 0.0153 4.5000 13.0533 1.2244 8.7053 8.8226 8.7154
0.65313.4_1.2_86 55207.38521307789779 g 14.1789 0.0151 4.5000 13.4062 1.2968 9.1000 9.1687 9.0740
0.65313.8_1.3_86 55207.38521307789779 g 14.6789 0.0149 4.5000 13.8543 1.3102 9.5285 9.6121 9.5250
0.65313.8_1.3_86 55204.38549110209715 r 13.5232 0.0011 4.5000 13.8543 1.3102 9.5285 9.6121 9.5250
0.65313.8_1.3_86 55204.37724019880261 r 13.5222 0.0011 4.5000 13.8543 1.3102 9.5285 9.6121 9.5250
0.65313.8_1.3_86 55182.40304321810254 r 13.6267 0.0012 4.5000 13.8543 1.3102 9.5285 9.6121 9.5250
0.65314.3_1.3_86 55207.38521307789779 g 15.2900 0.0149 4.5000 14.3077 1.3799 10.0188 10.0973 9.9937
0.65314.3_1.3_86 55204.38549110209715 r 14.1455 0.0015 4.5000 14.3077 1.3799 10.0188 10.0973 9.9937
0.65314.3_1.3_86 55204.37724019880261 r 14.1404 0.0015 4.5000 14.3077 1.3799 10.0188 10.0973 9.9937
0.65314.3_1.3_86 55182.40304321810254 r 14.2558 0.0016 4.5000 14.3077 1.3799 10.0188 10.0973 9.9937
0.65314.3_1.3_86 55207.38521307789779 r 13.7470 0.0012 4.5000 14.3077 1.3799 10.0188 10.0973 9.9937
0.65314.3_1.3_86 55951.32314400649921 i 13.5144 0.0154 4.5000 14.3077 1.3799 10.0188 10.0973 9.9937
0.65314.7_1.4_86 55207.38521307789779 g 15.7668 0.0150 4.5000 14.7784 1.4174 10.5092 10.5696 10.4696
0.65314.7_1.4_86 55204.38549110209715 r 14.7018 0.0019 4.5000 14.7784 1.4174 10.5092 10.5696 10.4696
0.65314.7_1.4_86 55204.37724019880261 r 14.6996 0.0019 4.5000 14.7784 1.4174 10.5092 10.5696 10.4696
0.65314.7_1.4_86 55182.40304321810254 r 14.8479 0.0021 4.5000 14.7784 1.4174 10.5092 10.5696 10.4696
0.65314.7_1.4_86 55207.38521307789779 r 14.2058 0.0015 4.5000 14.7784 1.4174 10.5092 10.5696 10.4696
0.65314.7_1.4_86 55951.30163475019799 i 14.0121 0.0150 4.5000 14.7784 1.4174 10.5092 10.5696 10.4696
0.65314.7_1.4_86 55951.32314400649921 i 13.9853 0.0150 4.5000 14.7784 1.4174 10.5092 10.5696 10.4696
0.65315.2_1.4_86 55207.38521307789779 g 16.5572 0.0161 4.5000 15.2692 1.4843 11.0377 11.0904 10.9554
0.65315.2_1.4_86 55204.38549110209715 r 15.3531 0.0027 4.5000 15.2692 1.4843 11.0377 11.0904 10.9554
0.65315.2_1.4_86 55204.37724019880261 r 15.3505 0.0027 4.5000 15.2692 1.4843 11.0377 11.0904 10.9554
0.65315.2_1.4_86 55182.40304321810254 r 15.4797 0.0029 4.5000 15.2692 1.4843 11.0377 11.0904 10.9554
0.65315.2_1.4_86 55207.38521307789779 r 14.8895 0.0021 4.5000 15.2692 1.4843 11.0377 11.0904 10.9554
0.65315.2_1.4_86 55951.30163475019799 i 14.6097 0.0146 4.5000 15.2692 1.4843 11.0377 11.0904 10.9554
0.65315.2_1.4_86 55951.32314400649921 i 14.6338 0.0146 4.5000 15.2692 1.4843 11.0377 11.0904 10.9554
0.65315.2_1.4_86 55207.38521307789779 z 13.5383 0.0147 4.5000 15.2692 1.4843 11.0377 11.0904 10.9554
0.65315.8_1.5_86 55207.38521307789779 g 17.4545 0.0190 4.5000 15.8098 1.5888 11.6209 11.6302 11.5303
0.65315.8_1.5_86 55204.38549110209715 r 16.1507 0.0043 4.5000 15.8098 1.5888 11.6209 11.6302 11.5303
0.65315.8_1.5_86 55204.37724019880261 r 16.1326 0.0043 4.5000 15.8098 1.5888 11.6209 11.6302 11.5303
0.65315.8_1.5_86 55182.40304321810254 r 16.2641 0.0046 4.5000 15.8098 1.5888 11.6209 11.6302 11.5303
0.65315.8_1.5_86 55207.38521307789779 r 15.6910 0.0033 4.5000 15.8098 1.5888 11.6209 11.6302 11.5303
0.65315.8_1.5_86 55951.30163475019799 i 15.3394 0.0147 4.5000 15.8098 1.5888 11.6209 11.6302 11.5303
0.65315.8_1.5_86 55951.32314400649921 i 15.2896 0.0147 4.5000 15.8098 1.5888 11.6209 11.6302 11.5303
0.65315.8_1.5_86 55207.38521307789779 z 14.2652 0.0146 4.5000 15.8098 1.5888 11.6209 11.6302 11.5303
0.65315.8_1.5_86 55207.38521307789779 y 13.9803 0.0151 4.5000 15.8098 1.5888 11.6209 11.6302 11.5303
0.69813.4_1.2_86 55207.38521307789779 g 13.9882 0.0152 5.0000 13.4062 1.2968 8.9444 9.0446 8.9437
0.69813.8_1.3_86 55207.38521307789779 g 14.5651 0.0150 5.0000 13.8543 1.3102 9.4070 9.5056 9.3951
0.69814.3_1.3_86 55207.38521307789779 g 15.1772 0.0148 5.0000 14.3077 1.3799 9.8911 9.9794 9.8378
0.69814.3_1.3_86 55204.38549110209715 r 14.1136 0.0015 5.0000 14.3077 1.3799 9.8911 9.9794 9.8378
0.69814.3_1.3_86 55204.37724019880261 r 14.1126 0.0015 5.0000 14.3077 1.3799 9.8911 9.9794 9.8378
0.69814.3_1.3_86 55182.40304321810254 r 13.5880 0.0012 5.0000 14.3077 1.3799 9.8911 9.9794 9.8378
0.69814.3_1.3_86 55207.38521307789779 r 13.5876 0.0012 5.0000 14.3077 1.3799 9.8911 9.9794 9.8378
0.69814.3_1.3_86 55951.30163475019799 i 13.6508 0.0153 5.0000 14.3077 1.3799 9.8911 9.9794 9.8378
0.69814.3_1.3_86 55951.32314400649921 i 13.6073 0.0153 5.0000 14.3077 1.3799 9.8911 9.9794 9.8378
0.69814.7_1.4_86 55207.38521307789779 g 15.8134 0.0151 5.0000 14.7784 1.4174 10.3811 10.4110 10.3153
0.69814.7_1.4_86 55204.38549110209715 r 14.6667 0.0019 5.0000 14.7784 1.4174 10.3811 10.4110 10.3153
0.69814.7_1.4_86 55204.37724019880261 r 14.6656 0.0019 5.0000 14.7784 1.4174 10.3811 10.4110 10.3153
0.69814.7_1.4_86 55182.40304321810254 r 14.1898 0.0015 5.0000 14.7784 1.4174 10.3811 10.4110 10.3153
0.69814.7_1.4_86 55207.38521307789779 r 14.1902 0.0015 5.0000 14.7784 1.4174 10.3811 10.4110 10.3153
0.69814.7_1.4_86 55951.30163475019799 i 14.1313 0.0149 5.0000 14.7784 1.4174 10.3811 10.4110 10.3153
0.69814.7_1.4_86 55951.32314400649921 i 14.1596 0.0148 5.0000 14.7784 1.4174 10.3811 10.4110 10.3153
0.69815.2_1.4_86 55207.38521307789779 g 16.6364 0.0163 5.0000 15.2692 1.4843 10.8937 10.9452 10.8075
0.69815.2_1.4_86 55204.38549110209715 r 15.2955 0.0026 5.0000 15.2692 1.4843 10.8937 10.9452 10.8075
0.69815.2_1.4_86 55204.37724019880261 r 15.2941 0.0026 5.0000 15.2692 1.4843 10.8937 10.9452 10.8075
0.69815.2_1.4_86 55182.40304321810254 r 14.9363 0.0022 5.0000 15.2692 1.4843 10.8937 10.9452 10.8075
0.69815.2_1.4_86 55207.38521307789779 r 14.9361 0.0022 5.0000 15.2692 1.4843 10.8937 10.9452 10.8075
0.69815.2_1.4_86 55951.30163475019799 i 14.7130 0.0146 5.0000 15.2692 1.4843 10.8937 10.9452 10.8075
0.69815.2_1.4_86 55951.32314400649921 i 14.6916 0.0146 5.0000 15.2692 1.4843 10.8937 10.9452 10.8075
0.69815.8_1.5_86 55207.38521307789779 g 17.5170 0.0193 5.0000 15.8098 1.5888 11.4661 11.5009 11.3996
0.69815.8_1.5_86 55204.38549110209715 r 16.0789 0.0041 5.0000 15.8098 1.5888 11.4661 11.5009 11.3996
0.69815.8_1.5_86 55204.37724019880261 r 16.0858 0.0042 5.0000 15.8098 1.5888 11.4661 11.5009 11.3996
0.69815.8_1.5_86 55182.40304321810254 r 15.7074 0.0033 5.0000 15.8098 1.5888 11.4661 11.5009 11.3996
0.69815.8_1.5_86 55207.38521307789779 r 15.7066 0.0033 5.0000 15.8098 1.5888 11.4661 11.5009 11.3996
0.69815.8_1.5_86 55951.30163475019799 i 15.4298 0.0148 5.0000 15.8098 1.5888 11.4661 11.5009 11.3996
0.69815.8_1.5_86 55951.32314400649921 i 15.4526 0.0148 5.0000 15.8098 1.5888 11.4661 11.5009 11.3996
0.69815.8_1.5_86 55207.38521307789779 z 14.2911 0.0146 5.0000 15.8098 1.5888 11.4661 11.5009 11.3996
0.69815.8_1.5_86 55207.38521307789779 y 13.8735 0.0150 5.0000 15.8098 1.5888 11.4661 11.5009 11.3996
0.74013.4_1.2_86 55207.38521307789779 g 14.0126 0.0152 5.5000 13.4062 1.2968 8.8137 8.9417 8.8065
0.74013.8_1.3_86 55207.38521307789779 g 14.4392 0.0150 5.5000 13.8543 1.3102 9.2788 9.3786 9.2670
0.74014.3_1.3_86 55207.38521307789779 g 15.1141 0.0148 5.5000 14.3077 1.3799 9.7657 9.8479 9.7416
0.74014.3_1.3_86 55204.38549110209715 r 14.0423 0.0014 5.5000 14.3077 1.3799 9.7657 9.8479 9.7416
0.74014.3_1.3_86 55204.37724019880261 r 14.0395 0.0014 5.5000 14.3077 1.3799 9.7657 9.8479 9.7416
0.74014.3_1.3_86 55182.40304321810254 r 14.0481 0.0014 5.5000 14.3077 1.3799 9.7657 9.8479 9.7416
0.74014.3_1.3_86 55207.38521307789779 r 13.5092 0.0011 5.5000 14.3077 1.3799 9.7657 9.8479 9.7416
0.74014.7_1.4_86 55207.38521307789779 g 15.6984 0.0150 5.5000 14.7784 1.4174 10.2413 10.2988 10.2085
0.74014.7_1.4_86 55204.38549110209715 r 14.6030 0.0018 5.5000 14.7784 1.4174 10.2413 10.2988 10.2085
0.74014.7_1.4_86 55204.37724019880261 r 14.6033 0.0018 5.5000 14.7784 1.4174 10.2413 10.2988 10.2085
0.74014.7_1.4_86 55182.40304321810254 r 14.6076 0.0018 5.5000 14.7784 1.4174 10.2413 10.2988 10.2085
0.74014.7_1.4_86 55207.38521307789779 r 14.0555 0.0014 5.5000 14.7784 1.4174 10.2413 10.2988 10.2085
0.74014.7_1.4_86 55951.30163475019799 i 13.7628 0.0152 5.5000 14.7784 1.4174 10.2413 10.2988 10.2085
0.74014.7_1.4_86 55951.32314400649921 i 13.7389 0.0152 5.5000 14.7784 1.4174 10.2413 10.2988 10.2085
0.74015.2_1.4_86 55207.38521307789779 g 16.4767 0.0159 5.5000 15.2692 1.4843 10.7700 10.8128 10.6990
0.74015.2_1.4_86 55204.38549110209715 r 15.2417 0.0026 5.5000 15.2692 1.4843 10.7700 10.8128 10.6990
0.74015.2_1.4_86 55204.37724019880261 r 15.2401 0.0026 5.5000 15.2692 1.4843 10.7700 10.8128 10.6990
0.74015.2_1.4_86 55182.40304321810254 r 15.2466 0.0026 5.5000 15.2692 1.4843 10.7700 10.8128 10.6990
0.74015.2_1.4_86 55207.38521307789779 r 14.7556 0.0020 5.5000 15.2692 1.4843 10.7700 10.8128 10.6990
0.74015.2_1.4_86 55951.30163475019799 i 14.4293 0.0147 5.5000 15.2692 1.4843 10.7700 10.8128 10.6990
0.74015.2_1.4_86 55951.32314400649921 i 14.3878 0.0147 5.5000 15.2692 1.4843 10.7700 10.8128 10.6990
0.74015.8_1.5_86 55207.38521307789779 g 17.3313 0.0185 5.5000 15.8098 1.5888 11.3481 11.3767 11.2560
0.74015.8_1.5_86 55204.38549110209715 r 16.0399 0.0040 5.5000 15.8098 1.5888 11.3481 11.3767 11.2560
0.74015.8_1.5_86 55204.37724019880261 r 16.0260 0.0040 5.5000 15.8098 1.5888 11.3481 11.3767 11.2560
0.74015.8_1.5_86 55182.40304321810254 r 16.0437 0.0041 5.5000 15.8098 1.5888 11.3481 11.3767 11.2560
0.74015.8_1.5_86 55207.38521307789779 r 15.5204 0.0030 5.5000 15.8098 1.5888 11.3481 11.3767 11.2560
0.74015.8_1.5_86 55951.30163475019799 i 15.1128 0.0146 5.5000 15.8098 1.5888 11.3481 11.3767 11.2560
0.74015.8_1.5_86 55951.32314400649921 i 15.1489 0.0146 5.5000 15.8098 1.5888 11.3481 11.3767 11.2560
0.74015.8_1.5_86 55207.38521307789779 z 14.0948 0.0146 5.5000 15.8098 1.5888 11.3481 11.3767 11.2560
0.74015.8_1.5_86 55207.38521307789779 y 13.7317 0.0149 5.5000 15.8098 1.5888 11.3481 11.3767 11.2560
0.77813.4_1.2_86 55207.38521307789779 g 14.0179 0.0152 6.0000 13.4062 1.2968 8.7153 8.7880 8.6920
0.77813.8_1.3_86 55207.38521307789779 g 14.4264 0.0150 6.0000 13.8543 1.3102 9.1638 9.2557 9.1405
0.77814.3_1.3_86 55207.38521307789779 g 15.1202 0.0148 6.0000 14.3077 1.3799 9.6502 9.7144 9.6203
0.77814.3_1.3_86 55204.38549110209715 r 13.9878 0.0014 6.0000 14.3077 1.3799 9.6502 9.7144 9.6203
0.77814.3_1.3_86 55204.37724019880261 r 13.9870 0.0014 6.0000 14.3077 1.3799 9.6502 9.7144 9.6203
0.77814.3_1.3_86 55182.40304321810254 r 13.9504 0.0014 6.0000 14.3077 1.3799 9.6502 9.7144 9.6203
0.77814.7_1.4_86 55207.38521307789779 g 15.7023 0.0150 6.0000 14.7784 1.4174 10.1351 10.2111 10.1100
0.77814.7_1.4_86 55204.38549110209715 r 14.5581 0.0018 6.0000 14.7784 1.4174 10.1351 10.2111 10.1100
0.77814.7_1.4_86 55204.37724019880261 r 14.5522 0.0018 6.0000 14.7784 1.4174 10.1351 10.2111 10.1100
0.77814.7_1.4_86 55182.40304321810254 r 14.5139 0.0018 6.0000 14.7784 1.4174 10.1351 10.2111 10.1100
0.77814.7_1.4_86 55207.38521307789779 r 14.0255 0.0014 6.0000 14.7784 1.4174 10.1351 10.2111 10.1100
0.77814.7_1.4_86 55951.30163475019799 i 13.6315 0.0153 6.0000 14.7784 1.4174 10.1351 10.2111 10.1100
0.77814.7_1.4_86 55951.32314400649921 i 13.5759 0.0153 6.0000 14.7784 1.4174 10.1351 10.2111 10.1100
0.77815.2_1.4_86 55207.38521307789779 g 16.3867 0.0158 6.0000 15.2692 1.4843 10.6454 10.7022 10.5814
0.77815.2_1.4_86 55204.38549110209715 r 15.2164 0.0025 6.0000 15.2692 1.4843 10.6454 10.7022 10.5814
0.77815.2_1.4_86 55204.37724019880261 r 15.2210 0.0025 6.0000 15.2692 1.4843 10.6454 10.7022 10.5814
0.77815.2_1.4_86 55182.40304321810254 r 15.1715 0.0025 6.0000 15.2692 1.4843 10.6454 10.7022 10.5814
0.77815.2_1.4_86 55207.38521307789779 r 14.6398 0.0019 6.0000 15.2692 1.4843 10.6454 10.7022 10.5814
0.77815.2_1.4_86 55951.30163475019799 i 14.2083 0.0148 6.0000 15.2692 1.4843 10.6454 10.7022 10.5814
0.77815.2_1.4_86 55951.32314400649921 i 14.1504 0.0149 6.0000 15.2692 1.4843 10.6454 10.7022 10.5814
0.77815.8_1.5_86 55207.38521307789779 g 17.1989 0.0179 6.0000 15.8098 1.5888 11.2233 11.2866 11.1496
0.77815.8_1.5_86 55204.38549110209715 r 16.0322 0.0040 6.0000 15.8098 1.5888 11.2233 11.2866 11.1496
0.77815.8_1.5_86 55204.37724019880261 r 16.0257 0.0040 6.0000 15.8098 1.5888 11.2233 11.2866 11.1496
0.77815.8_1.5_86 55182.40304321810254 r 15.9731 0.0039 6.0000 15.8098 1.5888 11.2233 11.2866 11.1496
0.77815.8_1.5_86 55207.38521307789779 r 15.3758 0.0028 6.0000 15.8098 1.5888 11.2233 11.2866 11.1496
0.77815.8_1.5_86 55951.30163475019799 i 14.8653 0.0145 6.0000 15.8098 1.5888 11.2233 11.2866 11.1496
0.77815.8_1.5_86 55951.32314400649921 i 14.8880 0.0145 6.0000 15.8098 1.5888 11.2233 11.2866 11.1496
0.77815.8_1.5_86 55207.38521307789779 z 13.9093 0.0146 6.0000 15.8098 1.5888 11.2233 11.2866 11.1496
0.77815.8_1.5_86 55207.38521307789779 y 13.6502 0.0149 6.0000 15.8098 1.5888 11.2233 11.2866 11.1496
0.81213.4_1.2_86 55207.38521307789779 g 13.8467 0.0152 6.5000 13.4062 1.2968 8.5975 8.7138 8.5840
0.81213.8_1.3_86 55207.38521307789779 g 14.2835 0.0151 6.5000 13.8543 1.3102 9.0460 9.1471 9.0437
0.81214.3_1.3_86 55207.38521307789779 g 15.0760 0.0148 6.5000 14.3077 1.3799 9.5385 9.6207 9.4875
0.81214.3_1.3_86 55204.38549110209715 r 13.9329 0.0014 6.5000 14.3077 1.3799 9.5385 9.6207 9.4875
0.81214.3_1.3_86 55204.37724019880261 r 13.9317 0.0013 6.5000 14.3077 1.3799 9.5385 9.6207 9.4875
0.81214.3_1.3_86 55182.40304321810254 r 13.5758 0.0012 6.5000 14.3077 1.3799 9.5385 9.6207 9.4875
0.81214.7_1.4_86 55207.38521307789779 g 15.6014 0.0149 6.5000 14.7784 1.4174 10.0196 10.0921 9.9818
0.81214.7_1.4_86 55204.38549110209715 r 14.5334 0.0018 6.5000 14.7784 1.4174 10.0196 10.0921 9.9818
0.81214.7_1.4_86 55204.37724019880261 r 14.5316 0.0018 6.5000 14.7784 1.4174 10.0196 10.0921 9.9818
0.81214.7_1.4_86 55182.40304321810254 r 14.0919 0.0014 6.5000 14.7784 1.4174 10.0196 10.0921 9.9818
0.81214.7_1.4_86 55207.38521307789779 r 13.9051 0.0013 6.5000 14.7784 1.4174 10.0196 10.0921 9.9818
0.81214.7_1.4_86 55951.30163475019799 i 13.8131 0.0151 6.5000 14.7784 1.4174 10.0196 10.0921 9.9818
0.81214.7_1.4_86 55951.32314400649921 i 13.7574 0.0152 6.5000 14.7784 1.4174 10.0196 10.0921 9.9818
0.81215.2_1.4_86 55207.38521307789779 g 16.2829 0.0156 6.5000 15.2692 1.4843 10.5327 10.6130 10.4719
0.81215.2_1.4_86 55204.38549110209715 r 15.1827 0.0025 6.5000 15.2692 1.4843 10.5327 10.6130 10.4719
0.81215.2_1.4_86 55204.37724019880261 r 15.1831 0.0025 6.5000 15.2692 1.4843 10.5327 10.6130 10.4719
0.81215.2_1.4_86 55182.40304321810254 r 14.7375 0.0020 6.5000 15.2692 1.4843 10.5327 10.6130 10.4719
0.81215.2_1.4_86 55207.38521307789779 r 14.5531 0.0018 6.5000 15.2692 1.4843 10.5327 10.6130 10.4719
0.81215.2_1.4_86 55951.30163475019799 i 14.4683 0.0147 6.5000 15.2692 1.4843 10.5327 10.6130 10.4719
0.81215.2_1.4_86 55951.32314400649921 i 14.4276 0.0147 6.5000 15.2692 1.4843 10.5327 10.6130 10.4719
0.81215.8_1.5_86 55207.38521307789779 g 17.2601 0.0182 6.5000 15.8098 1.5888 11.1308 11.1571 11.0179
0.81215.8_1.5_86 55204.38549110209715 r 15.9431 0.0038 6.5000 15.8098 1.5888 11.1308 11.1571 11.0179
0.81215.8_1.5_86 55204.37724019880261 r 15.9375 0.0038 6.5000 15.8098 1.5888 11.1308 11.1571 11.0179
0.81215.8_1.5_86 55182.40304321810254 r 15.5578 0.0031 6.5000 15.8098 1.5888 11.1308 11.1571 11.0179
0.81215.8_1.5_86 55207.38521307789779 r 15.3983 0.0028 6.5000 15.8098 1.5888 11.1308 11.1571 11.0179
0.81215.8_1.5_86 55951.30163475019799 i 15.1868 0.0146 6.5000 15.8098 1.5888 11.1308 11.1571 11.0179
0.81215.8_1.5_86 55951.32314400649921 i 15.1199 0.0146 6.5000 15.8098 1.5888 11.1308 11.1571 11.0179
0.81215.8_1.5_86 55207.38521307789779 z 13.9271 0.0146 6.5000 15.8098 1.5888 11.1308 11.1571 11.0179
0.81215.8_1.5_86 55207.38521307789779 y 13.5516 0.0148 6.5000 15.8098 1.5888 11.1308 11.1571 11.0179
0.84513.4_1.2_86 55207.38521307789779 g 13.7366 0.0152 7.0000 13.4062 1.2968 8.5172 8.6186 8.4773
0.84513.8_1.3_86 55207.38521307789779 g 14.2672 0.0151 7.0000 13.8543 1.3102 8.9503 9.0529 8.9466
0.84514.3_1.3_86 55207.38521307789779 g 14.9632 0.0149 7.0000 14.3077 1.3799 9.4235 9.5313 9.3943
0.84514.3_1.3_86 55204.38549110209715 r 13.9275 0.0013 7.0000 14.3077 1.3799 9.4235 9.5313 9.3943
0.84514.3_1.3_86 55204.37724019880261 r 13.9248 0.0013 7.0000 14.3077 1.3799 9.4235 9.5313 9.3943
0.84514.3_1.3_86 55182.40304321810254 r 13.7567 0.0013 7.0000 14.3077 1.3799 9.4235 9.5313 9.3943
0.84514.7_1.4_86 55207.38521307789779 g 15.6295 0.0150 7.0000 14.7784 1.4174 9.9368 9.9905 9.8740
0.84514.7_1.4_86 55204.38549110209715 r 14.4518 0.0017 7.0000 14.7784 1.4174 9.9368 9.9905 9.8740
0.84514.7_1.4_86 55204.37724019880261 r 14.4515 0.0017 7.0000 14.7784 1.4174 9.9368 9.9905 9.8740
0.84514.7_1.4_86 55182.40304321810254 r 14.3076 0.0016 7.0000 14.7784 1.4174 9.9368 9.9905 9.8740
0.84514.7_1.4_86 55207.38521307789779 r 13.9039 0.0013 7.0000 14.7784 1.4174 9.9368 9.9905 9.8740
0.84514.7_1.4_86 55951.30163475019799 i 13.6013 0.0153 7.0000 14.7784 1.4174 9.9368 9.9905 9.8740
0.84514.7_1.4_86 55951.32314400649921 i 13.5487 0.0154 7.0000 14.7784 1.4174 9.9368 9.9905 9.8740
0.84515.2_1.4_86 55207.38521307789779 g 16.2629 0.0156 7.0000 15.2692 1.4843 10.4368 10.5157 10.3966
0.84515.2_1.4_86 55204.38549110209715 r 15.1399 0.0024 7.0000 15.2692 1.4843 10.4368 10.5157 10.3966
0.84515.2_1.4_86 55204.37724019880261 r 15.1391 0.0024 7.0000 15.2692 1.4843 10.4368 10.5157 10.3966
0.84515.2_1.4_86 55182.40304321810254 r 14.9657 0.0022 7.0000 15.2692 1.4843 10.4368 10.5157 10.3966
0.84515.2_1.4_86 55207.38521307789779 r 14.4875 0.0017 7.0000 15.2692 1.4843 10.4368 10.5157 10.3966
0.84515.2_1.4_86 55951.30163475019799 i 14.1171 0.0149 7.0000 15.2692 1.4843 10.4368 10.5157 10.3966
0.84515.2_1.4_86 55951.32314400649921 i 14.1258 0.0149 7.0000 15.2692 1.4843 10.4368 10.5157 10.3966
0.84515.8_1.5_86 55207.38521307789779 g 17.0821 0.0175 7.0000 15.8098 1.5888 11.0533 11.0761 10.9210
0.84515.8_1.5_86 55204.38549110209715 r 15.9518 0.0038 7.0000 15.8098 1.5888 11.0533 11.0761 10.9210
0.84515.8_1.5_86 55204.37724019880261 r 15.9516 0.0038 7.0000 15.8098 1.5888 11.0533 11.0761 10.9210
0.84515.8_1.5_86 55182.40304321810254 r 15.7699 0.0035 7.0000 15.8098 1.5888 11.0533 11.0761 10.9210
0.84515.8_1.5_86 55207.38521307789779 r 15.2291 0.0025 7.0000 15.8098 1.5888 11.0533 11.0761 10.9210
0.84515.8_1.5_86 55951.30163475019799 i 14.8460 0.0145 7.0000 15.8098 1.5888 11.0533 11.0761 10.9210
0.84515.8_1.5_86 55951.32314400649921 i 14.8643 0.0145 7.0000 15.8098 1.5888 11.0533 11.0761 10.9210
0.84515.8_1.5_86 55207.38521307789779 z 13.8181 0.0146 7.0000 15.8098 1.5888 11.0533 11.0761 10.9210
0.87513.4_1.2_86 55207.38521307789779 g 13.9393 0.0152 7.5000 13.4062 1.2968 8.4207 8.5258 8.3858
0.87513.8_1.3_86 55207.38521307789779 g 14.2323 0.0151 7.5000 13.8543 1.3102 8.8566 8.9602 8.8387
0.87514.3_1.3_86 55207.38521307789779 g 14.9012 0.0149 7.5000 14.3077 1.3799 9.3568 9.4294 9.3087
0.87514.3_1.3_86 55204.38549110209715 r 13.9323 0.0013 7.5000 14.3077 1.3799 9.3568 9.4294 9.3087
0.87514.3_1.3_86 55204.37724019880261 r 13.9318 0.0013 7.5000 14.3077 1.3799 9.3568 9.4294 9.3087
0.87514.3_1.3_86 55182.40304321810254 r 13.9942 0.0014 7.5000 14.3077 1.3799 9.3568 9.4294 9.3087
0.87514.7_1.4_86 55207.38521307789779 g 15.5609 0.0149 7.5000 14.7784 1.4174 9.8421 9.9227 9.7854
0.87514.7_1.4_86 55204.38549110209715 r 14.4653 0.0017 7.5000 14.7784 1.4174 9.8421 9.9227 9.7854
0.87514.7_1.4_86 55204.37724019880261 r 14.4630 0.0017 7.5000 14.7784 1.4174 9.8421 9.9227 9.7854
0.87514.7_1.4_86 55182.40304321810254 r 14.5207 0.0018 7.5000 14.7784 1.4174 9.8421 9.9227 9.7854
0.87514.7_1.4_86 55207.38521307789779 r 13.8088 0.0013 7.5000 14.7784 1.4174 9.8421 9.9227 9.7854
0.87515.2_1.4_86 55207.38521307789779 g 16.2366 0.0155 7.5000 15.2692 1.4843 10.3553 10.4074 10.2928
0.87515.2_1.4_86 55204.38549110209715 r 15.1343 0.0024 7.5000 15.2692 1.4843 10.3553 10.4074 10.2928
0.87515.2_1.4_86 55204.37724019880261 r 15.1324 0.0024 7.5000 15.2692 1.4843 10.3553 10.4074 10.2928
0.87515.2_1.4_86 55182.40304321810254 r 15.1916 0.0025 7.5000 15.2692 1.4843 10.3553 10.4074 10.2928
0.87515.2_1.4_86 55207.38521307789779 r 14.4369 0.0017 7.5000 15.2692 1.4843 10.3553 10.4074 10.2928
0.87515.2_1.4_86 55951.30163475019799 i 14.0887 0.0149 7.5000 15.2692 1.4843 10.3553 10.4074 10.2928
0.87515.2_1.4_86 55951.32314400649921 i 14.1462 0.0149 7.5000 15.2692 1.4843 10.3553 10.4074 10.2928
0.87515.8_1.5_86 55207.38521307789779 g 17.0795 0.0175 7.5000 15.8098 1.5888 10.9299 10.9848 10.8308
0.87515.8_1.5_86 55204.38549110209715 r 15.9368 0.0038 7.5000 15.8098 1.5888 10.9299 10.9848 10.8308
0.87515.8_1.5_86 55204.37724019880261 r 15.9379 0.0038 7.5000 15.8098 1.5888 10.9299 10.9848 10.8308
0.87515.8_1.5_86 55182.40304321810254 r 16.0008 0.0040 7.5000 15.8098 1.5888 10.9299 10.9848 10.8308
0.87515.8_1.5_86 55207.38521307789779 r 15.1988 0.0025 7.5000 15.8098 1.5888 10.9299 10.9848 10.8308
0.87515.8_1.5_86 55951.30163475019799 i 14.7827 0.0146 7.5000 15.8098 1.5888 10.9299 10.9848 10.8308
0.87515.8_1.5_86 55951.32314400649921 i 14.8195 0.0146 7.5000 15.8098 1.5888 10.9299 10.9848 10.8308
0.87515.8_1.5_86 55207.38521307789779 z 13.7923 0.0146 7.5000 15.8098 1.5888 10.9299 10.9848 10.8308
0.90313.4_1.2_86 55207.38521307789779 g 13.7944 0.0152 8.0000 13.4062 1.2968 8.3292 8.4412 8.3113
0.90313.8_1.3_86 55207.38521307789779 g 14.2821 0.0151 8.0000 13.8543 1.3102 8.7984 8.9065 8.7465
0.90314.3_1.3_86 55207.38521307789779 g 14.9726 0.0149 8.0000 14.3077 1.3799 9.2526 9.3443 9.2317
0.90314.3_1.3_86 55204.38549110209715 r 13.8555 0.0013 8.0000 14.3077 1.3799 9.2526 9.3443 9.2317
0.90314.3_1.3_86 55204.37724019880261 r 13.8558 0.0013 8.0000 14.3077 1.3799 9.2526 9.3443 9.2317
0.90314.3_1.3_86 55182.40304321810254 r 13.5152 0.0011 8.0000 14.3077 1.3799 9.2526 9.3443 9.2317
0.90314.7_1.4_86 55207.38521307789779 g 15.6104 0.0149 8.0000 14.7784 1.4174 9.7409 9.8322 9.7024
0.90314.7_1.4_86 55204.38549110209715 r 14.3747 0.0016 8.0000 14.7784 1.4174 9.7409 9.8322 9.7024
0.90314.7_1.4_86 55204.37724019880261 r 14.3762 0.0017 8.0000 14.7784 1.4174 9.7409 9.8322 9.7024
0.90314.7_1.4_86 55182.40304321810254 r 14.0830 0.0014 8.0000 14.7784 1.4174 9.7409 9.8322 9.7024
0.90314.7_1.4_86 55207.38521307789779 r 13.8087 0.0013 8.0000 14.7784 1.4174 9.7409 9.8322 9.7024
0.90315.2_1.4_86 55207.38521307789779 g 16.0583 0.0153 8.0000 15.2692 1.4843 10.2809 10.3466 10.1989
0.90315.2_1.4_86 55204.38549110209715 r 15.1601 0.0025 8.0000 15.2692 1.4843 10.2809 10.3466 10.1989
0.90315.2_1.4_86 55204.37724019880261 r 15.1644 0.0025 8.0000 15.2692 1.4843 10.2809 10.3466 10.1989
0.90315.2_1.4_86 55182.40304321810254 r 14.7130 0.0019 8.0000 15.2692 1.4843 10.2809 10.3466 10.1989
0.90315.2_1.4_86 55207.38521307789779 r 14.3020 0.0016 8.0000 15.2692 1.4843 10.2809 10.3466 10.1989
0.90315.2_1.4_86 55951.30163475019799 i 13.8972 0.0151 8.0000 15.2692 1.4843 10.2809 10.3466 10.1989
0.90315.2_1.4_86 55951.32314400649921 i 13.8641 0.0151 8.0000 15.2692 1.4843 10.2809 10.3466 10.1989
0.90315.8_1.5_86 55207.38521307789779 g 17.2052 0.0180 8.0000 15.8098 1.5888 10.8579 10.9154 10.7436
0.90315.8_1.5_86 55204.38549110209715 r 15.8398 0.0036 8.0000 15.8098 1.5888 10.8579 10.9154 10.7436
0.90315.8_1.5_86 55204.37724019880261 r 15.8411 0.0036 8.0000 15.8098 1.5888 10.8579 10.9154 10.7436
0.90315.8_1.5_86 55182.40304321810254 r 15.5146 0.0030 8.0000 15.8098 1.5888 10.8579 10.9154 10.7436
0.90315.8_1.5_86 55207.38521307789779 r 15.2168 0.0025 8.0000 15.8098 1.5888 10.8579 10.9154 10.7436
0.90315.8_1.5_86 55951.30163475019799 i 14.7407 0.0146 8.0000 15.8098 1.5888 10.8579 10.9154 10.7436
0.90315.8_1.5_86 55951.32314400649921 i 14.7050 0.0146 8.0000 15.8098 1.5888 10.8579 10.9154 10.7436
0.90315.8_1.5_86 55207.38521307789779 z 13.7666 0.0146 8.0000 15.8098 1.5888 10.8579 10.9154 10.7436
0.92913.4_1.2_86 55207.38521307789779 g 13.6760 0.0152 8.5000 13.4062 1.2968 8.2532 8.3420 8.2315
0.92913.8_1.3_86 55207.38521307789779 g 14.2834 0.0151 8.5000 13.8543 1.3102 8.6925 8.7903 8.6976
0.92914.3_1.3_86 55207.38521307789779 g 14.7441 0.0149 8.5000 14.3077 1.3799 9.1882 9.2728 9.1307
0.92914.3_1.3_86 55204.38549110209715 r 13.8741 0.0013 8.5000 14.3077 1.3799 9.1882 9.2728 9.1307
0.92914.3_1.3_86 55204.37724019880261 r 13.8737 0.0013 8.5000 14.3077 1.3799 9.1882 9.2728 9.1307
0.92914.7_1.4_86 55207.38521307789779 g 15.6232 0.0150 8.5000 14.7784 1.4174 9.6635 9.7671 9.6116
0.92914.7_1.4_86 55204.38549110209715 r 14.3158 0.0016 8.5000 14.7784 1.4174 9.6635 9.7671 9.6116
0.92914.7_1.4_86 55204.37724019880261 r 14.3159 0.0016 8.5000 14.7784 1.4174 9.6635 9.7671 9.6116
0.92914.7_1.4_86 55182.40304321810254 r 13.8183 0.0013 8.5000 14.7784 1.4174 9.6635 9.7671 9.6116
0.92914.7_1.4_86 55207.38521307789779 r 13.7627 0.0013 8.5000 14.7784 1.4174 9.6635 9.7671 9.6116
0.92914.7_1.4_86 55951.30163475019799 i 13.5459 0.0154 8.5000 14.7784 1.4174 9.6635 9.7671 9.6116
0.92914.7_1.4_86 55951.32314400649921 i 13.5769 0.0153 8.5000 14.7784 1.4174 9.6635 9.7671 9.6116
0.92915.2_1.4_86 55207.38521307789779 g 16.1458 0.0154 8.5000 15.2692 1.4843 10.1845 10.2610 10.1264
0.92915.2_1.4_86 55204.38549110209715 r 15.0455 0.0023 8.5000 15.2692 1.4843 10.1845 10.2610 10.1264
0.92915.2_1.4_86 55204.37724019880261 r 15.0468 0.0023 8.5000 15.2692 1.4843 10.1845 10.2610 10.1264
0.92915.2_1.4_86 55182.40304321810254 r 14.3942 0.0017 8.5000 15.2692 1.4843 10.1845 10.2610 10.1264
0.92915.2_1.4_86 55207.38521307789779 r 14.3253 0.0016 8.5000 15.2692 1.4843 10.1845 10.2610 10.1264
0.92915.2_1.4_86 55951.30163475019799 i 14.2084 0.0148 8.5000 15.2692 1.4843 10.1845 10.2610 10.1264
0.92915.2_1.4_86 55951.32314400649921 i 14.2167 0.0148 8.5000 15.2692 1.4843 10.1845 10.2610 10.1264
0.92915.8_1.5_86 55207.38521307789779 g 17.1445 0.0177 8.5000 15.8098 1.5888 10.7712 10.8209 10.6814
0.92915.8_1.5_86 55204.38549110209715 r 15.7974 0.0035 8.5000 15.8098 1.5888 10.7712 10.8209 10.6814
0.92915.8_1.5_86 55204.37724019880261 r 15.8028 0.0035 8.5000 15.8098 1.5888 10.7712 10.8209 10.6814
0.92915.8_1.5_86 55182.40304321810254 r 15.2162 0.0025 8.5000 15.8098 1.5888 10.7712 10.8209 10.6814
0.92915.8_1.5_86 55207.38521307789779 r 15.1480 0.0024 8.5000 15.8098 1.5888 10.7712 10.8209 10.6814
0.92915.8_1.5_86 55951.30163475019799 i 14.9731 0.0146 8.5000 15.8098 1.5888 10.7712 10.8209 10.6814
0.92915.8_1.5_86 55951.32314400649921 i 14.8956 0.0145 8.5000 15.8098 1.5888 10.7712 10.8209 10.6814
0.92915.8_1.5_86 55207.38521307789779 z 13.6469 0.0147 8.5000 15.8098 1.5888 10.7712 10.8209 10.6814
0.95413.4_1.2_86 55207.38521307789779 g 13.5422 0.0153 9.0000 13.4062 1.2968 8.1902 8.2831 8.1588
0.95413.8_1.3_86 55207.38521307789779 g 14.1766 0.0151 9.0000 13.8543 1.3102 8.6241 8.7355 8.5978
0.95414.3_1.3_86 55207.38521307789779 g 14.6885 0.0149 9.0000 14.3077 1.3799 9.0936 9.2157 9.0720
0.95414.3_1.3_86 55204.38549110209715 r 13.8435 0.0013 9.0000 14.3077 1.3799 9.0936 9.2157 9.0720
0.95414.3_1.3_86 55204.37724019880261 r 13.8429 0.0013 9.0000 14.3077 1.3799 9.0936 9.2157 9.0720
0.95414.7_1.4_86 55207.38521307789779 g 15.5365 0.0149 9.0000 14.7784 1.4174 9.5994 9.6915 9.5422
0.95414.7_1.4_86 55204.38549110209715 r 14.2793 0.0016 9.0000 14.7784 1.4174 9.5994 9.6915 9.5422
0.95414.7_1.4_86 55204.37724019880261 r 14.2737 0.0016 9.0000 14.7784 1.4174 9.5994 9.6915 9.5422
0.95414.7_1.4_86 55182.40304321810254 r 13.8503 0.0013 9.0000 14.7784 1.4174 9.5994 9.6915 9.5422
0.95414.7_1.4_86 55207.38521307789779 r 13.6949 0.0012 9.0000 14.7784 1.4174 9.5994 9.6915 9.5422
0.95414.7_1.4_86 55951.30163475019799 i 13.6135 0.0153 9.0000 14.7784 1.4174 9.5994 9.6915 9.5422
0.95414.7_1.4_86 55951.32314400649921 i 13.5946 0.0153 9.0000 14.7784 1.4174 9.5994 9.6915 9.5422
0.95415.2_1.4_86 55207.38521307789779 g 16.1606 0.0154 9.0000 15.2692 1.4843 10.1016 10.1782 10.0447
0.95415.2_1.4_86 55204.38549110209715 r 14.9710 0.0022 9.0000 15.2692 1.4843 10.1016 10.1782 10.0447
0.95415.2_1.4_86 55204.37724019880261 r 14.9755 0.0022 9.0000 15.2692 1.4843 10.1016 10.1782 10.0447
0.95415.2_1.4_86 55182.40304321810254 r 14.4703 0.0017 9.0000 15.2692 1.4843 10.1016 10.1782 10.0447
0.95415.2_1.4_86 55207.38521307789779 r 14.2894 0.0016 9.0000 15.2692 1.4843 10.1016 10.1782 10.0447
0.95415.2_1.4_86 55951.30163475019799 i 14.1641 0.0148 9.0000 15.2692 1.4843 10.1016 10.1782 10.0447
0.95415.2_1.4_86 55951.32314400649921 i 14.1926 0.0148 9.0000 15.2692 1.4843 10.1016 10.1782 10.0447
0.95415.8_1.5_86 55207.38521307789779 g 17.0097 0.0173 9.0000 15.8098 1.5888 10.6833 10.7546 10.5975
0.95415.8_1.5_86 55204.38549110209715 r 15.7845 0.0035 9.0000 15.8098 1.5888 10.6833 10.7546 10.5975
0.95415.8_1.5_86 55204.37724019880261 r 15.7821 0.0035 9.0000 15.8098 1.5888 10.6833 10.7546 10.5975
0.95415.8_1.5_86 55182.40304321810254 r 15.2528 0.0026 9.0000 15.8098 1.5888 10.6833 10.7546 10.5975
0.95415.8_1.5_86 55207.38521307789779 r 15.0550 0.0023 9.0000 15.8098 1.5888 10.6833 10.7546 10.5975
0.95415.8_1.5_86 55951.30163475019799 i 14.9747 0.0146 9.0000 15.8098 1.5888 10.6833 10.7546 10.5975
0.95415.8_1.5_86 55951.32314400649921 i 14.9704 0.0146 9.0000 15.8098 1.5888 10.6833 10.7546 10.5975
0.95415.8_1.5_86 55207.38521307789779 z 13.5277 0.0147 9.0000 15.8098 1.5888 10.6833 10.7546 10.5975
0.97713.4_1.2_86 55207.38521307789779 g 13.6516 0.0153 9.5000 13.4062 1.2968 8.1111 8.1974 8.0923
0.97713.8_1.3_86 55207.38521307789779 g 14.0254 0.0152 9.5000 13.8543 1.3102 8.5470 8.6882 8.5341
0.97714.3_1.3_86 55207.38521307789779 g 14.8120 0.0149 9.5000 14.3077 1.3799 9.0087 9.1357 8.9916
0.97714.3_1.3_86 55204.38549110209715 r 13.7145 0.0012 9.5000 14.3077 1.3799 9.0087 9.1357 8.9916
0.97714.3_1.3_86 55204.37724019880261 r 13.7167 0.0012 9.5000 14.3077 1.3799 9.0087 9.1357 8.9916
0.97714.7_1.4_86 55207.38521307789779 g 15.4339 0.0149 9.5000 14.7784 1.4174 9.5076 9.6094 9.4667
0.97714.7_1.4_86 55204.38549110209715 r 14.2561 0.0016 9.5000 14.7784 1.4174 9.5076 9.6094 9.4667
0.97714.7_1.4_86 55204.37724019880261 r 14.2548 0.0016 9.5000 14.7784 1.4174 9.5076 9.6094 9.4667
0.97714.7_1.4_86 55182.40304321810254 r 13.9401 0.0014 9.5000 14.7784 1.4174 9.5076 9.6094 9.4667
0.97714.7_1.4_86 55207.38521307789779 r 13.6009 0.0012 9.5000 14.7784 1.4174 9.5076 9.6094 9.4667
0.97715.2_1.4_86 55207.38521307789779 g 16.0256 0.0153 9.5000 15.2692 1.4843 10.0405 10.1118 9.9796
0.97715.2_1.4_86 55204.38549110209715 r 14.9779 0.0022 9.5000 15.2692 1.4843 10.0405 10.1118 9.9796
0.97715.2_1.4_86 55204.37724019880261 r 14.9754 0.0022 9.5000 15.2692 1.4843 10.0405 10.1118 9.9796
0.97715.2_1.4_86 55182.40304321810254 r 14.5901 0.0018 9.5000 15.2692 1.4843 10.0405 10.1118 9.9796
0.97715.2_1.4_86 55207.38521307789779 r 14.1703 0.0015 9.5000 15.2692 1.4843 10.0405 10.1118 9.9796
0.97715.2_1.4_86 55951.30163475019799 i 13.8714 0.0151 9.5000 15.2692 1.4843 10.0405 10.1118 9.9796
0.97715.2_1.4_86 55951.32314400649921 i 13.8582 0.0151 9.5000 15.2692 1.4843 10.0405 10.1118 9.9796
0.97715.8_1.5_86 55207.38521307789779 g 16.9456 0.0171 9.5000 15.8098 1.5888 10.5978 10.6700 10.5334
0.97715.8_1.5_86 55204.38549110209715 r 15.7401 0.0034 9.5000 15.8098 1.5888 10.5978 10.6700 10.5334
0.97715.8_1.5_86 55204.37724019880261 r 15.7411 0.0034 9.5000 15.8098 1.5888 10.5978 10.6700 10.5334
0.97715.8_1.5_86 55182.40304321810254 r 15.3781 0.0028 9.5000 15.8098 1.5888 10.5978 10.6700 10.5334
0.97715.8_1.5_86 55207.38521307789779 r 14.9872 0.0022 9.5000 15.8098 1.5888 10.5978 10.6700 10.5334
0.97715.8_1.5_86 55951.30163475019799 i 14.5602 0.0146 9.5000 15.8098 1.5888 10.5978 10.6700 10.5334
0.97715.8_1.5_86 55951.32314400649921 i 14.5857 0.0146 9.5000 15.8098 1.5888 10.5978 10.6700 10.5334
1.04113.8_1.3_86 55207.38521307789779 g 13.6675 0.0152 11.0000 13.8543 1.3102 8.3569 8.4826 8.3292
1.04114.3_1.3_86 55207.38521307789779 g 14.3476 0.0150 11.0000 14.3077 1.3799 8.8411 8.9521 8.8104
1.04114.7_1.4_86 55207.38521307789779 g 14.9301 0.0149 11.0000 14.7784 1.4174 9.3166 9.4275 9.2724
1.04114.7_1.4_86 55204.38549110209715 r 13.9668 0.0014 11.0000 14.7784 1.4174 9.3166 9.4275 9.2724
1.04114.7_1.4_86 55204.37724019880261 r 13.9671 0.0014 11.0000 14.7784 1.4174 9.3166 9.4275 9.2724
1.04114.7_1.4_86 55182.40304321810254 r 13.9596 0.0014 11.0000 14.7784 1.4174 9.3166 9.4275 9.2724
1.04115.2_1.4_86 55207.38521307789779 g 15.7128 0.0150 11.0000 15.2692 1.4843 9.8389 9.9272 9.7790
1.04115.2_1.4_86 55204.38549110209715 r 14.6076 0.0018 11.0000 15.2692 1.4843 9.8389 9.9272 9.7790
1.04115.2_1.4_86 55204.37724019880261 r 14.6121 0.0018 11.0000 15.2692 1.4843 9.8389 9.9272 9.7790
1.04115.2_1.4_86 55182.40304321810254 r 14.6059 0.0018 11.0000 15.2692 1.4843 9.8389 9.9272 9.7790
1.04115.2_1.4_86 55207.38521307789779 r 13.9470 0.0014 11.0000 15.2692 1.4843 9.8389 9.9272 9.7790
1.04115.2_1.4_86 55951.30163475019799 i 14.0905 0.0149 11.0000 15.2692 1.4843 9.8389 9.9272 9.7790
1.04115.2_1.4_86 55951.32314400649921 i 14.0703 0.0149 11.0000 15.2692 1.4843 9.8389 9.9272 9.7790
1.04115.8_1.5_86 55207.38521307789779 g 16.5459 0.0161 11.0000 15.8098 1.5888 10.4411 10.4716 10.3405
1.04115.8_1.5_86 55204.38549110209715 r 15.4033 0.0028 11.0000 15.8098 1.5888 10.4411 10.4716 10.3405
1.04115.8_1.5_86 55204.37724019880261 r 15.4091 0.0028 11.0000 15.8098 1.5888 10.4411 10.4716 10.3405
1.04115.8_1.5_86 55182.40304321810254 r 15.3997 0.0028 11.0000 15.8098 1.5888 10.4411 10.4716 10.3405
1.04115.8_1.5_86 55207.38521307789779 r 14.7174 0.0019 11.0000 15.8098 1.5888 10.4411 10.4716 10.3405
1.04115.8_1.5_86 55951.30163475019799 i 14.8138 0.0146 11.0000 15.8098 1.5888 10.4411 10.4716 10.3405
1.04115.8_1.5_86 55951.32314400649921 i 14.8069 0.0146 11.0000 15.8098 1.5888 10.4411 10.4716 10.3405
1.06013.8_1.3_86 55207.38521307789779 g 13.6511 0.0153 11.5000 13.8543 1.3102 8.2870 8.4050 8.2935
1.06014.3_1.3_86 55207.38521307789779 g 14.3972 0.0150 11.5000 14.3077 1.3799 8.7846 8.8836 8.7512
1.06014.7_1.4_86 55207.38521307789779 g 14.9152 0.0149 11.5000 14.7784 1.4174 9.2712 9.3563 9.2226
1.06014.7_1.4_86 55204.38549110209715 r 13.8975 0.0013 11.5000 14.7784 1.4174 9.2712 9.3563 9.2226
1.06014.7_1.4_86 55204.37724019880261 r 13.8933 0.0013 11.5000 14.7784 1.4174 9.2712 9.3563 9.2226
1.06014.7_1.4_86 55182.40304321810254 r 13.7414 0.0012 11.5000 14.7784 1.4174 9.2712 9.3563 9.2226
1.06015.2_1.4_86 55207.38521307789779 g 15.5590 0.0149 11.5000 15.2692 1.4843 9.7839 9.8773 9.7265
1.06015.2_1.4_86 55204.38549110209715 r 14.5572 0.0018 11.5000 15.2692 1.4843 9.7839 9.8773 9.7265
1.06015.2_1.4_86 55204.37724019880261 r 14.5580 0.0018 11.5000 15.2692 1.4843 9.7839 9.8773 9.7265
1.06015.2_1.4_86 55182.40304321810254 r 14.3921 0.0017 11.5000 15.2692 1.4843 9.7839 9.8773 9.7265
1.06015.2_1.4_86 55207.38521307789779 r 13.8412 0.0013 11.5000 15.2692 1.4843 9.7839 9.8773 9.7265
1.06015.2_1.4_86 55951.30163475019799 i 14.1519 0.0149 11.5000 15.2692 1.4843 9.7839 9.8773 9.7265
1.06015.2_1.4_86 55951.32314400649921 i 14.1388 0.0149 11.5000 15.2692 1.4843 9.7839 9.8773 9.7265
1.06015.8_1.5_86 55207.38521307789779 g 16.5651 0.0161 11.5000 15.8098 1.5888 10.3521 10.4359 10.2763
1.06015.8_1.5_86 55204.38549110209715 r 15.3193 0.0027 11.5000 15.8098 1.5888 10.3521 10.4359 10.2763
1.06015.8_1.5_86 55204.37724019880261 r 15.3228 0.0027 11.5000 15.8098 1.5888 10.3521 10.4359 10.2763
1.06015.8_1.5_86 55182.40304321810254 r 15.1789 0.0025 11.5000 15.8098 1.5888 10.3521 10.4359 10.2763
1.06015.8_1.5_86 55207.38521307789779 r 14.7148 0.0019 11.5000 15.8098 1.5888 10.3521 10.4359 10.2763
1.06015.8_1.5_86 55951.30163475019799 i 14.7296 0.0146 11.5000 15.8098 1.5888 10.3521 10.4359 10.2763
1.06015.8_1.5_86 55951.32314400649921 i 14.7480 0.0146 11.5000 15.8098 1.5888 10.3521 10.4359 10.2763
1.07913.8_1.3_86 55207.38521307789779 g 13.6390 0.0153 12.0000 13.8543 1.3102 8.2423 8.3649 8.2108
1.07914.3_1.3_86 55207.38521307789779 g 14.3165 0.0150 12.0000 14.3077 1.3799 8.7312 8.8236 8.6810
1.07914.7_1.4_86 55207.38521307789779 g 14.9867 0.0149 12.0000 14.7784 1.4174 9.2257 9.3174 9.1675
1.07914.7_1.4_86 55204.38549110209715 r 13.8156 0.0013 12.0000 14.7784 1.4174 9.2257 9.3174 9.1675
1.07914.7_1.4_86 55204.37724019880261 r 13.8151 0.0013 12.0000 14.7784 1.4174 9.2257 9.3174 9.1675
1.07914.7_1.4_86 55182.40304321810254 r 13.5176 0.0011 12.0000 14.7784 1.4174 9.2257 9.3174 9.1675
1.07915.2_1.4_86 55207.38521307789779 g 15.4462 0.0149 12.0000 15.2692 1.4843 9.7253 9.8253 9.6576
1.07915.2_1.4_86 55204.38549110209715 r 14.4984 0.0017 12.0000 15.2692 1.4843 9.7253 9.8253 9.6576
1.07915.2_1.4_86 55204.37724019880261 r 14.5041 0.0018 12.0000 15.2692 1.4843 9.7253 9.8253 9.6576
1.07915.2_1.4_86 55182.40304321810254 r 14.1116 0.0015 12.0000 15.2692 1.4843 9.7253 9.8253 9.6576
1.07915.2_1.4_86 55207.38521307789779 r 13.7456 0.0012 12.0000 15.2692 1.4843 9.7253 9.8253 9.6576
1.07915.8_1.5_86 55207.38521307789779 g 16.4785 0.0159 12.0000 15.8098 1.5888 10.3047 10.3689 10.2096
1.07915.8_1.5_86 55204.38549110209715 r 15.2660 0.0026 12.0000 15.8098 1.5888 10.3047 10.3689 10.2096
1.07915.8_1.5_86 55204.37724019880261 r 15.2709 0.0026 12.0000 15.8098 1.5888 10.3047 10.3689 10.2096
1.07915.8_1.5_86 55182.40304321810254 r 14.9239 0.0022 12.0000 15.8098 1.5888 10.3047 10.3689 10.2096
1.07915.8_1.5_86 55207.38521307789779 r 14.6050 0.0018 12.0000 15.8098 1.5888 10.3047 10.3689 10.2096
1.07915.8_1.5_86 55951.30163475019799 i 14.1658 0.0148 12.0000 15.8098 1.5888 10.3047 10.3689 10.2096
1.07915.8_1.5_86 55951.32314400649921 i 14.1734 0.0148 12.0000 15.8098 1.5888 10.3047 10.3689 10.2096
1.09613.8_1.3_86 55207.38521307789779 g 13.5611 0.0153 12.5000 13.8543 1.3102 8.1861 8.3059 8.1710
1.09614.3_1.3_86 55207.38521307789779 g 14.3281 0.0150 12.5000 14.3077 1.3799 8.6786 8.7862 8.6367
1.09614.7_1.4_86 55207.38521307789779 g 14.8417 0.0149 12.5000 14.7784 1.4174 9.1502 9.2469 9.0830
1.09614.7_1.4_86 55204.38549110209715 r 13.7694 0.0013 12.5000 14.7784 1.4174 9.1502 9.2469 9.0830
1.09614.7_1.4_86 55204.37724019880261 r 13.7713 0.0013 12.5000 14.7784 1.4174 9.1502 9.2469 9.0830
1.09615.2_1.4_86 55207.38521307789779 g 15.6161 0.0150 12.5000 15.2692 1.4843 9.6675 9.7719 9.6009
1.09615.2_1.4_86 55204.38549110209715 r 14.4068 0.0017 12.5000 15.2692 1.4843 9.6675 9.7719 9.6009
1.09615.2_1.4_86 55204.37724019880261 r 14.4068 0.0017 12.5000 15.2692 1.4843 9.6675 9.7719 9.6009
1.09615.2_1.4_86 55182.40304321810254 r 13.8380 0.0013 12.5000 15.2692 1.4843 9.6675 9.7719 9.6009
1.09615.2_1.4_86 55207.38521307789779 r 13.8449 0.0013 12.5000 15.2692 1.4843 9.6675 9.7719 9.6009
1.09615.2_1.4_86 55951.30163475019799 i 13.8578 0.0151 12.5000 15.2692 1.4843 9.6675 9.7719 9.6009
1.09615.2_1.4_86 55951.32314400649921 i 13.7824 0.0152 12.5000 15.2692 1.4843 9.6675 9.7719 9.6009
1.09615.8_1.5_86 55207.38521307789779 g 16.4326 0.0159 12.5000 15.8098 1.5888 10.2463 10.3287 10.1529
1.09615.8_1.5_86 55204.38549110209715 r 15.2015 0.0025 12.5000 15.8098 1.5888 10.2463 10.3287 10.1529
1.09615.8_1.5_86 55204.37724019880261 r 15.2046 0.0025 12.5000 15.8098 1.5888 10.2463 10.3287 10.1529
1.09615.8_1.5_86 55182.40304321810254 r 14.5876 0.0018 12.5000 15.8098 1.5888 10.2463 10.3287 10.1529
1.09615.8_1.5_86 55207.38521307789779 r 14.5848 0.0018 12.5000 15.8098 1.5888 10.2463 10.3287 10.1529
1.09615.8_1.5_86 55951.30163475019799 i 14.5737 0.0146 12.5000 15.8098 1.5888 10.2463 10.3287 10.1529
1.09615.8_1.5_86 55951.32314400649921 i 14.6049 0.0146 12.5000 15.8098 1.5888 10.2463 10.3287 10.1529
1.11314.3_1.3_86 55207.38521307789779 g 14.3224 0.0150 13.0000 14.3077 1.3799 8.6087 8.7301 8.5868
1.11314.7_1.4_86 55207.38521307789779 g 14.7130 0.0149 13.0000 14.7784 1.4174 9.1096 9.2112 9.0509
1.11314.7_1.4_86 55204.38549110209715 r 13.7135 0.0012 13.0000 14.7784 1.4174 9.1096 9.2112 9.0509
1.11314.7_1.4_86 55204.37724019880261 r 13.7169 0.0012 13.0000 14.7784 1.4174 9.1096 9.2112 9.0509
1.11315.2_1.4_86 55207.38521307789779 g 15.6780 0.0150 13.0000 15.2692 1.4843 9.6227 9.7061 9.5477
1.11315.2_1.4_86 55204.38549110209715 r 14.3340 0.0016 13.0000 15.2692 1.4843 9.6227 9.7061 9.5477
1.11315.2_1.4_86 55204.37724019880261 r 14.3376 0.0016 13.0000 15.2692 1.4843 9.6227 9.7061 9.5477
1.11315.2_1.4_86 55182.40304321810254 r 14.0071 0.0014 13.0000 15.2692 1.4843 9.6227 9.7061 9.5477
1.11315.2_1.4_86 55207.38521307789779 r 13.8710 0.0013 13.0000 15.2692 1.4843 9.6227 9.7061 9.5477
1.11315.2_1.4_86 55951.30163475019799 i 13.6085 0.0153 13.0000 15.2692 1.4843 9.6227 9.7061 9.5477
1.11315.2_1.4_86 55951.32314400649921 i 13.5901 0.0153 13.0000 15.2692 1.4843 9.6227 9.7061 9.5477
1.11315.8_1.5_86 55207.38521307789779 g 16.4117 0.0158 13.0000 15.8098 1.5888 10.1870 10.2824 10.1078
1.11315.8_1.5_86 55204.38549110209715 r 15.1459 0.0024 13.0000 15.8098 1.5888 10.1870 10.2824 10.1078
1.11315.8_1.5_86 55204.37724019880261 r 15.1486 0.0024 13.0000 15.8098 1.5888 10.1870 10.2824 10.1078
1.11315.8_1.5_86 55182.40304321810254 r 14.7137 0.0019 13.0000 15.8098 1.5888 10.1870 10.2824 10.1078
1.11315.8_1.5_86 55207.38521307789779 r 14.5327 0.0018 13.0000 15.8098 1.5888 10.1870 10.2824 10.1078
1.11315.8_1.5_86 55951.30163475019799 i 14.2482 0.0148 13.0000 15.8098 1.5888 10.1870 10.2824 10.1078
1.11315.8_1.5_86 55951.32314400649921 i 14.2577 0.0148 13.0000 15.8098 1.5888 10.1870 10.2824 10.1078
1.13013.8_1.3_86 55207.38521307789779 g 13.5775 0.0153 13.5000 13.8543 1.3102 8.0903 8.2160 8.0595
1.13014.3_1.3_86 55207.38521307789779 g 14.1767 0.0151 13.5000 14.3077 1.3799 8.5666 8.6798 8.5254
1.13014.7_1.4_86 55207.38521307789779 g 14.9024 0.0149 13.5000 14.7784 1.4174 9.0529 9.1494 9.0034
1.13014.7_1.4_86 55204.38549110209715 r 13.6430 0.0012 13.5000 14.7784 1.4174 9.0529 9.1494 9.0034
1.13014.7_1.4_86 55204.37724019880261 r 13.6434 0.0012 13.5000 14.7784 1.4174 9.0529 9.1494 9.0034
1.13015.2_1.4_86 55207.38521307789779 g 15.3032 0.0149 13.5000 15.2692 1.4843 9.5469 9.6609 9.5038
1.13015.2_1.4_86 55204.38549110209715 r 14.3160 0.0016 13.5000 15.2692 1.4843 9.5469 9.6609 9.5038
1.13015.2_1.4_86 55204.37724019880261 r 14.3177 0.0016 13.5000 15.2692 1.4843 9.5469 9.6609 9.5038
1.13015.2_1.4_86 55182.40304321810254 r 13.9171 0.0013 13.5000 15.2692 1.4843 9.5469 9.6609 9.5038
1.13015.2_1.4_86 55207.38521307789779 r 13.5912 0.0012 13.5000 15.2692 1.4843 9.5469 9.6609 9.5038
1.13015.8_1.5_86 55207.38521307789779 g 16.4144 0.0158 13.5000 15.8098 1.5888 10.1612 10.2182 10.0593
1.13015.8_1.5_86 55204.38549110209715 r 15.0813 0.0024 13.5000 15.8098 1.5888 10.1612 10.2182 10.0593
1.13015.8_1.5_86 55204.37724019880261 r 15.0880 0.0024 13.5000 15.8098 1.5888 10.1612 10.2182 10.0593
1.13015.8_1.5_86 55182.40304321810254 r 14.7788 0.0020 13.5000 15.8098 1.5888 10.1612 10.2182 10.0593
1.13015.8_1.5_86 55207.38521307789779 r 14.5271 0.0018 13.5000 15.8098 1.5888 10.1612 10.2182 10.0593
1.13015.8_1.5_86 55951.30163475019799 i 14.1646 0.0148 13.5000 15.8098 1.5888 10.1612 10.2182 10.0593
1.13015.8_1.5_86 55951.32314400649921 i 14.1646 0.0148 13.5000 15.8098 1.5888 10.1612 10.2182 10.0593
1.14614.3_1.3_86 55207.38521307789779 g 14.0882 0.0151 14.0000 14.3077 1.3799 8.5200 8.6349 8.4955
1.14614.7_1.4_86 55207.38521307789779 g 14.5624 0.0150 14.0000 14.7784 1.4174 8.9897 9.1058 8.9763
1.14614.7_1.4_86 55204.38549110209715 r 13.7384 0.0012 14.0000 14.7784 1.4174 8.9897 9.1058 8.9763
1.14614.7_1.4_86 55204.37724019880261 r 13.7376 0.0012 14.0000 14.7784 1.4174 8.9897 9.1058 8.9763
1.14615.2_1.4_86 55207.38521307789779 g 15.1340 0.0148 14.0000 15.2692 1.4843 9.5158 9.6053 9.4548
1.14615.2_1.4_86 55204.38549110209715 r 14.4045 0.0017 14.0000 15.2692 1.4843 9.5158 9.6053 9.4548
1.14615.2_1.4_86 55204.37724019880261 r 14.4090 0.0017 14.0000 15.2692 1.4843 9.5158 9.6053 9.4548
1.14615.2_1.4_86 55182.40304321810254 r 13.9476 0.0014 14.0000 15.2692 1.4843 9.5158 9.6053 9.4548
1.14615.8_1.5_86 55207.38521307789779 g 15.9628 0.0152 14.0000 15.8098 1.5888 10.0908 10.1562 9.9998
1.14615.8_1.5_86 55204.38549110209715 r 15.1976 0.0025 14.0000 15.8098 1.5888 10.0908 10.1562 9.9998
1.14615.8_1.5_86 55204.37724019880261 r 15.2020 0.0025 14.0000 15.8098 1.5888 10.0908 10.1562 9.9998
1.14615.8_1.5_86 55182.40304321810254 r 14.7285 0.0020 14.0000 15.8098 1.5888 10.0908 10.1562 9.9998
1.14615.8_1.5_86 55207.38521307789779 r 14.2637 0.0016 14.0000 15.8098 1.5888 10.0908 10.1562 9.9998
1.14615.8_1.5_86 55951.30163475019799 i 14.1066 0.0149 14.0000 15.8098 1.5888 10.0908 10.1562 9.9998
1.14615.8_1.5_86 55951.32314400649921 i 14.0599 0.0149 14.0000 15.8098 1.5888 10.0908 10.1562 9.9998
1.16114.3_1.3_86 55207.38521307789779 g 13.9629 0.0152 14.5000 14.3077 1.3799 8.4683 8.5954 8.4213
1.16114.7_1.4_86 55207.38521307789779 g 14.5259 0.0150 14.5000 14.7784 1.4174 8.9433 9.0572 8.9037
1.16114.7_1.4_86 55204.38549110209715 r 13.6832 0.0012 14.5000 14.7784 1.4174 8.9433 9.0572 8.9037
1.16114.7_1.4_86 55204.37724019880261 r 13.6836 0.0012 14.5000 14.7784 1.4174 8.9433 9.0572 8.9037
1.16115.2_1.4_86 55207.38521307789779 g 15.3224 0.0149 14.5000 15.2692 1.4843 9.4745 9.5633 9.4016
1.16115.2_1.4_86 55204.38549110209715 r 14.3188 0.0016 14.5000 15.2692 1.4843 9.4745 9.5633 9.4016
1.16115.2_1.4_86 55204.37724019880261 r 14.3209 0.0016 14.5000 15.2692 1.4843 9.4745 9.5633 9.4016
1.16115.2_1.4_86 55182.40304321810254 r 14.0209 0.0014 14.5000 15.2692 1.4843 9.4745 9.5633 9.4016
1.16115.2_1.4_86 55207.38521307789779 r 13.5702 0.0012 14.5000 15.2692 1.4843 9.4745 9.5633 9.4016
1.16115.8_1.5_86 55207.38521307789779 g 16.0605 0.0153 14.5000 15.8098 1.5888 10.0414 10.1262 9.9701
1.16115.8_1.5_86 55204.38549110209715 r 15.1270 0.0024 14.5000 15.8098 1.5888 10.0414 10.1262 9.9701
1.16115.8_1.5_86 55204.37724019880261 r 15.1284 0.0024 14.5000 15.8098 1.5888 10.0414 10.1262 9.9701
1.16115.8_1.5_86 55182.40304321810254 r 14.7934 0.0020 14.5000 15.8098 1.5888 10.0414 10.1262 9.9701
1.16115.8_1.5_86 55207.38521307789779 r 14.2749 0.0016 14.5000 15.8098 1.5888 10.0414 10.1262 9.9701
1.16115.8_1.5_86 55951.30163475019799 i 14.1052 0.0149 14.5000 15.8098 1.5888 10.0414 10.1262 9.9701
1.16115.8_1.5_86 55951.32314400649921 i 14.1193 0.0149 14.5000 15.8098 1.5888 10.0414 10.1262 9.9701
1.17614.3_1.3_86 55207.38521307789779 g 13.7645 0.0152 15.0000 14.3077 1.3799 8.4145 8.5480 8.3939
1.17614.7_1.4_86 55207.38521307789779 g 14.4157 0.0150 15.0000 14.7784 1.4174 8.9102 9.0213 8.8645
1.17614.7_1.4_86 55204.38549110209715 r 13.6450 0.0012 15.0000 14.7784 1.4174 8.9102 9.0213 8.8645
1.17614.7_1.4_86 55204.37724019880261 r 13.6437 0.0012 15.0000 14.7784 1.4174 8.9102 9.0213 8.8645
1.17615.2_1.4_86 55207.38521307789779 g 15.2413 0.0148 15.0000 15.2692 1.4843 9.4235 9.5300 9.3770
1.17615.2_1.4_86 55204.38549110209715 r 14.2800 0.0016 15.0000 15.2692 1.4843 9.4235 9.5300 9.3770
1.17615.2_1.4_86 55204.37724019880261 r 14.2776 0.0016 15.0000 15.2692 1.4843 9.4235 9.5300 9.3770
1.17615.2_1.4_86 55182.40304321810254 r 14.0981 0.0015 15.0000 15.2692 1.4843 9.4235 9.5300 9.3770
1.17615.2_1.4_86 55207.38521307789779 r 13.5031 0.0011 15.0000 15.2692 1.4843 9.4235 9.5300 9.3770
1.17615.2_1.4_86 55951.30163475019799 i 13.7438 0.0152 15.0000 15.2692 1.4843 9.4235 9.5300 9.3770
1.17615.2_1.4_86 55951.32314400649921 i 13.7243 0.0152 15.0000 15.2692 1.4843 9.4235 9.5300 9.3770
1.17615.8_1.5_86 55207.38521307789779 g 16.0151 0.0153 15.0000 15.8098 1.5888 10.0267 10.0777 9.9176
1.17615.8_1.5_86 55204.38549110209715 r 15.0809 0.0024 15.0000 15.8098 1.5888 10.0267 10.0777 9.9176
1.17615.8_1.5_86 55204.37724019880261 r 15.0787 0.0023 15.0000 15.8098 1.5888 10.0267 10.0777 9.9176
1.17615.8_1.5_86 55182.40304321810254 r 14.8815 0.0021 15.0000 15.8098 1.5888 10.0267 10.0777 9.9176
1.17615.8_1.5_86 55207.38521307789779 r 14.2437 0.0016 15.0000 15.8098 1.5888 10.0267 10.0777 9.9176
1.17615.8_1.5_86 55951.30163475019799 i 14.5125 0.0146 15.0000 15.8098 1.5888 10.0267 10.0777 9.9176
1.17615.8_1.5_86 55951.32314400649921 i 14.5146 0.0146 15.0000 15.8098 1.5888 10.0267 10.0777 9.9176
1.19014.3_1.3_86 55207.38521307789779 g 13.9359 0.0152 15.5000 14.3077 1.3799 8.3843 8.5098 8.3475
1.19014.7_1.4_86 55207.38521307789779 g 14.5719 0.0150 15.5000 14.7784 1.4174 8.8644 8.9734 8.8057
1.19014.7_1.4_86 55204.38549110209715 r 13.5794 0.0012 15.5000 14.7784 1.4174 8.8644 8.9734 8.8057
1.19014.7_1.4_86 55204.37724019880261 r 13.5784 0.0012 15.5000 14.7784 1.4174 8.8644 8.9734 8.8057
1.19015.2_1.4_86 55207.38521307789779 g 15.1292 0.0148 15.5000 15.2692 1.4843 9.3749 9.4722 9.3342
1.19015.2_1.4_86 55204.38549110209715 r 14.2456 0.0016 15.5000 15.2692 1.4843 9.3749 9.4722 9.3342
1.19015.2_1.4_86 55204.37724019880261 r 14.2482 0.0016 15.5000 15.2692 1.4843 9.3749 9.4722 9.3342
1.19015.2_1.4_86 55182.40304321810254 r 14.1504 0.0015 15.5000 15.2692 1.4843 9.3749 9.4722 9.3342
1.19015.8_1.5_86 55207.38521307789779 g 16.1105 0.0154 15.5000 15.8098 1.5888 9.9382 10.0577 9.8745
1.19015.8_1.5_86 55204.38549110209715 r 15.0214 0.0023 15.5000 15.8098 1.5888 9.9382 10.0577 9.8745
1.19015.8_1.5_86 55204.37724019880261 r 15.0212 0.0023 15.5000 15.8098 1.5888 9.9382 10.0577 9.8745
1.19015.8_1.5_86 55182.40304321810254 r 14.9329 0.0022 15.5000 15.8098 1.5888 9.9382 10.0577 9.8745
1.19015.8_1.5_86 55207.38521307789779 r 14.2608 0.0016 15.5000 15.8098 1.5888 9.9382 10.0577 9.8745
1.19015.8_1.5_86 55951.30163475019799 i 13.9481 0.0150 15.5000 15.8098 1.5888 9.9382 10.0577 9.8745
1.19015.8_1.5_86 55951.32314400649921 i 13.9088 0.0150 15.5000 15.8098 1.5888 9.9382 10.0577 9.8745
1.20414.3_1.3_86 55207.38521307789779 g 13.9361 0.0152 16.0000 14.3077 1.3799 8.3285 8.4566 8.3151
1.20414.7_1.4_86 55207.38521307789779 g 14.5287 0.0150 16.0000 14.7784 1.4174 8.8219 8.9485 8.7966
1.20414.7_1.4_86 55204.38549110209715 r 13.6042 0.0012 16.0000 14.7784 1.4174 8.8219 8.9485 8.7966
1.20414.7_1.4_86 55204.37724019880261 r 13.6047 0.0012 16.0000 14.7784 1.4174 8.8219 8.9485 8.7966
1.20414.7_1.4_86 55182.40304321810254 r 13.5288 0.0011 16.0000 14.7784 1.4174 8.8219 8.9485 8.7966
1.20415.2_1.4_86 55207.38521307789779 g 15.2185 0.0148 16.0000 15.2692 1.4843 9.3180 9.4507 9.2580
1.20415.2_1.4_86 55204.38549110209715 r 14.2541 0.0016 16.0000 15.2692 1.4843 9.3180 9.4507 9.2580
1.20415.2_1.4_86 55204.37724019880261 r 14.2537 0.0016 16.0000 15.2692 1.4843 9.3180 9.4507 9.2580
1.20415.2_1.4_86 55182.40304321810254 r 14.1794 0.0015 16.0000 15.2692 1.4843 9.3180 9.4507 9.2580
1.20415.2_1.4_86 55951.30163475019799 i 13.5924 0.0153 16.0000 15.2692 1.4843 9.3180 9.4507 9.2580
1.20415.2_1.4_86 55951.32314400649921 i 13.6320 0.0153 16.0000 15.2692 1.4843 9.3180 9.4507 9.2580
1.20415.8_1.5_86 55207.38521307789779 g 16.1575 0.0154 16.0000 15.8098 1.5888 9.9240 10.0109 9.8172
1.20415.8_1.5_86 55204.38549110209715 r 15.0390 0.0023 16.0000 15.8098 1.5888 9.9240 10.0109 9.8172
1.20415.8_1.5_86 55204.37724019880261 r 15.0374 0.0023 16.0000 15.8098 1.5888 9.9240 10.0109 9.8172
1.20415.8_1.5_86 55182.40304321810254 r 14.9617 0.0022 16.0000 15.8098 1.5888 9.9240 10.0109 9.8172
1.20415.8_1.5_86 55207.38521307789779 r 14.2873 0.0016 16.0000 15.8098 1.5888 9.9240 10.0109 9.8172
1.20415.8_1.5_86 55951.30163475019799 i 14.3294 0.0147 16.0000 15.8098 1.5888 9.9240 10.0109 9.8172
1.20415.8_1.5_86 55951.32314400649921 i 14.3081 0.0147 16.0000 15.8098 1.5888 9.9240 10.0109 9.8172
1.21714.3_1.3_86 55207.38521307789779 g 13.6700 0.0152 16.5000 14.3077 1.3799 8.2836 8.4048 8.2600
1.21714.7_1.4_86 55207.38521307789779 g 14.2144 0.0151 16.5000 14.7784 1.4174 8.7595 8.9004 8.7221
1.21714.7_1.4_86 55204.38549110209715 r 13.6244 0.0012 16.5000 14.7784 1.4174 8.7595 8.9004 8.7221
1.21714.7_1.4_86 55204.37724019880261 r 13.6263 0.0012 16.5000 14.7784 1.4174 8.7595 8.9004 8.7221
1.21714.7_1.4_86 55182.40304321810254 r 13.6499 0.0012 16.5000 14.7784 1.4174 8.7595 8.9004 8.7221
1.21715.2_1.4_86 55207.38521307789779 g 14.7239 0.0149 16.5000 15.2692 1.4843 9.3038 9.4038 9.2266
1.21715.2_1.4_86 55204.38549110209715 r 14.3196 0.0016 16.5000 15.2692 1.4843 9.3038 9.4038 9.2266
1.21715.2_1.4_86 55204.37724019880261 r 14.3174 0.0016 16.5000 15.2692 1.4843 9.3038 9.4038 9.2266
1.21715.2_1.4_86 55182.40304321810254 r 14.3472 0.0016 16.5000 15.2692 1.4843 9.3038 9.4038 9.2266
1.21715.8_1.5_86 55207.38521307789779 g 15.6968 0.0150 16.5000 15.8098 1.5888 9.9021 9.9618 9.7891
1.21715.8_1.5_86 55204.38549110209715 r 15.0945 0.0024 16.5000 15.8098 1.5888 9.9021 9.9618 9.7891
1.21715.8_1.5_86 55204.37724019880261 r 15.0917 0.0024 16.5000 15.8098 1.5888 9.9021 9.9618 9.7891
1.21715.8_1.5_86 55182.40304321810254 r 15.1208 0.0024 16.5000 15.8098 1.5888 9.9021 9.9618 9.7891
1.21715.8_1.5_86 55207.38521307789779 r 13.9985 0.0014 16.5000 15.8098 1.5888 9.9021 9.9618 9.7891
1.21715.8_1.5_86 55951.30163475019799 i 13.8660 0.0151 16.5000 15.8098 1.5888 9.9021 9.9618 9.7891
1.21715.8_1.5_86 55951.32314400649921 i 13.8558 0.0151 16.5000 15.8098 1.5888 9.9021 9.9618 9.7891
1.23014.7_1.4_86 55207.38521307789779 g 14.3009 0.0151 17.0000 14.7784 1.4174 8.7339 8.8455 8.6951
1.23014.7_1.4_86 55204.38549110209715 r 13.5842 0.0012 17.0000 14.7784 1.4174 8.7339 8.8455 8.6951
1.23014.7_1.4_86 55204.37724019880261 r 13.5846 0.0012 17.0000 14.7784 1.4174 8.7339 8.8455 8.6951
1.23014.7_1.4_86 55182.40304321810254 r 13.6797 0.0012 17.0000 14.7784 1.4174 8.7339 8.8455 8.6951
1.23015.2_1.4_86 55207.38521307789779 g 15.0830 0.0148 17.0000 15.2692 1.4843 9.2729 9.3631 9.2089
1.23015.2_1.4_86 55204.38549110209715 r 14.2145 0.0015 17.0000 15.2692 1.4843 9.2729 9.3631 9.2089
1.23015.2_1.4_86 55204.37724019880261 r 14.2123 0.0015 17.0000 15.2692 1.4843 9.2729 9.3631 9.2089
1.23015.2_1.4_86 55182.40304321810254 r 14.3013 0.0016 17.0000 15.2692 1.4843 9.2729 9.3631 9.2089
1.23015.2_1.4_86 55951.30163475019799 i 13.6293 0.0153 17.0000 15.2692 1.4843 9.2729 9.3631 9.2089
1.23015.2_1.4_86 55951.32314400649921 i 13.6759 0.0153 17.0000 15.2692 1.4843 9.2729 9.3631 9.2089
1.23015.8_1.5_86 55207.38521307789779 g 16.1174 0.0154 17.0000 15.8098 1.5888 9.8391 9.9324 9.7493
1.23015.8_1.5_86 55204.38549110209715 r 14.9757 0.0022 17.0000 15.8098 1.5888 9.8391 9.9324 9.7493
1.23015.8_1.5_86 55204.37724019880261 r 14.9724 0.0022 17.0000 15.8098 1.5888 9.8391 9.9324 9.7493
1.23015.8_1.5_86 55182.40304321810254 r 15.0510 0.0023 17.0000 15.8098 1.5888 9.8391 9.9324 9.7493
1.23015.8_1.5_86 55207.38521307789779 r 14.2300 0.0015 17.0000 15.8098 1.5888 9.8391 9.9324 9.7493
1.23015.8_1.5_86 55951.30163475019799 i 14.3490 0.0147 17.0000 15.8098 1.5888 9.8391 9.9324 9.7493
1.23015.8_1.5_86 55951.32314400649921 i 14.3331 0.0147 17.0000 15.8098 1.5888 9.8391 9.9324 9.7493
1.24314.3_1.3_86 55207.38521307789779 g 13.5970 0.0153 17.5000 14.3077 1.3799 8.2287 8.3385 8.1853
1.24314.7_1.4_86 55207.38521307789779 g 14.5786 0.0150 17.5000 14.7784 1.4174 8.7265 8.8321 8.6705
1.24314.7_1.4_86 55182.40304321810254 r 13.6074 0.0012 17.5000 14.7784 1.4174 8.7265 8.8321 8.6705
1.24315.2_1.4_86 55207.38521307789779 g 15.0523 0.0148 17.5000 15.2692 1.4843 9.2221 9.3097 9.1395
1.24315.2_1.4_86 55204.38549110209715 r 14.1944 0.0015 17.5000 15.2692 1.4843 9.2221 9.3097 9.1395
1.24315.2_1.4_86 55204.37724019880261 r 14.1959 0.0015 17.5000 15.2692 1.4843 9.2221 9.3097 9.1395
1.24315.2_1.4_86 55182.40304321810254 r 14.3490 0.0016 17.5000 15.2692 1.4843 9.2221 9.3097 9.1395
1.24315.2_1.4_86 55951.30163475019799 i 13.5775 0.0153 17.5000 15.2692 1.4843 9.2221 9.3097 9.1395
1.24315.2_1.4_86 55951.32314400649921 i 13.5718 0.0153 17.5000 15.2692 1.4843 9.2221 9.3097 9.1395
1.24315.8_1.5_86 55207.38521307789779 g 15.9878 0.0152 17.5000 15.8098 1.5888 9.7865 9.9196 9.7096
1.24315.8_1.5_86 55204.38549110209715 r 14.9636 0.0022 17.5000 15.8098 1.5888 9.7865 9.9196 9.7096
1.24315.8_1.5_86 55204.37724019880261 r 14.9678 0.0022 17.5000 15.8098 1.5888 9.7865 9.9196 9.7096
1.24315.8_1.5_86 55182.40304321810254 r 15.1104 0.0024 17.5000 15.8098 1.5888 9.7865 9.9196 9.7096
1.24315.8_1.5_86 55207.38521307789779 r 14.1552 0.0015 17.5000 15.8098 1.5888 9.7865 9.9196 9.7096
1.24315.8_1.5_86 55951.30163475019799 i 14.2693 0.0148 17.5000 15.8098 1.5888 9.7865 9.9196 9.7096
1.24315.8_1.5_86 55951.32314400649921 i 14.2634 0.0148 17.5000 15.8098 1.5888 9.7865 9.9196 9.7096
1.25514.3_1.3_86 55207.38521307789779 g 13.8074 0.0152 18.0000 14.3077 1.3799 8.1918 8.3125 8.1319
1.25514.7_1.4_86 55207.38521307789779 g 14.4534 0.0150 18.0000 14.7784 1.4174 8.6581 8.7791 8.6209
1.25514.7_1.4_86 55182.40304321810254 r 13.6662 0.0012 18.0000 14.7784 1.4174 8.6581 8.7791 8.6209
1.25515.2_1.4_86 55207.38521307789779 g 14.9203 0.0149 18.0000 15.2692 1.4843 9.2054 9.2871 9.1272
1.25515.2_1.4_86 55204.38549110209715 r 14.1860 0.0015 18.0000 15.2692 1.4843 9.2054 9.2871 9.1272
1.25515.2_1.4_86 55204.37724019880261 r 14.1863 0.0015 18.0000 15.2692 1.4843 9.2054 9.2871 9.1272
1.25515.2_1.4_86 55182.40304321810254 r 14.4059 0.0017 18.0000 15.2692 1.4843 9.2054 9.2871 9.1272
1.25515.8_1.5_86 55207.38521307789779 g 15.9479 0.0152 18.0000 15.8098 1.5888 9.7592 9.8431 9.6624
1.25515.8_1.5_86 55204.38549110209715 r 14.9541 0.0022 18.0000 15.8098 1.5888 9.7592 9.8431 9.6624
1.25515.8_1.5_86 55204.37724019880261 r 14.9493 0.0022 18.0000 15.8098 1.5888 9.7592 9.8431 9.6624
1.25515.8_1.5_86 55182.40304321810254 r 15.1499 0.0024 18.0000 15.8098 1.5888 9.7592 9.8431 9.6624
1.25515.8_1.5_86 55207.38521307789779 r 14.0971 0.0015 18.0000 15.8098 1.5888 9.7592 9.8431 9.6624
1.25515.8_1.5_86 55951.30163475019799 i 13.9793 0.0150 18.0000 15.8098 1.5888 9.7592 9.8431 9.6624
1.25515.8_1.5_86 55951.32314400649921 i 13.9472 0.0150 18.0000 15.8098 1.5888 9.7592 9.8431 9.6624
1.26714.3_1.3_86 55207.38521307789779 g 13.5623 0.0153 18.5000 14.3077 1.3799 8.1379 8.2694 8.1030
1.26714.7_1.4_86 55207.38521307789779 g 14.0650 0.0151 18.5000 14.7784 1.4174 8.6239 8.7447 8.5838
1.26714.7_1.4_86 55204.38549110209715 r 13.5388 0.0011 18.5000 14.7784 1.4174 8.6239 8.7447 8.5838
1.26714.7_1.4_86 55204.37724019880261 r 13.5395 0.0011 18.5000 14.7784 1.4174 8.6239 8.7447 8.5838
1.26714.7_1.4_86 55182.40304321810254 r 13.7907 0.0013 18.5000 14.7784 1.4174 8.6239 8.7447 8.5838
1.26715.2_1.4_86 55207.38521307789779 g 14.9661 0.0149 18.5000 15.2692 1.4843 9.1253 9.2437 9.0775
1.26715.2_1.4_86 55204.38549110209715 r 14.1586 0.0015 18.5000 15.2692 1.4843 9.1253 9.2437 9.0775
1.26715.2_1.4_86 55204.37724019880261 r 14.1591 0.0015 18.5000 15.2692 1.4843 9.1253 9.2437 9.0775
1.26715.2_1.4_86 55182.40304321810254 r 14.3827 0.0017 18.5000 15.2692 1.4843 9.1253 9.2437 9.0775
1.26715.8_1.5_86 55207.38521307789779 g 15.6017 0.0149 18.5000 15.8098 1.5888 9.7209 9.8010 9.6597
1.26715.8_1.5_86 55204.38549110209715 r 14.9909 0.0022 18.5000 15.8098 1.5888 9.7209 9.8010 9.6597
1.26715.8_1.5_86 55204.37724019880261 r 14.9883 0.0022 18.5000 15.8098 1.5888 9.7209 9.8010 9.6597
1.26715.8_1.5_86 55182.40304321810254 r 15.2566 0.0026 18.5000 15.8098 1.5888 9.7209 9.8010 9.6597
1.26715.8_1.5_86 55207.38521307789779 r 13.8867 0.0013 18.5000 15.8098 1.5888 9.7209 9.8010 9.6597
1.26715.8_1.5_86 55951.30163475019799 i 13.8516 0.0151 18.5000 15.8098 1.5888 9.7209 9.8010 9.6597
1.26715.8_1.5_86 55951.32314400649921 i 13.8147 0.0151 18.5000 15.8098 1.5888 9.7209 9.8010 9.6597
1.27814.7_1.4_86 55207.38521307789779 g 14.5834 0.0149 19.0000 14.7784 1.4174 8.5921 8.7030 8.5516
1.27814.7_1.4_86 55182.40304321810254 r 13.5521 0.0012 19.0000 14.7784 1.4174 8.5921 8.7030 8.5516
1.27815.2_1.4_86 55207.38521307789779 g 14.8159 0.0149 19.0000 15.2692 1.4843 9.1207 9.2224 9.0456
1.27815.2_1.4_86 55204.38549110209715 r 14.1581 0.0015 19.0000 15.2692 1.4843 9.1207 9.2224 9.0456
1.27815.2_1.4_86 55204.37724019880261 r 14.1592 0.0015 19.0000 15.2692 1.4843 9.1207 9.2224 9.0456
1.27815.2_1.4_86 55182.40304321810254 r 14.3970 0.0017 19.0000 15.2692 1.4843 9.1207 9.2224 9.0456
1.27815.8_1.5_86 55207.38521307789779 g 15.9356 0.0152 19.0000 15.8098 1.5888 9.6868 9.7924 9.6012
1.27815.8_1.5_86 55204.38549110209715 r 14.8993 0.0021 19.0000 15.8098 1.5888 9.6868 9.7924 9.6012
1.27815.8_1.5_86 55204.37724019880261 r 14.8992 0.0021 19.0000 15.8098 1.5888 9.6868 9.7924 9.6012
1.27815.8_1.5_86 55182.40304321810254 r 15.1001 0.0024 19.0000 15.8098 1.5888 9.6868 9.7924 9.6012
1.27815.8_1.5_86 55207.38521307789779 r 14.0524 0.0014 19.0000 15.8098 1.5888 9.6868 9.7924 9.6012
1.27815.8_1.5_86 55951.30163475019799 i 13.8362 0.0151 19.0000 15.8098 1.5888 9.6868 9.7924 9.6012
1.27815.8_1.5_86 55951.32314400649921 i 13.8553 0.0151 19.0000 15.8098 1.5888 9.6868 9.7924 9.6012
1.29014.3_1.3_86 55207.38521307789779 g 13.5282 0.0153 19.5000 14.3077 1.3799 8.0626 8.2106 8.0390
1.29014.7_1.4_86 55207.38521307789779 g 14.2986 0.0151 19.5000 14.7784 1.4174 8.5696 8.6681 8.5241
1.29014.7_1.4_86 55182.40304321810254 r 13.6051 0.0012 19.5000 14.7784 1.4174 8.5696 8.6681 8.5241
1.29015.2_1.4_86 55207.38521307789779 g 14.9936 0.0148 19.5000 15.2692 1.4843 9.0891 9.1825 9.0132
1.29015.2_1.4_86 55204.38549110209715 r 14.0912 0.0014 19.5000 15.2692 1.4843 9.0891 9.1825 9.0132
1.29015.2_1.4_86 55204.37724019880261 r 14.0861 0.0014 19.5000 15.2692 1.4843 9.0891 9.1825 9.0132
1.29015.2_1.4_86 55182.40304321810254 r 14.2664 0.0016 19.5000 15.2692 1.4843 9.0891 9.1825 9.0132
1.29015.8_1.5_86 55207.38521307789779 g 16.1579 0.0154 19.5000 15.8098 1.5888 9.6508 9.7504 9.5655
1.29015.8_1.5_86 55204.38549110209715 r 14.8192 0.0021 19.5000 15.8098 1.5888 9.6508 9.7504 9.5655
1.29015.8_1.5_86 55204.37724019880261 r 14.8188 0.0021 19.5000 15.8098 1.5888 9.6508 9.7504 9.5655
1.29015.8_1.5_86 55182.40304321810254 r 14.9453 0.0022 19.5000 15.8098 1.5888 9.6508 9.7504 9.5655
1.29015.8_1.5_86 55207.38521307789779 r 14.1819 0.0015 19.5000 15.8098 1.5888 9.6508 9.7504 9.5655
1.29015.8_1.5_86 55951.30163475019799 i 13.8152 0.0151 19.5000 15.8098 1.5888 9.6508 9.7504 9.5655
1.29015.8_1.5_86 55951.32314400649921 i 13.8631 0.0151 19.5000 15.8098 1.5888 9.6508 9.7504 9.5655
1.30114.3_1.3_86 55207.38521307789779 g 13.5718 0.0153 20.0000 14.3077 1.3799 8.0385 8.1661 8.0155
1.30114.7_1.4_86 55207.38521307789779 g 14.2895 0.0151 20.0000 14.7784 1.4174 8.5180 8.6583 8.4899
1.30114.7_1.4_86 55182.40304321810254 r 13.5202 0.0011 20.0000 14.7784 1.4174 8.5180 8.6583 8.4899
1.30115.2_1.4_86 55207.38521307789779 g 14.9245 0.0149 20.0000 15.2692 1.4843 9.0336 9.1432 8.9719
1.30115.2_1.4_86 55204.38549110209715 r 14.0805 0.0014 20.0000 15.2692 1.4843 9.0336 9.1432 8.9719
1.30115.2_1.4_86 55204.37724019880261 r 14.0826 0.0014 20.0000 15.2692 1.4843 9.0336 9.1432 8.9719
1.30115.2_1.4_86 55182.40304321810254 r 14.1926 0.0015 20.0000 15.2692 1.4843 9.0336 9.1432 8.9719
1.30115.8_1.5_86 55207.38521307789779 g 15.7995 0.0151 20.0000 15.8098 1.5888 9.6209 9.7140 9.5402
1.30115.8_1.5_86 55204.38549110209715 r 14.8725 0.0021 20.0000 15.8098 1.5888 9.6209 9.7140 9.5402
1.30115.8_1.5_86 55204.37724019880261 r 14.8741 0.0021 20.0000 15.8098 1.5888 9.6209 9.7140 9.5402
1.30115.8_1.5_86 55182.40304321810254 r 14.9832 0.0022 20.0000 15.8098 1.5888 9.6209 9.7140 9.5402
1.30115.8_1.5_86 55207.38521307789779 r 13.9461 0.0014 20.0000 15.8098 1.5888 9.6209 9.7140 9.5402
1.30115.8_1.5_86 55951.30163475019799 i 13.7349 0.0152 20.0000 15.8098 1.5888 9.6209 9.7140 9.5402
1.30115.8_1.5_86 55951.32314400649921 i 13.7993 0.0151 20.0000 15.8098 1.5888 9.6209 9.7140 9.5402
1.31114.3_1.3_86 55207.38521307789779 g 13.7608 0.0152 20.5000 14.3077 1.3799 8.0044 8.1380 7.9807
1.31114.7_1.4_86 55207.38521307789779 g 14.5310 0.0150 20.5000 14.7784 1.4174 8.4809 8.6260 8.4428
1.31115.2_1.4_86 55207.38521307789779 g 15.0419 0.0148 20.5000 15.2692 1.4843 9.0107 9.1078 8.9576
1.31115.2_1.4_86 55204.38549110209715 r 14.1289 0.0015 20.5000 15.2692 1.4843 9.0107 9.1078 8.9576
1.31115.2_1.4_86 55204.37724019880261 r 14.1276 0.0015 20.5000 15.2692 1.4843 9.0107 9.1078 8.9576
1.31115.2_1.4_86 55182.40304321810254 r 14.1327 0.0015 20.5000 15.2692 1.4843 9.0107 9.1078 8.9576
1.31115.8_1.5_86 55207.38521307789779 g 15.9425 0.0152 20.5000 15.8098 1.5888 9.5882 9.6690 9.5060
1.31115.8_1.5_86 55204.38549110209715 r 14.9140 0.0022 20.5000 15.8098 1.5888 9.5882 9.6690 9.5060
1.31115.8_1.5_86 55204.37724019880261 r 14.9110 0.0022 20.5000 15.8098 1.5888 9.5882 9.6690 9.5060
1.31115.8_1.5_86 55182.40304321810254 r 14.9186 0.0022 20.5000 15.8098 1.5888 9.5882 9.6690 9.5060
1.31115.8_1.5_86 55207.38521307789779 r 14.0220 0.0014 20.5000 15.8098 1.5888 9.5882 9.6690 9.5060
1.31115.8_1.5_86 55951.30163475019799 i 13.7334 0.0152 20.5000 15.8098 1.5888 9.5882 9.6690 9.5060
1.31115.8_1.5_86 55951.32314400649921 i 13.7687 0.0152 20.5000 15.8098 1.5888 9.5882 9.6690 9.5060
1.32214.3_1.3_86 55207.38521307789779 g 13.5757 0.0153 21.0000 14.3077 1.3799 7.9708 8.1117 7.9277
1.32214.7_1.4_86 55207.38521307789779 g 14.2349 0.0151 21.0000 14.7784 1.4174 8.4503 8.6071 8.4086
1.32215.2_1.4_86 55207.38521307789779 g 14.9650 0.0149 21.0000 15.2692 1.4843 8.9609 9.1078 8.9150
1.32215.2_1.4_86 55204.38549110209715 r 14.1153 0.0015 21.0000 15.2692 1.4843 8.9609 9.1078 8.9150
1.32215.2_1.4_86 55204.37724019880261 r 14.1167 0.0015 21.0000 15.2692 1.4843 8.9609 9.1078 8.9150
1.32215.2_1.4_86 55182.40304321810254 r 14.0888 0.0014 21.0000 15.2692 1.4843 8.9609 9.1078 8.9150
1.32215.8_1.5_86 55207.38521307789779 g 15.8790 0.0151 21.0000 15.8098 1.5888 9.5616 9.6455 9.4732
1.32215.8_1.5_86 55204.38549110209715 r 14.9048 0.0021 21.0000 15.8098 1.5888 9.5616 9.6455 9.4732
1.32215.8_1.5_86 55204.37724019880261 r 14.9050 0.0021 21.0000 15.8098 1.5888 9.5616 9.6455 9.4732
1.32215.8_1.5_86 55182.40304321810254 r 14.8817 0.0021 21.0000 15.8098 1.5888 9.5616 9.6455 9.4732
1.32215.8_1.5_86 55207.38521307789779 r 13.9638 0.0014 21.0000 15.8098 1.5888 9.5616 9.6455 9.4732
1.32215.8_1.5_86 55951.30163475019799 i 14.0461 0.0149 21.0000 15.8098 1.5888 9.5616 9.6455 9.4732
1.32215.8_1.5_86 55951.32314400649921 i 14.0385 0.0149 21.0000 15.8098 1.5888 9.5616 9.6455 9.4732
1.33214.3_1.3_86 55207.38521307789779 g 13.7405 0.0152 21.5000 14.3077 1.3799 7.9572 8.0484 7.8845
1.33214.7_1.4_86 55207.38521307789779 g 14.4300 0.0150 21.5000 14.7784 1.4174 8.4346 8.5543 8.3979
1.33215.2_1.4_86 55207.38521307789779 g 15.1068 0.0148 21.5000 15.2692 1.4843 8.9433 9.0650 8.8987
1.33215.2_1.4_86 55204.38549110209715 r 14.0407 0.0014 21.5000 15.2692 1.4843 8.9433 9.0650 8.8987
1.33215.2_1.4_86 55204.37724019880261 r 14.0390 0.0014 21.5000 15.2692 1.4843 8.9433 9.0650 8.8987
1.33215.2_1.4_86 55182.40304321810254 r 14.0292 0.0014 21.5000 15.2692 1.4843 8.9433 9.0650 8.8987
1.33215.8_1.5_86 55207.38521307789779 g 15.8293 0.0151 21.5000 15.8098 1.5888 9.5259 9.6117 9.4454
1.33215.8_1.5_86 55204.38549110209715 r 14.8837 0.0021 21.5000 15.8098 1.5888 9.5259 9.6117 9.4454
1.33215.8_1.5_86 55204.37724019880261 r 14.8796 0.0021 21.5000 15.8098 1.5888 9.5259 9.6117 9.4454
1.33215.8_1.5_86 55182.40304321810254 r 14.8669 0.0021 21.5000 15.8098 1.5888 9.5259 9.6117 9.4454
1.33215.8_1.5_86 55207.38521307789779 r 13.9425 0.0014 21.5000 15.8098 1.5888 9.5259 9.6117 9.4454
1.33215.8_1.5_86 55951.30163475019799 i 14.1974 0.0148 21.5000 15.8098 1.5888 9.5259 9.6117 9.4454
1.33215.8_1.5_86 55951.32314400649921 i 14.2751 0.0148 21.5000 15.8098 1.5888 9.5259 9.6117 9.4454
1.34214.3_1.3_86 55207.38521307789779 g 13.6795 0.0152 22.0000 14.3077 1.3799 7.9230 8.0526 7.8999
1.34214.7_1.4_86 55207.38521307789779 g 14.3498 0.0150 22.0000 14.7784 1.4174 8.3946 8.5275 8.3499
1.34215.2_1.4_86 55207.38521307789779 g 15.1747 0.0148 22.0000 15.2692 1.4843 8.9177 9.0255 8.8580
1.34215.2_1.4_86 55204.38549110209715 r 13.9957 0.0014 22.0000 15.2692 1.4843 8.9177 9.0255 8.8580
1.34215.2_1.4_86 55204.37724019880261 r 13.9977 0.0014 22.0000 15.2692 1.4843 8.9177 9.0255 8.8580
1.34215.2_1.4_86 55182.40304321810254 r 13.9975 0.0014 22.0000 15.2692 1.4843 8.9177 9.0255 8.8580
1.34215.8_1.5_86 55207.38521307789779 g 15.6309 0.0150 22.0000 15.8098 1.5888 9.4889 9.5673 9.4048
1.34215.8_1.5_86 55204.38549110209715 r 14.9177 0.0022 22.0000 15.8098 1.5888 9.4889 9.5673 9.4048
1.34215.8_1.5_86 55204.37724019880261 r 14.9174 0.0022 22.0000 15.8098 1.5888 9.4889 9.5673 9.4048
1.34215.8_1.5_86 55182.40304321810254 r 14.9148 0.0022 22.0000 15.8098 1.5888 9.4889 9.5673 9.4048
1.34215.8_1.5_86 55207.38521307789779 r 13.8058 0.0013 22.0000 15.8098 1.5888 9.4889 9.5673 9.4048
1.34215.8_1.5_86 55951.30163475019799 i 14.1342 0.0149 22.0000 15.8098 1.5888 9.4889 9.5673 9.4048
1.34215.8_1.5_86 55951.32314400649921 i 14.2247 0.0148 22.0000 15.8098 1.5888 9.4889 9.5673 9.4048
1.35214.3_1.3_86 55207.38521307789779 g 13.6101 0.0153 22.5000 14.3077 1.3799 7.8816 8.0350 7.8547
1.35214.7_1.4_86 55207.38521307789779 g 14.3340 0.0150 22.5000 14.7784 1.4174 8.3700 8.4862 8.3354
1.35215.2_1.4_86 55207.38521307789779 g 14.7022 0.0149 22.5000 15.2692 1.4843 8.8953 8.9944 8.8369
1.35215.2_1.4_86 55204.38549110209715 r 14.1052 0.0015 22.5000 15.2692 1.4843 8.8953 8.9944 8.8369
1.35215.2_1.4_86 55204.37724019880261 r 14.1063 0.0015 22.5000 15.2692 1.4843 8.8953 8.9944 8.8369
1.35215.2_1.4_86 55182.40304321810254 r 14.0134 0.0014 22.5000 15.2692 1.4843 8.8953 8.9944 8.8369
1.35215.8_1.5_86 55207.38521307789779 g 15.9949 0.0152 22.5000 15.8098 1.5888 9.4716 9.5538 9.3792
1.35215.8_1.5_86 55204.38549110209715 r 14.7761 0.0020 22.5000 15.8098 1.5888 9.4716 9.5538 9.3792
1.35215.8_1.5_86 55204.37724019880261 r 14.7724 0.0020 22.5000 15.8098 1.5888 9.4716 9.5538 9.3792
1.35215.8_1.5_86 55182.40304321810254 r 14.7118 0.0019 22.5000 15.8098 1.5888 9.4716 9.5538 9.3792
1.35215.8_1.5_86 55207.38521307789779 r 14.0063 0.0014 22.5000 15.8098 1.5888 9.4716 9.5538 9.3792
1.35215.8_1.5_86 55951.30163475019799 i 13.6478 0.0153 22.5000 15.8098 1.5888 9.4716 9.5538 9.3792
1.35215.8_1.5_86 55951.32314400649921 i 13.6316 0.0153 22.5000 15.8098 1.5888 9.4716 9.5538 9.3792
1.36114.7_1.4_86 55207.38521307789779 g 14.2876 0.0151 23.0000 14.7784 1.4174 8.3307 8.4684 8.3047
1.36115.2_1.4_86 55207.38521307789779 g 15.0857 0.0148 23.0000 15.2692 1.4843 8.8464 8.9723 8.7910
1.36115.2_1.4_86 55204.38549110209715 r 13.9596 0.0014 23.0000 15.2692 1.4843 8.8464 8.9723 8.7910
1.36115.2_1.4_86 55204.37724019880261 r 13.9572 0.0014 23.0000 15.2692 1.4843 8.8464 8.9723 8.7910
1.36115.2_1.4_86 55182.40304321810254 r 13.7501 0.0012 23.0000 15.2692 1.4843 8.8464 8.9723 8.7910
1.36115.8_1.5_86 55207.38521307789779 g 15.6421 0.0150 23.0000 15.8098 1.5888 9.4458 9.5327 9.3505
1.36115.8_1.5_86 55204.38549110209715 r 14.8542 0.0021 23.0000 15.8098 1.5888 9.4458 9.5327 9.3505
1.36115.8_1.5_86 55204.37724019880261 r 14.8548 0.0021 23.0000 15.8098 1.5888 9.4458 9.5327 9.3505
1.36115.8_1.5_86 55182.40304321810254 r 14.5599 0.0018 23.0000 15.8098 1.5888 9.4458 9.5327 9.3505
1.36115.8_1.5_86 55207.38521307789779 r 13.7791 0.0013 23.0000 15.8098 1.5888 9.4458 9.5327 9.3505
1.36115.8_1.5_86 55951.30163475019799 i 13.6408 0.0153 23.0000 15.8098 1.5888 9.4458 9.5327 9.3505
1.36115.8_1.5_86 55951.32314400649921 i 13.6673 0.0153 23.0000 15.8098 1.5888 9.4458 9.5327 9.3505
1.37114.3_1.3_86 55207.38521307789779 g 13.6422 0.0153 23.5000 14.3077 1.3799 7.8134 7.9609 7.7880
1.37114.7_1.4_86 55207.38521307789779 g 14.2687 0.0151 23.5000 14.7784 1.4174 8.2984 8.4262 8.2586
1.37115.2_1.4_86 55207.38521307789779 g 14.8020 0.0149 23.5000 15.2692 1.4843 8.8090 8.9282 8.7757
1.37115.2_1.4_86 55204.38549110209715 r 14.0261 0.0014 23.5000 15.2692 1.4843 8.8090 8.9282 8.7757
1.37115.2_1.4_86 55204.37724019880261 r 14.0245 0.0014 23.5000 15.2692 1.4843 8.8090 8.9282 8.7757
1.37115.2_1.4_86 55951.30163475019799 i 13.6422 0.0153 23.5000 15.2692 1.4843 8.8090 8.9282 8.7757
1.37115.2_1.4_86 55951.32314400649921 i 13.7119 0.0152 23.5000 15.2692 1.4843 8.8090 8.9282 8.7757
1.37115.8_1.5_86 55207.38521307789779 g 15.5435 0.0149 23.5000 15.8098 1.5888 9.4100 9.5222 9.3036
1.37115.8_1.5_86 55204.38549110209715 r 14.8488 0.0021 23.5000 15.8098 1.5888 9.4100 9.5222 9.3036
1.37115.8_1.5_86 55204.37724019880261 r 14.8479 0.0021 23.5000 15.8098 1.5888 9.4100 9.5222 9.3036
1.37115.8_1.5_86 55182.40304321810254 r 14.2388 0.0015 23.5000 15.8098 1.5888 9.4100 9.5222 9.3036
1.37115.8_1.5_86 55207.38521307789779 r 13.7126 0.0012 23.5000 15.8098 1.5888 9.4100 9.5222 9.3036
1.37115.8_1.5_86 55951.30163475019799 i 14.4593 0.0147 23.5000 15.8098 1.5888 9.4100 9.5222 9.3036
1.37115.8_1.5_86 55951.32314400649921 i 14.5205 0.0146 23.5000 15.8098 1.5888 9.4100 9.5222 9.3036
1.38014.3_1.3_86 55207.38521307789779 g 13.5190 0.0153 24.0000 14.3077 1.3799 7.8167 7.9366 7.7679
1.38014.7_1.4_86 55207.38521307789779 g 13.9641 0.0152 24.0000 14.7784 1.4174 8.3004 8.4034 8.2443
1.38015.2_1.4_86 55207.38521307789779 g 15.0847 0.0148 24.0000 15.2692 1.4843 8.7911 8.9050 8.7454
1.38015.2_1.4_86 55204.38549110209715 r 13.8902 0.0013 24.0000 15.2692 1.4843 8.7911 8.9050 8.7454
1.38015.2_1.4_86 55204.37724019880261 r 13.8887 0.0013 24.0000 15.2692 1.4843 8.7911 8.9050 8.7454
1.38015.8_1.5_86 55207.38521307789779 g 16.0506 0.0153 24.0000 15.8098 1.5888 9.3861 9.4697 9.2940
1.38015.8_1.5_86 55204.38549110209715 r 14.6609 0.0019 24.0000 15.8098 1.5888 9.3861 9.4697 9.2940
1.38015.8_1.5_86 55204.37724019880261 r 14.6612 0.0019 24.0000 15.8098 1.5888 9.3861 9.4697 9.2940
1.38015.8_1.5_86 55182.40304321810254 r 14.1524 0.0015 24.0000 15.8098 1.5888 9.3861 9.4697 9.2940
1.38015.8_1.5_86 55207.38521307789779 r 14.0098 0.0014 24.0000 15.8098 1.5888 9.3861 9.4697 9.2940
1.38015.8_1.5_86 55951.30163475019799 i 13.5963 0.0153 24.0000 15.8098 1.5888 9.3861 9.4697 9.2940
1.38015.8_1.5_86 55951.32314400649921 i 13.6344 0.0153 24.0000 15.8098 1.5888 9.3861 9.4697 9.2940
1.38914.7_1.4_86 55207.38521307789779 g 14.0518 0.0151 24.5000 14.7784 1.4174 8.2459 8.3794 8.2236
1.38915.2_1.4_86 55207.38521307789779 g 15.2225 0.0148 24.5000 15.2692 1.4843 8.7829 8.8859 8.7100
1.38915.2_1.4_86 55204.38549110209715 r 13.8141 0.0013 24.5000 15.2692 1.4843 8.7829 8.8859 8.7100
1.38915.2_1.4_86 55204.37724019880261 r 13.8149 0.0013 24.5000 15.2692 1.4843 8.7829 8.8859 8.7100
1.38915.8_1.5_86 55207.38521307789779 g 15.6730 0.0150 24.5000 15.8098 1.5888 9.3500 9.4514 9.2762
1.38915.8_1.5_86 55204.38549110209715 r 14.7413 0.0020 24.5000 15.8098 1.5888 9.3500 9.4514 9.2762
1.38915.8_1.5_86 55204.37724019880261 r 14.7397 0.0020 24.5000 15.8098 1.5888 9.3500 9.4514 9.2762
1.38915.8_1.5_86 55182.40304321810254 r 13.8270 0.0013 24.5000 15.8098 1.5888 9.3500 9.4514 9.2762
1.38915.8_1.5_86 55207.38521307789779 r 13.7710 0.0013 24.5000 15.8098 1.5888 9.3500 9.4514 9.2762
1.38915.8_1.5_86 55951.30163475019799 i 13.7567 0.0152 24.5000 15.8098 1.5888 9.3500 9.4514 9.2762
1.38915.8_1.5_86 55951.32314400649921 i 13.6787 0.0153 24.5000 15.8098 1.5888 9.3500 9.4514 9.2762
1.39714.3_1.3_86 55207.38521307789779 g 13.5954 0.0153 25.0000 14.3077 1.3799 7.7617 7.8818 7.7123
1.39714.7_1.4_86 55207.38521307789779 g 14.0330 0.0152 25.0000 14.7784 1.4174 8.2207 8.3647 8.2079
1.39715.2_1.4_86 55207.38521307789779 g 14.5508 0.0150 25.0000 15.2692 1.4843 8.7517 8.8579 8.6728
1.39715.2_1.4_86 55204.38549110209715 r 13.9759 0.0014 25.0000 15.2692 1.4843 8.7517 8.8579 8.6728
1.39715.2_1.4_86 55204.37724019880261 r 13.9772 0.0014 25.0000 15.2692 1.4843 8.7517 8.8579 8.6728
1.39715.2_1.4_86 55951.30163475019799 i 13.6325 0.0153 25.0000 15.2692 1.4843 8.7517 8.8579 8.6728
1.39715.2_1.4_86 55951.32314400649921 i 13.6427 0.0153 25.0000 15.2692 1.4843 8.7517 8.8579 8.6728
1.39715.8_1.5_86 55207.38521307789779 g 15.8150 0.0151 25.0000 15.8098 1.5888 9.3273 9.4119 9.2484
1.39715.8_1.5_86 55204.38549110209715 r 14.6681 0.0019 25.0000 15.8098 1.5888 9.3273 9.4119 9.2484
1.39715.8_1.5_86 55204.37724019880261 r 14.6653 0.0019 25.0000 15.8098 1.5888 9.3273 9.4119 9.2484
1.39715.8_1.5_86 55182.40304321810254 r 13.8465 0.0013 25.0000 15.8098 1.5888 9.3273 9.4119 9.2484
1.39715.8_1.5_86 55207.38521307789779 r 13.8472 0.0013 25.0000 15.8098 1.5888 9.3273 9.4119 9.2484
1.39715.8_1.5_86 55951.30163475019799 i 14.0656 0.0149 25.0000 15.8098 1.5888 9.3273 9.4119 9.2484
1.39715.8_1.5_86 55951.32314400649921 i 14.0407 0.0149 25.0000 15.8098 1.5888 9.3273 9.4119 9.2484
1.40614.7_1.4_86 55207.38521307789779 g 13.8610 0.0152 25.5000 14.7784 1.4174 8.2046 8.3225 8.1553
1.40615.2_1.4_86 55207.38521307789779 g 14.8998 0.0149 25.5000 15.2692 1.4843 8.7158 8.8256 8.6612
1.40615.2_1.4_86 55204.38549110209715 r 13.8600 0.0013 25.5000 15.2692 1.4843 8.7158 8.8256 8.6612
1.40615.2_1.4_86 55204.37724019880261 r 13.8603 0.0013 25.5000 15.2692 1.4843 8.7158 8.8256 8.6612
1.40615.8_1.5_86 55207.38521307789779 g 15.7342 0.0150 25.5000 15.8098 1.5888 9.3212 9.3961 9.2060
1.40615.8_1.5_86 55204.38549110209715 r 14.6531 0.0019 25.5000 15.8098 1.5888 9.3212 9.3961 9.2060
1.40615.8_1.5_86 55204.37724019880261 r 14.6547 0.0019 25.5000 15.8098 1.5888 9.3212 9.3961 9.2060
1.40615.8_1.5_86 55182.40304321810254 r 13.8036 0.0013 25.5000 15.8098 1.5888 9.3212 9.3961 9.2060
1.40615.8_1.5_86 55207.38521307789779 r 13.7867 0.0013 25.5000 15.8098 1.5888 9.3212 9.3961 9.2060
1.40615.8_1.5_86 55951.30163475019799 i 13.5096 0.0154 25.5000 15.8098 1.5888 9.3212 9.3961 9.2060
1.41414.7_1.4_86 55207.38521307789779 g 14.3064 0.0151 26.0000 14.7784 1.4174 8.1647 8.3052 8.1394
1.41415.2_1.4_86 55207.38521307789779 g 15.0850 0.0148 26.0000 15.2692 1.4843 8.6835 8.8077 8.6377
1.41415.2_1.4_86 55204.38549110209715 r 13.7781 0.0013 26.0000 15.2692 1.4843 8.6835 8.8077 8.6377
1.41415.2_1.4_86 55204.37724019880261 r 13.7819 0.0013 26.0000 15.2692 1.4843 8.6835 8.8077 8.6377
1.41415.8_1.5_86 55207.38521307789779 g 15.7729 0.0150 26.0000 15.8098 1.5888 9.2807 9.3532 9.1925
1.41415.8_1.5_86 55204.38549110209715 r 14.6148 0.0019 26.0000 15.8098 1.5888 9.2807 9.3532 9.1925
1.41415.8_1.5_86 55204.37724019880261 r 14.6156 0.0019 26.0000 15.8098 1.5888 9.2807 9.3532 9.1925
1.41415.8_1.5_86 55182.40304321810254 r 13.8645 0.0013 26.0000 15.8098 1.5888 9.2807 9.3532 9.1925
1.41415.8_1.5_86 55207.38521307789779 r 13.7959 0.0013 26.0000 15.8098 1.5888 9.2807 9.3532 9.1925
1.41415.8_1.5_86 55951.30163475019799 i 14.0252 0.0150 26.0000 15.8098 1.5888 9.2807 9.3532 9.1925
1.41415.8_1.5_86 55951.32314400649921 i 14.0788 0.0149 26.0000 15.8098 1.5888 9.2807 9.3532 9.1925
1.42314.7_1.4_86 55207.38521307789779 g 14.2188 0.0151 26.5000 14.7784 1.4174 8.1439 8.2917 8.1022
1.42315.2_1.4_86 55207.38521307789779 g 14.6482 0.0149 26.5000 15.2692 1.4843 8.6697 8.7751 8.5992
1.42315.2_1.4_86 55204.38549110209715 r 13.8581 0.0013 26.5000 15.2692 1.4843 8.6697 8.7751 8.5992
1.42315.2_1.4_86 55204.37724019880261 r 13.8560 0.0013 26.5000 15.2692 1.4843 8.6697 8.7751 8.5992
1.42315.8_1.5_86 55207.38521307789779 g 15.6183 0.0150 26.5000 15.8098 1.5888 9.2480 9.3592 9.1639
1.42315.8_1.5_86 55204.38549110209715 r 14.6187 0.0019 26.5000 15.8098 1.5888 9.2480 9.3592 9.1639
1.42315.8_1.5_86 55204.37724019880261 r 14.6257 0.0019 26.5000 15.8098 1.5888 9.2480 9.3592 9.1639
1.42315.8_1.5_86 55182.40304321810254 r 13.8233 0.0013 26.5000 15.8098 1.5888 9.2480 9.3592 9.1639
1.42315.8_1.5_86 55207.38521307789779 r 13.6885 0.0012 26.5000 15.8098 1.5888 9.2480 9.3592 9.1639
1.43114.7_1.4_86 55207.38521307789779 g 14.0954 0.0151 27.0000 14.7784 1.4174 8.1379 8.2489 8.0801
1.43115.2_1.4_86 55207.38521307789779 g 14.7338 0.0149 27.0000 15.2692 1.4843 8.6289 8.7629 8.5879
1.43115.2_1.4_86 55204.38549110209715 r 13.7955 0.0013 27.0000 15.2692 1.4843 8.6289 8.7629 8.5879
1.43115.2_1.4_86 55204.37724019880261 r 13.8007 0.0013 27.0000 15.2692 1.4843 8.6289 8.7629 8.5879
1.43115.8_1.5_86 55207.38521307789779 g 15.6502 0.0150 27.0000 15.8098 1.5888 9.2409 9.3076 9.1447
1.43115.8_1.5_86 55204.38549110209715 r 14.5789 0.0018 27.0000 15.8098 1.5888 9.2409 9.3076 9.1447
1.43115.8_1.5_86 55204.37724019880261 r 14.5803 0.0018 27.0000 15.8098 1.5888 9.2409 9.3076 9.1447
1.43115.8_1.5_86 55182.40304321810254 r 13.8732 0.0013 27.0000 15.8098 1.5888 9.2409 9.3076 9.1447
1.43115.8_1.5_86 55207.38521307789779 r 13.7097 0.0012 27.0000 15.8098 1.5888 9.2409 9.3076 9.1447
1.43115.8_1.5_86 55951.30163475019799 i 13.9854 0.0150 27.0000 15.8098 1.5888 9.2409 9.3076 9.1447
1.43115.8_1.5_86 55951.32314400649921 i 13.9348 0.0150 27.0000 15.8098 1.5888 9.2409 9.3076 9.1447
1.43914.3_1.3_86 55207.38521307789779 g 13.6739 0.0152 27.5000 14.3077 1.3799 7.6260 7.7551 7.5720
1.43914.7_1.4_86 55207.38521307789779 g 14.0767 0.0151 27.5000 14.7784 1.4174 8.0871 8.2199 8.0410
1.43915.2_1.4_86 55207.38521307789779 g 14.5859 0.0149 27.5000 15.2692 1.4843 8.6284 8.7348 8.5747
1.43915.2_1.4_86 55204.38549110209715 r 13.7931 0.0013 27.5000 15.2692 1.4843 8.6284 8.7348 8.5747
1.43915.2_1.4_86 55204.37724019880261 r 13.7971 0.0013 27.5000 15.2692 1.4843 8.6284 8.7348 8.5747
1.43915.8_1.5_86 55207.38521307789779 g 15.6063 0.0149 27.5000 15.8098 1.5888 9.1899 9.3105 9.1104
1.43915.8_1.5_86 55204.38549110209715 r 14.5550 0.0018 27.5000 15.8098 1.5888 9.1899 9.3105 9.1104
1.43915.8_1.5_86 55204.37724019880261 r 14.5545 0.0018 27.5000 15.8098 1.5888 9.1899 9.3105 9.1104
1.43915.8_1.5_86 55182.40304321810254 r 13.8624 0.0013 27.5000 15.8098 1.5888 9.1899 9.3105 9.1104
1.43915.8_1.5_86 55207.38521307789779 r 13.6760 0.0012 27.5000 15.8098 1.5888 9.1899 9.3105 9.1104
1.44714.3_1.3_86 55207.38521307789779 g 13.5124 0.0153 28.0000 14.3077 1.3799 7.5865 7.7322 7.5489
1.44714.7_1.4_86 55207.38521307789779 g 13.9865 0.0152 28.0000 14.7784 1.4174 8.0806 8.2119 8.0166
1.44715.2_1.4_86 55207.38521307789779 g 14.7507 0.0149 28.0000 15.2692 1.4843 8.6043 8.7161 8.5494
1.44715.2_1.4_86 55204.38549110209715 r 13.7243 0.0012 28.0000 15.2692 1.4843 8.6043 8.7161 8.5494
1.44715.2_1.4_86 55204.37724019880261 r 13.7268 0.0012 28.0000 15.2692 1.4843 8.6043 8.7161 8.5494
1.44715.8_1.5_86 55207.38521307789779 g 15.6826 0.0150 28.0000 15.8098 1.5888 9.1548 9.2820 9.0808
1.44715.8_1.5_86 55204.38549110209715 r 14.5009 0.0018 28.0000 15.8098 1.5888 9.1548 9.2820 9.0808
1.44715.8_1.5_86 55204.37724019880261 r 14.5013 0.0018 28.0000 15.8098 1.5888 9.1548 9.2820 9.0808
1.44715.8_1.5_86 55182.40304321810254 r 13.8981 0.0013 28.0000 15.8098 1.5888 9.1548 9.2820 9.0808
1.44715.8_1.5_86 55207.38521307789779 r 13.7181 0.0012 28.0000 15.8098 1.5888 9.1548 9.2820 9.0808
1.44715.8_1.5_86 55951.30163475019799 i 13.8740 0.0151 28.0000 15.8098 1.5888 9.1548 9.2820 9.0808
1.44715.8_1.5_86 55951.32314400649921 i 13.9163 0.0150 28.0000 15.8098 1.5888 9.1548 9.2820 9.0808
1.45414.3_1.3_86 55207.38521307789779 g 13.7371 0.0152 28.5000 14.3077 1.3799 7.5643 7.7123 7.5432
1.45414.7_1.4_86 55207.38521307789779 g 14.1443 0.0151 28.5000 14.7784 1.4174 8.0474 8.1866 8.0339
1.45415.2_1.4_86 55207.38521307789779 g 14.9293 0.0149 28.5000 15.2692 1.4843 8.5742 8.6685 8.4996
1.45415.2_1.4_86 55204.38549110209715 r 13.6582 0.0012 28.5000 15.2692 1.4843 8.5742 8.6685 8.4996
1.45415.2_1.4_86 55204.37724019880261 r 13.6598 0.0012 28.5000 15.2692 1.4843 8.5742 8.6685 8.4996
1.45415.8_1.5_86 55207.38521307789779 g 15.5473 0.0149 28.5000 15.8098 1.5888 9.1493 9.2603 9.0770
1.45415.8_1.5_86 55204.38549110209715 r 14.5026 0.0018 28.5000 15.8098 1.5888 9.1493 9.2603 9.0770
1.45415.8_1.5_86 55204.37724019880261 r 14.5048 0.0018 28.5000 15.8098 1.5888 9.1493 9.2603 9.0770
1.45415.8_1.5_86 55182.40304321810254 r 13.8344 0.0013 28.5000 15.8098 1.5888 9.1493 9.2603 9.0770
1.45415.8_1.5_86 55207.38521307789779 r 13.6092 0.0012 28.5000 15.8098 1.5888 9.1493 9.2603 9.0770
1.46214.3_1.3_86 55207.38521307789779 g 13.5520 0.0153 29.0000 14.3077 1.3799 7.5476 7.6811 7.5208
1.46214.7_1.4_86 55207.38521307789779 g 13.9093 0.0152 29.0000 14.7784 1.4174 8.0212 8.1679 8.0010
1.46215.2_1.4_86 55207.38521307789779 g 14.7869 0.0149 29.0000 15.2692 1.4843 8.5502 8.6746 8.4909
1.46215.2_1.4_86 55204.38549110209715 r 13.6530 0.0012 29.0000 15.2692 1.4843 8.5502 8.6746 8.4909
1.46215.2_1.4_86 55204.37724019880261 r 13.6549 0.0012 29.0000 15.2692 1.4843 8.5502 8.6746 8.4909
1.46215.8_1.5_86 55207.38521307789779 g 15.5765 0.0149 29.0000 15.8098 1.5888 9.1051 9.2299 9.0396
1.46215.8_1.5_86 55204.38549110209715 r 14.4593 0.0017 29.0000 15.8098 1.5888 9.1051 9.2299 9.0396
1.46215.8_1.5_86 55204.37724019880261 r 14.4584 0.0017 29.0000 15.8098 1.5888 9.1051 9.2299 9.0396
1.46215.8_1.5_86 55182.40304321810254 r 13.8586 0.0013 29.0000 15.8098 1.5888 9.1051 9.2299 9.0396
1.46215.8_1.5_86 55207.38521307789779 r 13.6318 0.0012 29.0000 15.8098 1.5888 9.1051 9.2299 9.0396
1.46215.8_1.5_86 55951.30163475019799 i 14.0775 0.0149 29.0000 15.8098 1.5888 9.1051 9.2299 9.0396
1.46215.8_1.5_86 55951.32314400649921 i 14.1176 0.0149 29.0000 15.8098 1.5888 9.1051 9.2299 9.0396
1.46914.7_1.4_86 55207.38521307789779 g 14.2044 0.0151 29.5000 14.7784 1.4174 8.0021 8.1223 7.9659
1.46915.2_1.4_86 55207.38521307789779 g 14.7639 0.0149 29.5000 15.2692 1.4843 8.5292 8.6426 8.4673
1.46915.2_1.4_86 55204.38549110209715 r 13.6286 0.0012 29.5000 15.2692 1.4843 8.5292 8.6426 8.4673
1.46915.2_1.4_86 55204.37724019880261 r 13.6310 0.0012 29.5000 15.2692 1.4843 8.5292 8.6426 8.4673
1.46915.8_1.5_86 55207.38521307789779 g 15.6327 0.0150 29.5000 15.8098 1.5888 9.1082 9.2037 9.0304
1.46915.8_1.5_86 55204.38549110209715 r 14.4235 0.0017 29.5000 15.8098 1.5888 9.1082 9.2037 9.0304
1.46915.8_1.5_86 55204.37724019880261 r 14.4216 0.0017 29.5000 15.8098 1.5888 9.1082 9.2037 9.0304
1.46915.8_1.5_86 55182.40304321810254 r 13.8873 0.0013 29.5000 15.8098 1.5888 9.1082 9.2037 9.0304
1.46915.8_1.5_86 55207.38521307789779 r 13.6437 0.0012 29.5000 15.8098 1.5888 9.1082 9.2037 9.0304
1.47714.7_1.4_86 55207.38521307789779 g 14.0880 0.0151 30.0000 14.7784 1.4174 7.9753 8.1277 7.9518
1.47715.2_1.4_86 55207.38521307789779 g 14.7759 0.0149 30.0000 15.2692 1.4843 8.4984 8.6209 8.4453
1.47715.2_1.4_86 55204.38549110209715 r 13.5918 0.0012 30.0000 15.2692 1.4843 8.4984 8.6209 8.4453
1.47715.2_1.4_86 55204.37724019880261 r 13.5924 0.0012 30.0000 15.2692 1.4843 8.4984 8.6209 8.4453
1.47715.8_1.5_86 55207.38521307789779 g 15.4349 0.0149 30.0000 15.8098 1.5888 9.0786 9.1869 8.9971
1.47715.8_1.5_86 55204.38549110209715 r 14.4173 0.0017 30.0000 15.8098 1.5888 9.0786 9.1869 8.9971
1.47715.8_1.5_86 55204.37724019880261 r 14.4279 0.0017 30.0000 15.8098 1.5888 9.0786 9.1869 8.9971
1.47715.8_1.5_86 55182.40304321810254 r 13.8426 0.0013 30.0000 15.8098 1.5888 9.0786 9.1869 8.9971
1.47715.8_1.5_86 55207.38521307789779 r 13.5224 0.0011 30.0000 15.8098 1.5888 9.0786 9.1869 8.9971
1.47715.8_1.5_86 55951.30163475019799 i 13.9455 0.0150 30.0000 15.8098 1.5888 9.0786 9.1869 8.9971
1.47715.8_1.5_86 55951.32314400649921 i 13.9403 0.0150 30.0000 15.8098 1.5888 9.0786 9.1869 8.9971
