# Name Epoch Band Mag eMag period DM E(B-V) KMEAN  W1MEAN W2MEAN
lc_3.0_14.8_0.65 55464.29349329649995 g 13.7159 0.0152 3.0000 14.8726 0.6538 10.6805 10.9654 10.9190
lc_3.0_14.8_0.65 56462.56686651160271 r 13.6611 0.0012 3.0000 14.8726 0.6538 10.6805 10.9654 10.9190
lc_3.0_14.8_0.65 56462.55677771740011 r 13.6502 0.0012 3.0000 14.8726 0.6538 10.6805 10.9654 10.9190
lc_3.0_14.9_0.69 55464.29349329649995 g 13.9735 0.0152 3.0000 14.9978 0.6996 10.8112 11.0934 11.0464
lc_3.0_14.9_0.69 56462.56686651160271 r 13.8211 0.0013 3.0000 14.9978 0.6996 10.8112 11.0934 11.0464
lc_3.0_14.9_0.69 56462.55677771740011 r 13.8256 0.0013 3.0000 14.9978 0.6996 10.8112 11.0934 11.0464
lc_3.0_14.9_0.69 55741.49045909760025 r 13.6279 0.0012 3.0000 14.9978 0.6996 10.8112 11.0934 11.0464
lc_3.0_14.9_0.69 55741.49168515670317 r 13.6632 0.0012 3.0000 14.9978 0.6996 10.8112 11.0934 11.0464
lc_3.0_14.9_0.69 55741.50045047800086 r 13.6230 0.0012 3.0000 14.9978 0.6996 10.8112 11.0934 11.0464
lc_3.0_14.9_0.69 55741.50167690790113 r 13.6389 0.0012 3.0000 14.9978 0.6996 10.8112 11.0934 11.0464
lc_3.0_14.9_0.69 56443.51328602719877 r 13.6753 0.0012 3.0000 14.9978 0.6996 10.8112 11.0934 11.0464
lc_3.0_14.9_0.69 56443.52357862330246 r 13.6653 0.0012 3.0000 14.9978 0.6996 10.8112 11.0934 11.0464
lc_3.0_14.9_0.69 56089.54232895519817 r 13.6712 0.0012 3.0000 14.9978 0.6996 10.8112 11.0934 11.0464
lc_3.0_14.9_0.69 56089.53215622530115 r 13.6688 0.0012 3.0000 14.9978 0.6996 10.8112 11.0934 11.0464
lc_3.0_14.9_0.69 55367.53504510969651 i 13.6389 0.0153 3.0000 14.9978 0.6996 10.8112 11.0934 11.0464
lc_3.0_14.9_0.69 56443.55811563979660 i 13.5146 0.0154 3.0000 14.9978 0.6996 10.8112 11.0934 11.0464
lc_3.0_14.9_0.69 56090.57252493599663 i 13.5740 0.0153 3.0000 14.9978 0.6996 10.8112 11.0934 11.0464
lc_3.0_14.9_0.69 56090.58425449919741 i 13.5611 0.0154 3.0000 14.9978 0.6996 10.8112 11.0934 11.0464
lc_3.0_14.9_0.69 55367.54774467740208 i 13.6015 0.0153 3.0000 14.9978 0.6996 10.8112 11.0934 11.0464
lc_3.0_14.9_0.69 56089.56481011780124 i 13.5489 0.0154 3.0000 14.9978 0.6996 10.8112 11.0934 11.0464
lc_3.0_15.1_0.73 55464.29349329649995 g 14.2400 0.0151 3.0000 15.1306 0.7353 10.9483 11.2283 11.1808
lc_3.0_15.1_0.73 56462.56686651160271 r 14.0958 0.0015 3.0000 15.1306 0.7353 10.9483 11.2283 11.1808
lc_3.0_15.1_0.73 56462.55677771740011 r 14.0412 0.0014 3.0000 15.1306 0.7353 10.9483 11.2283 11.1808
lc_3.0_15.1_0.73 55741.49045909760025 r 13.7980 0.0013 3.0000 15.1306 0.7353 10.9483 11.2283 11.1808
lc_3.0_15.1_0.73 55741.49168515670317 r 13.8177 0.0013 3.0000 15.1306 0.7353 10.9483 11.2283 11.1808
lc_3.0_15.1_0.73 55741.50045047800086 r 13.8467 0.0013 3.0000 15.1306 0.7353 10.9483 11.2283 11.1808
lc_3.0_15.1_0.73 55741.50167690790113 r 13.8506 0.0013 3.0000 15.1306 0.7353 10.9483 11.2283 11.1808
lc_3.0_15.1_0.73 56443.51328602719877 r 13.8536 0.0013 3.0000 15.1306 0.7353 10.9483 11.2283 11.1808
lc_3.0_15.1_0.73 56443.52357862330246 r 13.8752 0.0013 3.0000 15.1306 0.7353 10.9483 11.2283 11.1808
lc_3.0_15.1_0.73 56089.54232895519817 r 13.8669 0.0013 3.0000 15.1306 0.7353 10.9483 11.2283 11.1808
lc_3.0_15.1_0.73 56089.53215622530115 r 13.8642 0.0013 3.0000 15.1306 0.7353 10.9483 11.2283 11.1808
lc_3.0_15.1_0.73 55367.53504510969651 i 13.7350 0.0152 3.0000 15.1306 0.7353 10.9483 11.2283 11.1808
lc_3.0_15.1_0.73 56443.55811563979660 i 13.6966 0.0152 3.0000 15.1306 0.7353 10.9483 11.2283 11.1808
lc_3.0_15.1_0.73 56443.56911456600210 i 13.6693 0.0153 3.0000 15.1306 0.7353 10.9483 11.2283 11.1808
lc_3.0_15.1_0.73 56090.57252493599663 i 13.7796 0.0152 3.0000 15.1306 0.7353 10.9483 11.2283 11.1808
lc_3.0_15.1_0.73 56090.58425449919741 i 13.7535 0.0152 3.0000 15.1306 0.7353 10.9483 11.2283 11.1808
lc_3.0_15.1_0.73 55813.30771757940238 i 13.5313 0.0154 3.0000 15.1306 0.7353 10.9483 11.2283 11.1808
lc_3.0_15.1_0.73 55813.30920072099980 i 13.5546 0.0154 3.0000 15.1306 0.7353 10.9483 11.2283 11.1808
lc_3.0_15.1_0.73 55813.31910332939879 i 13.5671 0.0154 3.0000 15.1306 0.7353 10.9483 11.2283 11.1808
lc_3.0_15.1_0.73 55813.32059630800359 i 13.5930 0.0153 3.0000 15.1306 0.7353 10.9483 11.2283 11.1808
lc_3.0_15.1_0.73 55367.54774467740208 i 13.8109 0.0151 3.0000 15.1306 0.7353 10.9483 11.2283 11.1808
lc_3.0_15.1_0.73 56089.55377914650308 i 13.6378 0.0153 3.0000 15.1306 0.7353 10.9483 11.2283 11.1808
lc_3.0_15.1_0.73 56089.56481011780124 i 13.6661 0.0153 3.0000 15.1306 0.7353 10.9483 11.2283 11.1808
lc_3.0_15.5_0.81 55464.29349329649995 g 14.9033 0.0149 3.0000 15.5529 0.8156 11.3802 11.6555 11.6068
lc_3.0_15.5_0.81 56462.56686651160271 r 14.6560 0.0019 3.0000 15.5529 0.8156 11.3802 11.6555 11.6068
lc_3.0_15.5_0.81 56462.55677771740011 r 14.6363 0.0019 3.0000 15.5529 0.8156 11.3802 11.6555 11.6068
lc_3.0_15.5_0.81 55741.49045909760025 r 14.4943 0.0017 3.0000 15.5529 0.8156 11.3802 11.6555 11.6068
lc_3.0_15.5_0.81 55741.49168515670317 r 14.4714 0.0017 3.0000 15.5529 0.8156 11.3802 11.6555 11.6068
lc_3.0_15.5_0.81 55741.50045047800086 r 14.4615 0.0017 3.0000 15.5529 0.8156 11.3802 11.6555 11.6068
lc_3.0_15.5_0.81 55741.50167690790113 r 14.4501 0.0017 3.0000 15.5529 0.8156 11.3802 11.6555 11.6068
lc_3.0_15.5_0.81 55365.53584335280175 r 14.0375 0.0014 3.0000 15.5529 0.8156 11.3802 11.6555 11.6068
lc_3.0_15.5_0.81 55365.52441271440330 r 13.9907 0.0014 3.0000 15.5529 0.8156 11.3802 11.6555 11.6068
lc_3.0_15.5_0.81 56443.51328602719877 r 14.5540 0.0018 3.0000 15.5529 0.8156 11.3802 11.6555 11.6068
lc_3.0_15.5_0.81 56443.52357862330246 r 14.4692 0.0017 3.0000 15.5529 0.8156 11.3802 11.6555 11.6068
lc_3.0_15.5_0.81 56089.54232895519817 r 14.5061 0.0018 3.0000 15.5529 0.8156 11.3802 11.6555 11.6068
lc_3.0_15.5_0.81 56089.53215622530115 r 14.4778 0.0017 3.0000 15.5529 0.8156 11.3802 11.6555 11.6068
lc_3.0_15.5_0.81 55367.53504510969651 i 14.3537 0.0147 3.0000 15.5529 0.8156 11.3802 11.6555 11.6068
lc_3.0_15.5_0.81 56443.55811563979660 i 14.2465 0.0148 3.0000 15.5529 0.8156 11.3802 11.6555 11.6068
lc_3.0_15.5_0.81 56443.56911456600210 i 14.1958 0.0148 3.0000 15.5529 0.8156 11.3802 11.6555 11.6068
lc_3.0_15.5_0.81 56463.53178456950263 i 14.0049 0.0150 3.0000 15.5529 0.8156 11.3802 11.6555 11.6068
lc_3.0_15.5_0.81 56463.52087216729706 i 13.9279 0.0150 3.0000 15.5529 0.8156 11.3802 11.6555 11.6068
lc_3.0_15.5_0.81 56090.57252493599663 i 14.3160 0.0147 3.0000 15.5529 0.8156 11.3802 11.6555 11.6068
lc_3.0_15.5_0.81 56090.58425449919741 i 14.3514 0.0147 3.0000 15.5529 0.8156 11.3802 11.6555 11.6068
lc_3.0_15.5_0.81 55813.30771757940238 i 14.0996 0.0149 3.0000 15.5529 0.8156 11.3802 11.6555 11.6068
lc_3.0_15.5_0.81 55813.30920072099980 i 14.1167 0.0149 3.0000 15.5529 0.8156 11.3802 11.6555 11.6068
lc_3.0_15.5_0.81 55813.31910332939879 i 14.1126 0.0149 3.0000 15.5529 0.8156 11.3802 11.6555 11.6068
lc_3.0_15.5_0.81 55813.32059630800359 i 14.1177 0.0149 3.0000 15.5529 0.8156 11.3802 11.6555 11.6068
lc_3.0_15.5_0.81 55764.49829669189785 i 13.9808 0.0150 3.0000 15.5529 0.8156 11.3802 11.6555 11.6068
lc_3.0_15.5_0.81 55764.49975053079834 i 13.9935 0.0150 3.0000 15.5529 0.8156 11.3802 11.6555 11.6068
lc_3.0_15.5_0.81 55764.48711860409821 i 14.0066 0.0150 3.0000 15.5529 0.8156 11.3802 11.6555 11.6068
lc_3.0_15.5_0.81 55764.48846431059792 i 14.0194 0.0150 3.0000 15.5529 0.8156 11.3802 11.6555 11.6068
lc_3.0_15.5_0.81 55367.54774467740208 i 14.3306 0.0147 3.0000 15.5529 0.8156 11.3802 11.6555 11.6068
lc_3.0_15.5_0.81 56089.55377914650308 i 14.2178 0.0148 3.0000 15.5529 0.8156 11.3802 11.6555 11.6068
lc_3.0_15.5_0.81 56089.56481011780124 i 14.1676 0.0148 3.0000 15.5529 0.8156 11.3802 11.6555 11.6068
lc_3.0_15.5_0.81 55020.55405697420065 i 13.9924 0.0150 3.0000 15.5529 0.8156 11.3802 11.6555 11.6068
lc_3.0_15.5_0.81 56044.60209888219833 z 13.5303 0.0147 3.0000 15.5529 0.8156 11.3802 11.6555 11.6068
lc_3.0_15.5_0.81 55466.23955928639771 z 13.6408 0.0147 3.0000 15.5529 0.8156 11.3802 11.6555 11.6068
lc_3.0_15.5_0.81 55466.25115270479728 z 13.6361 0.0147 3.0000 15.5529 0.8156 11.3802 11.6555 11.6068
lc_3.0_15.5_0.81 56399.62511678889859 z 13.6847 0.0147 3.0000 15.5529 0.8156 11.3802 11.6555 11.6068
lc_3.0_15.5_0.81 56399.62827538150304 z 13.6640 0.0147 3.0000 15.5529 0.8156 11.3802 11.6555 11.6068
lc_3.0_15.5_0.81 55669.61047094860260 z 13.5029 0.0147 3.0000 15.5529 0.8156 11.3802 11.6555 11.6068
lc_3.0_15.5_0.81 55669.62306699989858 z 13.5451 0.0147 3.0000 15.5529 0.8156 11.3802 11.6555 11.6068
lc_3.0_15.5_0.81 56585.24045257079706 z 13.5705 0.0147 3.0000 15.5529 0.8156 11.3802 11.6555 11.6068
lc_3.0_15.5_0.81 56444.56132068220177 z 13.6296 0.0147 3.0000 15.5529 0.8156 11.3802 11.6555 11.6068
lc_3.2_14.4_0.55 55464.29349329649995 g 13.5311 0.0153 3.2000 14.4353 0.5543 10.1454 10.4384 10.3913
lc_3.2_14.5_0.58 55464.29349329649995 g 13.7738 0.0152 3.2000 14.5638 0.5850 10.2775 10.5688 10.5212
lc_3.2_14.7_0.61 55464.29349329649995 g 13.9706 0.0152 3.2000 14.7001 0.6135 10.4172 10.7068 10.6588
lc_3.2_14.8_0.65 55464.29349329649995 g 14.2391 0.0151 3.2000 14.8726 0.6538 10.5945 10.8817 10.8332
lc_3.2_14.8_0.65 56089.54232895519817 r 13.5721 0.0012 3.2000 14.8726 0.6538 10.5945 10.8817 10.8332
lc_3.2_14.8_0.65 56089.53215622530115 r 13.5648 0.0012 3.2000 14.8726 0.6538 10.5945 10.8817 10.8332
lc_3.2_14.9_0.69 55464.29349329649995 g 14.5288 0.0150 3.2000 14.9978 0.6996 10.7252 11.0097 10.9605
lc_3.2_14.9_0.69 55365.53584335280175 r 13.5845 0.0012 3.2000 14.9978 0.6996 10.7252 11.0097 10.9605
lc_3.2_14.9_0.69 55365.52441271440330 r 13.6751 0.0012 3.2000 14.9978 0.6996 10.7252 11.0097 10.9605
lc_3.2_14.9_0.69 56089.54232895519817 r 13.8200 0.0013 3.2000 14.9978 0.6996 10.7252 11.0097 10.9605
lc_3.2_14.9_0.69 56089.53215622530115 r 13.8299 0.0013 3.2000 14.9978 0.6996 10.7252 11.0097 10.9605
lc_3.2_14.9_0.69 56463.52087216729706 i 13.5077 0.0154 3.2000 14.9978 0.6996 10.7252 11.0097 10.9605
lc_3.2_14.9_0.69 56089.55377914650308 i 13.5730 0.0153 3.2000 14.9978 0.6996 10.7252 11.0097 10.9605
lc_3.2_14.9_0.69 56089.56481011780124 i 13.5649 0.0154 3.2000 14.9978 0.6996 10.7252 11.0097 10.9605
lc_3.2_14.9_0.69 55020.55405697420065 i 13.6209 0.0153 3.2000 14.9978 0.6996 10.7252 11.0097 10.9605
lc_3.2_15.1_0.73 55464.29349329649995 g 14.7885 0.0149 3.2000 15.1306 0.7353 10.8623 11.1446 11.0950
lc_3.2_15.1_0.73 56462.56686651160271 r 13.6498 0.0012 3.2000 15.1306 0.7353 10.8623 11.1446 11.0950
lc_3.2_15.1_0.73 56462.55677771740011 r 13.6291 0.0012 3.2000 15.1306 0.7353 10.8623 11.1446 11.0950
lc_3.2_15.1_0.73 55365.53584335280175 r 13.8187 0.0013 3.2000 15.1306 0.7353 10.8623 11.1446 11.0950
lc_3.2_15.1_0.73 55365.52441271440330 r 13.8837 0.0013 3.2000 15.1306 0.7353 10.8623 11.1446 11.0950
lc_3.2_15.1_0.73 56443.51328602719877 r 13.7123 0.0012 3.2000 15.1306 0.7353 10.8623 11.1446 11.0950
lc_3.2_15.1_0.73 56443.52357862330246 r 13.6707 0.0012 3.2000 15.1306 0.7353 10.8623 11.1446 11.0950
lc_3.2_15.1_0.73 56089.54232895519817 r 14.0151 0.0014 3.2000 15.1306 0.7353 10.8623 11.1446 11.0950
lc_3.2_15.1_0.73 56089.53215622530115 r 14.0231 0.0014 3.2000 15.1306 0.7353 10.8623 11.1446 11.0950
lc_3.2_15.1_0.73 56443.55811563979660 i 13.5115 0.0154 3.2000 15.1306 0.7353 10.8623 11.1446 11.0950
lc_3.2_15.1_0.73 56463.53178456950263 i 13.7451 0.0152 3.2000 15.1306 0.7353 10.8623 11.1446 11.0950
lc_3.2_15.1_0.73 56463.52087216729706 i 13.6705 0.0153 3.2000 15.1306 0.7353 10.8623 11.1446 11.0950
lc_3.2_15.1_0.73 55813.30920072099980 i 13.5190 0.0154 3.2000 15.1306 0.7353 10.8623 11.1446 11.0950
lc_3.2_15.1_0.73 55813.31910332939879 i 13.5291 0.0154 3.2000 15.1306 0.7353 10.8623 11.1446 11.0950
lc_3.2_15.1_0.73 55813.32059630800359 i 13.5863 0.0153 3.2000 15.1306 0.7353 10.8623 11.1446 11.0950
lc_3.2_15.1_0.73 56089.55377914650308 i 13.8083 0.0151 3.2000 15.1306 0.7353 10.8623 11.1446 11.0950
lc_3.2_15.1_0.73 56089.56481011780124 i 13.7765 0.0152 3.2000 15.1306 0.7353 10.8623 11.1446 11.0950
lc_3.2_15.1_0.73 55020.55405697420065 i 13.7552 0.0152 3.2000 15.1306 0.7353 10.8623 11.1446 11.0950
lc_3.2_15.5_0.81 55464.29349329649995 g 15.4489 0.0149 3.2000 15.5529 0.8156 11.2942 11.5718 11.5210
lc_3.2_15.5_0.81 56462.56686651160271 r 14.2358 0.0015 3.2000 15.5529 0.8156 11.2942 11.5718 11.5210
lc_3.2_15.5_0.81 56462.55677771740011 r 14.2528 0.0016 3.2000 15.5529 0.8156 11.2942 11.5718 11.5210
lc_3.2_15.5_0.81 55741.49045909760025 r 14.0255 0.0014 3.2000 15.5529 0.8156 11.2942 11.5718 11.5210
lc_3.2_15.5_0.81 55741.49168515670317 r 13.9833 0.0014 3.2000 15.5529 0.8156 11.2942 11.5718 11.5210
lc_3.2_15.5_0.81 55741.50045047800086 r 13.9663 0.0014 3.2000 15.5529 0.8156 11.2942 11.5718 11.5210
lc_3.2_15.5_0.81 55741.50167690790113 r 14.0386 0.0014 3.2000 15.5529 0.8156 11.2942 11.5718 11.5210
lc_3.2_15.5_0.81 55365.53584335280175 r 14.4721 0.0017 3.2000 15.5529 0.8156 11.2942 11.5718 11.5210
lc_3.2_15.5_0.81 55365.52441271440330 r 14.4511 0.0017 3.2000 15.5529 0.8156 11.2942 11.5718 11.5210
lc_3.2_15.5_0.81 56443.51328602719877 r 14.2569 0.0016 3.2000 15.5529 0.8156 11.2942 11.5718 11.5210
lc_3.2_15.5_0.81 56443.52357862330246 r 14.2879 0.0016 3.2000 15.5529 0.8156 11.2942 11.5718 11.5210
lc_3.2_15.5_0.81 56089.54232895519817 r 14.5908 0.0018 3.2000 15.5529 0.8156 11.2942 11.5718 11.5210
lc_3.2_15.5_0.81 56089.53215622530115 r 14.6218 0.0019 3.2000 15.5529 0.8156 11.2942 11.5718 11.5210
lc_3.2_15.5_0.81 55367.53504510969651 i 13.9512 0.0150 3.2000 15.5529 0.8156 11.2942 11.5718 11.5210
lc_3.2_15.5_0.81 56443.55811563979660 i 14.0775 0.0149 3.2000 15.5529 0.8156 11.2942 11.5718 11.5210
lc_3.2_15.5_0.81 56443.56911456600210 i 14.0776 0.0149 3.2000 15.5529 0.8156 11.2942 11.5718 11.5210
lc_3.2_15.5_0.81 56463.53178456950263 i 14.2018 0.0148 3.2000 15.5529 0.8156 11.2942 11.5718 11.5210
lc_3.2_15.5_0.81 56463.52087216729706 i 14.2918 0.0148 3.2000 15.5529 0.8156 11.2942 11.5718 11.5210
lc_3.2_15.5_0.81 56090.57252493599663 i 13.8665 0.0151 3.2000 15.5529 0.8156 11.2942 11.5718 11.5210
lc_3.2_15.5_0.81 56090.58425449919741 i 13.8949 0.0151 3.2000 15.5529 0.8156 11.2942 11.5718 11.5210
lc_3.2_15.5_0.81 55813.30771757940238 i 14.1440 0.0149 3.2000 15.5529 0.8156 11.2942 11.5718 11.5210
lc_3.2_15.5_0.81 55813.30920072099980 i 14.0750 0.0149 3.2000 15.5529 0.8156 11.2942 11.5718 11.5210
lc_3.2_15.5_0.81 55813.31910332939879 i 14.1703 0.0148 3.2000 15.5529 0.8156 11.2942 11.5718 11.5210
lc_3.2_15.5_0.81 55813.32059630800359 i 14.1155 0.0149 3.2000 15.5529 0.8156 11.2942 11.5718 11.5210
lc_3.2_15.5_0.81 55764.49829669189785 i 13.9706 0.0150 3.2000 15.5529 0.8156 11.2942 11.5718 11.5210
lc_3.2_15.5_0.81 55764.49975053079834 i 13.9520 0.0150 3.2000 15.5529 0.8156 11.2942 11.5718 11.5210
lc_3.2_15.5_0.81 55764.48711860409821 i 13.8949 0.0151 3.2000 15.5529 0.8156 11.2942 11.5718 11.5210
lc_3.2_15.5_0.81 55764.48846431059792 i 13.9178 0.0150 3.2000 15.5529 0.8156 11.2942 11.5718 11.5210
lc_3.2_15.5_0.81 55367.54774467740208 i 13.9620 0.0150 3.2000 15.5529 0.8156 11.2942 11.5718 11.5210
lc_3.2_15.5_0.81 56089.55377914650308 i 14.3284 0.0147 3.2000 15.5529 0.8156 11.2942 11.5718 11.5210
lc_3.2_15.5_0.81 56089.56481011780124 i 14.3418 0.0147 3.2000 15.5529 0.8156 11.2942 11.5718 11.5210
lc_3.2_15.5_0.81 55020.55405697420065 i 14.2981 0.0148 3.2000 15.5529 0.8156 11.2942 11.5718 11.5210
lc_3.2_15.5_0.81 55779.25697474149638 z 13.6178 0.0147 3.2000 15.5529 0.8156 11.2942 11.5718 11.5210
lc_3.2_15.5_0.81 55779.25083510959666 z 13.6532 0.0147 3.2000 15.5529 0.8156 11.2942 11.5718 11.5210
lc_3.2_15.5_0.81 56044.60561624370166 z 13.5243 0.0147 3.2000 15.5529 0.8156 11.2942 11.5718 11.5210
lc_3.2_15.5_0.81 56044.60209888219833 z 13.5091 0.0147 3.2000 15.5529 0.8156 11.2942 11.5718 11.5210
lc_3.2_15.5_0.81 56399.62511678889859 z 13.5210 0.0147 3.2000 15.5529 0.8156 11.2942 11.5718 11.5210
lc_3.2_15.5_0.81 56444.56132068220177 z 13.5485 0.0147 3.2000 15.5529 0.8156 11.2942 11.5718 11.5210
lc_3.4_14.4_0.55 55464.29349329649995 g 13.7765 0.0152 3.4000 14.4353 0.5543 10.0646 10.3598 10.3107
lc_3.4_14.5_0.58 55464.29349329649995 g 14.0325 0.0152 3.4000 14.5638 0.5850 10.1967 10.4902 10.4406
lc_3.4_14.7_0.61 55464.29349329649995 g 14.2369 0.0151 3.4000 14.7001 0.6135 10.3364 10.6282 10.5782
lc_3.4_14.8_0.65 55464.29349329649995 g 14.5716 0.0150 3.4000 14.8726 0.6538 10.5137 10.8031 10.7525
lc_3.4_14.8_0.65 56443.51328602719877 r 13.5098 0.0011 3.4000 14.8726 0.6538 10.5137 10.8031 10.7525
lc_3.4_14.8_0.65 56089.54232895519817 r 13.5114 0.0011 3.4000 14.8726 0.6538 10.5137 10.8031 10.7525
lc_3.4_14.9_0.69 55464.29349329649995 g 14.8244 0.0149 3.4000 14.9978 0.6996 10.6444 10.9311 10.8799
lc_3.4_14.9_0.69 56462.56686651160271 r 13.5264 0.0011 3.4000 14.9978 0.6996 10.6444 10.9311 10.8799
lc_3.4_14.9_0.69 56462.55677771740011 r 13.5323 0.0011 3.4000 14.9978 0.6996 10.6444 10.9311 10.8799
lc_3.4_14.9_0.69 55365.53584335280175 r 13.7537 0.0013 3.4000 14.9978 0.6996 10.6444 10.9311 10.8799
lc_3.4_14.9_0.69 55365.52441271440330 r 13.7203 0.0012 3.4000 14.9978 0.6996 10.6444 10.9311 10.8799
lc_3.4_14.9_0.69 56443.51328602719877 r 13.7089 0.0012 3.4000 14.9978 0.6996 10.6444 10.9311 10.8799
lc_3.4_14.9_0.69 56443.52357862330246 r 13.6803 0.0012 3.4000 14.9978 0.6996 10.6444 10.9311 10.8799
lc_3.4_14.9_0.69 56089.54232895519817 r 13.7067 0.0012 3.4000 14.9978 0.6996 10.6444 10.9311 10.8799
lc_3.4_14.9_0.69 56089.53215622530115 r 13.7268 0.0012 3.4000 14.9978 0.6996 10.6444 10.9311 10.8799
lc_3.4_14.9_0.69 56089.56481011780124 i 13.5063 0.0154 3.4000 14.9978 0.6996 10.6444 10.9311 10.8799
lc_3.4_15.1_0.73 55464.29349329649995 g 15.0689 0.0148 3.4000 15.1306 0.7353 10.7815 11.0660 11.0144
lc_3.4_15.1_0.73 56462.56686651160271 r 13.7295 0.0012 3.4000 15.1306 0.7353 10.7815 11.0660 11.0144
lc_3.4_15.1_0.73 56462.55677771740011 r 13.6850 0.0012 3.4000 15.1306 0.7353 10.7815 11.0660 11.0144
lc_3.4_15.1_0.73 55741.49045909760025 r 13.5992 0.0012 3.4000 15.1306 0.7353 10.7815 11.0660 11.0144
lc_3.4_15.1_0.73 55741.49168515670317 r 13.6460 0.0012 3.4000 15.1306 0.7353 10.7815 11.0660 11.0144
lc_3.4_15.1_0.73 55741.50045047800086 r 13.5902 0.0012 3.4000 15.1306 0.7353 10.7815 11.0660 11.0144
lc_3.4_15.1_0.73 55741.50167690790113 r 13.5921 0.0012 3.4000 15.1306 0.7353 10.7815 11.0660 11.0144
lc_3.4_15.1_0.73 55365.53584335280175 r 13.9157 0.0013 3.4000 15.1306 0.7353 10.7815 11.0660 11.0144
lc_3.4_15.1_0.73 55365.52441271440330 r 13.9298 0.0013 3.4000 15.1306 0.7353 10.7815 11.0660 11.0144
lc_3.4_15.1_0.73 56443.51328602719877 r 13.9340 0.0014 3.4000 15.1306 0.7353 10.7815 11.0660 11.0144
lc_3.4_15.1_0.73 56443.52357862330246 r 13.9194 0.0013 3.4000 15.1306 0.7353 10.7815 11.0660 11.0144
lc_3.4_15.1_0.73 56089.54232895519817 r 13.9246 0.0013 3.4000 15.1306 0.7353 10.7815 11.0660 11.0144
lc_3.4_15.1_0.73 56089.53215622530115 r 13.8600 0.0013 3.4000 15.1306 0.7353 10.7815 11.0660 11.0144
lc_3.4_15.1_0.73 56443.55811563979660 i 13.6145 0.0153 3.4000 15.1306 0.7353 10.7815 11.0660 11.0144
lc_3.4_15.1_0.73 56443.56911456600210 i 13.6433 0.0153 3.4000 15.1306 0.7353 10.7815 11.0660 11.0144
lc_3.4_15.1_0.73 56463.53178456950263 i 13.6665 0.0153 3.4000 15.1306 0.7353 10.7815 11.0660 11.0144
lc_3.4_15.1_0.73 56463.52087216729706 i 13.7535 0.0152 3.4000 15.1306 0.7353 10.7815 11.0660 11.0144
lc_3.4_15.1_0.73 55813.30771757940238 i 13.5373 0.0154 3.4000 15.1306 0.7353 10.7815 11.0660 11.0144
lc_3.4_15.1_0.73 55813.30920072099980 i 13.5684 0.0154 3.4000 15.1306 0.7353 10.7815 11.0660 11.0144
lc_3.4_15.1_0.73 56089.55377914650308 i 13.6884 0.0152 3.4000 15.1306 0.7353 10.7815 11.0660 11.0144
lc_3.4_15.1_0.73 56089.56481011780124 i 13.6735 0.0153 3.4000 15.1306 0.7353 10.7815 11.0660 11.0144
lc_3.4_15.5_0.81 55464.29349329649995 g 15.7286 0.0150 3.4000 15.5529 0.8156 11.2134 11.4932 11.4404
lc_3.4_15.5_0.81 56462.56686651160271 r 14.2890 0.0016 3.4000 15.5529 0.8156 11.2134 11.4932 11.4404
lc_3.4_15.5_0.81 56462.55677771740011 r 14.2899 0.0016 3.4000 15.5529 0.8156 11.2134 11.4932 11.4404
lc_3.4_15.5_0.81 55741.49045909760025 r 14.2216 0.0015 3.4000 15.5529 0.8156 11.2134 11.4932 11.4404
lc_3.4_15.5_0.81 55741.49168515670317 r 14.2033 0.0015 3.4000 15.5529 0.8156 11.2134 11.4932 11.4404
lc_3.4_15.5_0.81 55741.50045047800086 r 14.2419 0.0015 3.4000 15.5529 0.8156 11.2134 11.4932 11.4404
lc_3.4_15.5_0.81 55741.50167690790113 r 14.2259 0.0015 3.4000 15.5529 0.8156 11.2134 11.4932 11.4404
lc_3.4_15.5_0.81 55365.53584335280175 r 14.5272 0.0018 3.4000 15.5529 0.8156 11.2134 11.4932 11.4404
lc_3.4_15.5_0.81 55365.52441271440330 r 14.6052 0.0018 3.4000 15.5529 0.8156 11.2134 11.4932 11.4404
lc_3.4_15.5_0.81 56443.51328602719877 r 14.5202 0.0018 3.4000 15.5529 0.8156 11.2134 11.4932 11.4404
lc_3.4_15.5_0.81 56443.52357862330246 r 14.5419 0.0018 3.4000 15.5529 0.8156 11.2134 11.4932 11.4404
lc_3.4_15.5_0.81 56089.54232895519817 r 14.5658 0.0018 3.4000 15.5529 0.8156 11.2134 11.4932 11.4404
lc_3.4_15.5_0.81 56089.53215622530115 r 14.5136 0.0018 3.4000 15.5529 0.8156 11.2134 11.4932 11.4404
lc_3.4_15.5_0.81 55367.53504510969651 i 13.9483 0.0150 3.4000 15.5529 0.8156 11.2134 11.4932 11.4404
lc_3.4_15.5_0.81 56443.55811563979660 i 14.2021 0.0148 3.4000 15.5529 0.8156 11.2134 11.4932 11.4404
lc_3.4_15.5_0.81 56443.56911456600210 i 14.2228 0.0148 3.4000 15.5529 0.8156 11.2134 11.4932 11.4404
lc_3.4_15.5_0.81 56463.53178456950263 i 14.2568 0.0148 3.4000 15.5529 0.8156 11.2134 11.4932 11.4404
lc_3.4_15.5_0.81 56463.52087216729706 i 14.2494 0.0148 3.4000 15.5529 0.8156 11.2134 11.4932 11.4404
lc_3.4_15.5_0.81 56090.57252493599663 i 13.9217 0.0150 3.4000 15.5529 0.8156 11.2134 11.4932 11.4404
lc_3.4_15.5_0.81 56090.58425449919741 i 13.8320 0.0151 3.4000 15.5529 0.8156 11.2134 11.4932 11.4404
lc_3.4_15.5_0.81 55813.30771757940238 i 14.0329 0.0149 3.4000 15.5529 0.8156 11.2134 11.4932 11.4404
lc_3.4_15.5_0.81 55813.30920072099980 i 14.1188 0.0149 3.4000 15.5529 0.8156 11.2134 11.4932 11.4404
lc_3.4_15.5_0.81 55813.31910332939879 i 14.0927 0.0149 3.4000 15.5529 0.8156 11.2134 11.4932 11.4404
lc_3.4_15.5_0.81 55813.32059630800359 i 14.0866 0.0149 3.4000 15.5529 0.8156 11.2134 11.4932 11.4404
lc_3.4_15.5_0.81 55764.49829669189785 i 13.8748 0.0151 3.4000 15.5529 0.8156 11.2134 11.4932 11.4404
lc_3.4_15.5_0.81 55764.49975053079834 i 13.8640 0.0151 3.4000 15.5529 0.8156 11.2134 11.4932 11.4404
lc_3.4_15.5_0.81 55764.48711860409821 i 13.8420 0.0151 3.4000 15.5529 0.8156 11.2134 11.4932 11.4404
lc_3.4_15.5_0.81 55764.48846431059792 i 13.9033 0.0151 3.4000 15.5529 0.8156 11.2134 11.4932 11.4404
lc_3.4_15.5_0.81 55367.54774467740208 i 13.9551 0.0150 3.4000 15.5529 0.8156 11.2134 11.4932 11.4404
lc_3.4_15.5_0.81 56089.55377914650308 i 14.2595 0.0148 3.4000 15.5529 0.8156 11.2134 11.4932 11.4404
lc_3.4_15.5_0.81 56089.56481011780124 i 14.3093 0.0147 3.4000 15.5529 0.8156 11.2134 11.4932 11.4404
lc_3.4_15.5_0.81 55020.55405697420065 i 13.9251 0.0150 3.4000 15.5529 0.8156 11.2134 11.4932 11.4404
lc_3.4_15.5_0.81 56399.62511678889859 z 13.5230 0.0147 3.4000 15.5529 0.8156 11.2134 11.4932 11.4404
lc_3.6_14.4_0.55 55464.29349329649995 g 13.6656 0.0152 3.6000 14.4353 0.5543  9.9884 10.2857 10.2347
lc_3.6_14.5_0.58 55464.29349329649995 g 13.8981 0.0152 3.6000 14.5638 0.5850 10.1206 10.4160 10.3646
lc_3.6_14.7_0.61 55464.29349329649995 g 14.1138 0.0151 3.6000 14.7001 0.6135 10.2603 10.5541 10.5022
lc_3.6_14.8_0.65 55464.29349329649995 g 14.4099 0.0150 3.6000 14.8726 0.6538 10.4375 10.7290 10.6765
lc_3.6_14.9_0.69 55464.29349329649995 g 14.6865 0.0149 3.6000 14.9978 0.6996 10.5683 10.8570 10.8039
lc_3.6_14.9_0.69 56462.56686651160271 r 13.5950 0.0012 3.6000 14.9978 0.6996 10.5683 10.8570 10.8039
lc_3.6_14.9_0.69 56462.55677771740011 r 13.6580 0.0012 3.6000 14.9978 0.6996 10.5683 10.8570 10.8039
lc_3.6_14.9_0.69 55741.49045909760025 r 13.5183 0.0011 3.6000 14.9978 0.6996 10.5683 10.8570 10.8039
lc_3.6_14.9_0.69 55741.49168515670317 r 13.5594 0.0012 3.6000 14.9978 0.6996 10.5683 10.8570 10.8039
lc_3.6_14.9_0.69 55741.50045047800086 r 13.5842 0.0012 3.6000 14.9978 0.6996 10.5683 10.8570 10.8039
lc_3.6_14.9_0.69 55741.50167690790113 r 13.5667 0.0012 3.6000 14.9978 0.6996 10.5683 10.8570 10.8039
lc_3.6_14.9_0.69 56443.51328602719877 r 13.5468 0.0012 3.6000 14.9978 0.6996 10.5683 10.8570 10.8039
lc_3.6_14.9_0.69 56443.52357862330246 r 13.5241 0.0011 3.6000 14.9978 0.6996 10.5683 10.8570 10.8039
lc_3.6_15.1_0.73 55464.29349329649995 g 14.9155 0.0149 3.6000 15.1306 0.7353 10.7053 10.9919 10.9383
lc_3.6_15.1_0.73 56462.56686651160271 r 13.8321 0.0013 3.6000 15.1306 0.7353 10.7053 10.9919 10.9383
lc_3.6_15.1_0.73 56462.55677771740011 r 13.8522 0.0013 3.6000 15.1306 0.7353 10.7053 10.9919 10.9383
lc_3.6_15.1_0.73 55741.49045909760025 r 13.7920 0.0013 3.6000 15.1306 0.7353 10.7053 10.9919 10.9383
lc_3.6_15.1_0.73 55741.49168515670317 r 13.7188 0.0012 3.6000 15.1306 0.7353 10.7053 10.9919 10.9383
lc_3.6_15.1_0.73 55741.50045047800086 r 13.7303 0.0012 3.6000 15.1306 0.7353 10.7053 10.9919 10.9383
lc_3.6_15.1_0.73 55741.50167690790113 r 13.7382 0.0012 3.6000 15.1306 0.7353 10.7053 10.9919 10.9383
lc_3.6_15.1_0.73 56443.51328602719877 r 13.7690 0.0013 3.6000 15.1306 0.7353 10.7053 10.9919 10.9383
lc_3.6_15.1_0.73 56443.52357862330246 r 13.7672 0.0013 3.6000 15.1306 0.7353 10.7053 10.9919 10.9383
lc_3.6_15.1_0.73 55367.53504510969651 i 13.5788 0.0153 3.6000 15.1306 0.7353 10.7053 10.9919 10.9383
lc_3.6_15.1_0.73 56443.55811563979660 i 13.5564 0.0154 3.6000 15.1306 0.7353 10.7053 10.9919 10.9383
lc_3.6_15.1_0.73 56443.56911456600210 i 13.5513 0.0154 3.6000 15.1306 0.7353 10.7053 10.9919 10.9383
lc_3.6_15.1_0.73 56090.57252493599663 i 13.5262 0.0154 3.6000 15.1306 0.7353 10.7053 10.9919 10.9383
lc_3.6_15.1_0.73 56090.58425449919741 i 13.5183 0.0154 3.6000 15.1306 0.7353 10.7053 10.9919 10.9383
lc_3.6_15.1_0.73 55813.30771757940238 i 13.5009 0.0154 3.6000 15.1306 0.7353 10.7053 10.9919 10.9383
lc_3.6_15.1_0.73 55813.30920072099980 i 13.5294 0.0154 3.6000 15.1306 0.7353 10.7053 10.9919 10.9383
lc_3.6_15.1_0.73 55813.31910332939879 i 13.5649 0.0154 3.6000 15.1306 0.7353 10.7053 10.9919 10.9383
lc_3.6_15.1_0.73 55813.32059630800359 i 13.5338 0.0154 3.6000 15.1306 0.7353 10.7053 10.9919 10.9383
lc_3.6_15.1_0.73 55367.54774467740208 i 13.6098 0.0153 3.6000 15.1306 0.7353 10.7053 10.9919 10.9383
lc_3.6_15.5_0.81 55464.29349329649995 g 15.6053 0.0149 3.6000 15.5529 0.8156 11.1372 11.4191 11.3644
lc_3.6_15.5_0.81 56462.56686651160271 r 14.4790 0.0017 3.6000 15.5529 0.8156 11.1372 11.4191 11.3644
lc_3.6_15.5_0.81 56462.55677771740011 r 14.4652 0.0017 3.6000 15.5529 0.8156 11.1372 11.4191 11.3644
lc_3.6_15.5_0.81 55741.49045909760025 r 14.3924 0.0017 3.6000 15.5529 0.8156 11.1372 11.4191 11.3644
lc_3.6_15.5_0.81 55741.49168515670317 r 14.3666 0.0016 3.6000 15.5529 0.8156 11.1372 11.4191 11.3644
lc_3.6_15.5_0.81 55741.50045047800086 r 14.4196 0.0017 3.6000 15.5529 0.8156 11.1372 11.4191 11.3644
lc_3.6_15.5_0.81 55741.50167690790113 r 14.3418 0.0016 3.6000 15.5529 0.8156 11.1372 11.4191 11.3644
lc_3.6_15.5_0.81 55365.53584335280175 r 13.8543 0.0013 3.6000 15.5529 0.8156 11.1372 11.4191 11.3644
lc_3.6_15.5_0.81 55365.52441271440330 r 13.8821 0.0013 3.6000 15.5529 0.8156 11.1372 11.4191 11.3644
lc_3.6_15.5_0.81 56443.51328602719877 r 14.3390 0.0016 3.6000 15.5529 0.8156 11.1372 11.4191 11.3644
lc_3.6_15.5_0.81 56443.52357862330246 r 14.3851 0.0017 3.6000 15.5529 0.8156 11.1372 11.4191 11.3644
lc_3.6_15.5_0.81 56089.54232895519817 r 14.0029 0.0014 3.6000 15.5529 0.8156 11.1372 11.4191 11.3644
lc_3.6_15.5_0.81 56089.53215622530115 r 13.9750 0.0014 3.6000 15.5529 0.8156 11.1372 11.4191 11.3644
lc_3.6_15.5_0.81 55367.53504510969651 i 14.1965 0.0148 3.6000 15.5529 0.8156 11.1372 11.4191 11.3644
lc_3.6_15.5_0.81 56443.55811563979660 i 14.0923 0.0149 3.6000 15.5529 0.8156 11.1372 11.4191 11.3644
lc_3.6_15.5_0.81 56443.56911456600210 i 14.1146 0.0149 3.6000 15.5529 0.8156 11.1372 11.4191 11.3644
lc_3.6_15.5_0.81 56463.53178456950263 i 13.8454 0.0151 3.6000 15.5529 0.8156 11.1372 11.4191 11.3644
lc_3.6_15.5_0.81 56463.52087216729706 i 13.8042 0.0151 3.6000 15.5529 0.8156 11.1372 11.4191 11.3644
lc_3.6_15.5_0.81 56090.57252493599663 i 14.0674 0.0149 3.6000 15.5529 0.8156 11.1372 11.4191 11.3644
lc_3.6_15.5_0.81 56090.58425449919741 i 14.1013 0.0149 3.6000 15.5529 0.8156 11.1372 11.4191 11.3644
lc_3.6_15.5_0.81 55813.30771757940238 i 14.1227 0.0149 3.6000 15.5529 0.8156 11.1372 11.4191 11.3644
lc_3.6_15.5_0.81 55813.30920072099980 i 14.0527 0.0149 3.6000 15.5529 0.8156 11.1372 11.4191 11.3644
lc_3.6_15.5_0.81 55813.31910332939879 i 14.0649 0.0149 3.6000 15.5529 0.8156 11.1372 11.4191 11.3644
lc_3.6_15.5_0.81 55813.32059630800359 i 14.1037 0.0149 3.6000 15.5529 0.8156 11.1372 11.4191 11.3644
lc_3.6_15.5_0.81 55764.49829669189785 i 13.9198 0.0150 3.6000 15.5529 0.8156 11.1372 11.4191 11.3644
lc_3.6_15.5_0.81 55764.49975053079834 i 13.9393 0.0150 3.6000 15.5529 0.8156 11.1372 11.4191 11.3644
lc_3.6_15.5_0.81 55764.48711860409821 i 13.9463 0.0150 3.6000 15.5529 0.8156 11.1372 11.4191 11.3644
lc_3.6_15.5_0.81 55764.48846431059792 i 13.9365 0.0150 3.6000 15.5529 0.8156 11.1372 11.4191 11.3644
lc_3.6_15.5_0.81 55367.54774467740208 i 14.1783 0.0148 3.6000 15.5529 0.8156 11.1372 11.4191 11.3644
lc_3.6_15.5_0.81 56089.55377914650308 i 13.8626 0.0151 3.6000 15.5529 0.8156 11.1372 11.4191 11.3644
lc_3.6_15.5_0.81 56089.56481011780124 i 13.8905 0.0151 3.6000 15.5529 0.8156 11.1372 11.4191 11.3644
lc_3.6_15.5_0.81 55020.55405697420065 i 13.8751 0.0151 3.6000 15.5529 0.8156 11.1372 11.4191 11.3644
lc_3.8_14.4_0.55 55464.29349329649995 g 13.7115 0.0152 3.8000 14.4353 0.5543  9.9164 10.2156 10.1628
lc_3.8_14.5_0.58 55464.29349329649995 g 13.9144 0.0152 3.8000 14.5638 0.5850 10.0485 10.3459 10.2927
lc_3.8_14.7_0.61 55464.29349329649995 g 14.1661 0.0151 3.8000 14.7001 0.6135 10.1882 10.4840 10.4303
lc_3.8_14.8_0.65 55464.29349329649995 g 14.4812 0.0150 3.8000 14.8726 0.6538 10.3655 10.6589 10.6046
lc_3.8_14.9_0.69 55464.29349329649995 g 14.7325 0.0149 3.8000 14.9978 0.6996 10.4962 10.7869 10.7320
lc_3.8_14.9_0.69 55741.49045909760025 r 13.5488 0.0012 3.8000 14.9978 0.6996 10.4962 10.7869 10.7320
lc_3.8_14.9_0.69 55741.49168515670317 r 13.5362 0.0011 3.8000 14.9978 0.6996 10.4962 10.7869 10.7320
lc_3.8_14.9_0.69 55741.50045047800086 r 13.5321 0.0011 3.8000 14.9978 0.6996 10.4962 10.7869 10.7320
lc_3.8_14.9_0.69 55741.50167690790113 r 13.5081 0.0011 3.8000 14.9978 0.6996 10.4962 10.7869 10.7320
lc_3.8_14.9_0.69 55365.53584335280175 r 13.5665 0.0012 3.8000 14.9978 0.6996 10.4962 10.7869 10.7320
lc_3.8_14.9_0.69 55365.52441271440330 r 13.6164 0.0012 3.8000 14.9978 0.6996 10.4962 10.7869 10.7320
lc_3.8_15.1_0.73 55464.29349329649995 g 14.9846 0.0149 3.8000 15.1306 0.7353 10.6332 10.9218 10.8664
lc_3.8_15.1_0.73 56462.56686651160271 r 13.5268 0.0011 3.8000 15.1306 0.7353 10.6332 10.9218 10.8664
lc_3.8_15.1_0.73 56462.55677771740011 r 13.5744 0.0012 3.8000 15.1306 0.7353 10.6332 10.9218 10.8664
lc_3.8_15.1_0.73 55741.49045909760025 r 13.7189 0.0012 3.8000 15.1306 0.7353 10.6332 10.9218 10.8664
lc_3.8_15.1_0.73 55741.49168515670317 r 13.7661 0.0013 3.8000 15.1306 0.7353 10.6332 10.9218 10.8664
lc_3.8_15.1_0.73 55741.50045047800086 r 13.7331 0.0012 3.8000 15.1306 0.7353 10.6332 10.9218 10.8664
lc_3.8_15.1_0.73 55741.50167690790113 r 13.7728 0.0013 3.8000 15.1306 0.7353 10.6332 10.9218 10.8664
lc_3.8_15.1_0.73 55365.53584335280175 r 13.8166 0.0013 3.8000 15.1306 0.7353 10.6332 10.9218 10.8664
lc_3.8_15.1_0.73 55365.52441271440330 r 13.7656 0.0013 3.8000 15.1306 0.7353 10.6332 10.9218 10.8664
lc_3.8_15.1_0.73 56443.51328602719877 r 13.5168 0.0011 3.8000 15.1306 0.7353 10.6332 10.9218 10.8664
lc_3.8_15.1_0.73 56443.52357862330246 r 13.5221 0.0011 3.8000 15.1306 0.7353 10.6332 10.9218 10.8664
lc_3.8_15.1_0.73 56463.53178456950263 i 13.5597 0.0154 3.8000 15.1306 0.7353 10.6332 10.9218 10.8664
lc_3.8_15.1_0.73 56463.52087216729706 i 13.5272 0.0154 3.8000 15.1306 0.7353 10.6332 10.9218 10.8664
lc_3.8_15.1_0.73 55813.30771757940238 i 13.5017 0.0154 3.8000 15.1306 0.7353 10.6332 10.9218 10.8664
lc_3.8_15.1_0.73 55764.49829669189785 i 13.6027 0.0153 3.8000 15.1306 0.7353 10.6332 10.9218 10.8664
lc_3.8_15.1_0.73 55764.49975053079834 i 13.6115 0.0153 3.8000 15.1306 0.7353 10.6332 10.9218 10.8664
lc_3.8_15.1_0.73 55764.48711860409821 i 13.5744 0.0153 3.8000 15.1306 0.7353 10.6332 10.9218 10.8664
lc_3.8_15.1_0.73 55764.48846431059792 i 13.5641 0.0154 3.8000 15.1306 0.7353 10.6332 10.9218 10.8664
lc_3.8_15.5_0.81 55464.29349329649995 g 15.6645 0.0150 3.8000 15.5529 0.8156 11.0651 11.3490 11.2925
lc_3.8_15.5_0.81 56462.56686651160271 r 14.1504 0.0015 3.8000 15.5529 0.8156 11.0651 11.3490 11.2925
lc_3.8_15.5_0.81 56462.55677771740011 r 14.1447 0.0015 3.8000 15.5529 0.8156 11.0651 11.3490 11.2925
lc_3.8_15.5_0.81 55741.49045909760025 r 14.3250 0.0016 3.8000 15.5529 0.8156 11.0651 11.3490 11.2925
lc_3.8_15.5_0.81 55741.49168515670317 r 14.3529 0.0016 3.8000 15.5529 0.8156 11.0651 11.3490 11.2925
lc_3.8_15.5_0.81 55741.50045047800086 r 14.3927 0.0017 3.8000 15.5529 0.8156 11.0651 11.3490 11.2925
lc_3.8_15.5_0.81 55741.50167690790113 r 14.3544 0.0016 3.8000 15.5529 0.8156 11.0651 11.3490 11.2925
lc_3.8_15.5_0.81 55365.53584335280175 r 14.4286 0.0017 3.8000 15.5529 0.8156 11.0651 11.3490 11.2925
lc_3.8_15.5_0.81 55365.52441271440330 r 14.4244 0.0017 3.8000 15.5529 0.8156 11.0651 11.3490 11.2925
lc_3.8_15.5_0.81 56443.51328602719877 r 14.1457 0.0015 3.8000 15.5529 0.8156 11.0651 11.3490 11.2925
lc_3.8_15.5_0.81 56443.52357862330246 r 14.1453 0.0015 3.8000 15.5529 0.8156 11.0651 11.3490 11.2925
lc_3.8_15.5_0.81 56089.54232895519817 r 13.9452 0.0014 3.8000 15.5529 0.8156 11.0651 11.3490 11.2925
lc_3.8_15.5_0.81 56089.53215622530115 r 13.9445 0.0014 3.8000 15.5529 0.8156 11.0651 11.3490 11.2925
lc_3.8_15.5_0.81 55367.53504510969651 i 13.7937 0.0151 3.8000 15.5529 0.8156 11.0651 11.3490 11.2925
lc_3.8_15.5_0.81 56443.55811563979660 i 13.8678 0.0151 3.8000 15.5529 0.8156 11.0651 11.3490 11.2925
lc_3.8_15.5_0.81 56443.56911456600210 i 13.8173 0.0151 3.8000 15.5529 0.8156 11.0651 11.3490 11.2925
lc_3.8_15.5_0.81 56463.53178456950263 i 14.1291 0.0149 3.8000 15.5529 0.8156 11.0651 11.3490 11.2925
lc_3.8_15.5_0.81 56463.52087216729706 i 14.1304 0.0149 3.8000 15.5529 0.8156 11.0651 11.3490 11.2925
lc_3.8_15.5_0.81 56090.57252493599663 i 14.0161 0.0150 3.8000 15.5529 0.8156 11.0651 11.3490 11.2925
lc_3.8_15.5_0.81 56090.58425449919741 i 13.9744 0.0150 3.8000 15.5529 0.8156 11.0651 11.3490 11.2925
lc_3.8_15.5_0.81 55813.30771757940238 i 14.0353 0.0149 3.8000 15.5529 0.8156 11.0651 11.3490 11.2925
lc_3.8_15.5_0.81 55813.30920072099980 i 14.0269 0.0150 3.8000 15.5529 0.8156 11.0651 11.3490 11.2925
lc_3.8_15.5_0.81 55813.31910332939879 i 14.0163 0.0150 3.8000 15.5529 0.8156 11.0651 11.3490 11.2925
lc_3.8_15.5_0.81 55813.32059630800359 i 14.0654 0.0149 3.8000 15.5529 0.8156 11.0651 11.3490 11.2925
lc_3.8_15.5_0.81 55764.49829669189785 i 14.1625 0.0148 3.8000 15.5529 0.8156 11.0651 11.3490 11.2925
lc_3.8_15.5_0.81 55764.49975053079834 i 14.1663 0.0148 3.8000 15.5529 0.8156 11.0651 11.3490 11.2925
lc_3.8_15.5_0.81 55764.48711860409821 i 14.1583 0.0148 3.8000 15.5529 0.8156 11.0651 11.3490 11.2925
lc_3.8_15.5_0.81 55764.48846431059792 i 14.1555 0.0149 3.8000 15.5529 0.8156 11.0651 11.3490 11.2925
lc_3.8_15.5_0.81 55367.54774467740208 i 13.7616 0.0152 3.8000 15.5529 0.8156 11.0651 11.3490 11.2925
lc_3.8_15.5_0.81 56089.55377914650308 i 13.8113 0.0151 3.8000 15.5529 0.8156 11.0651 11.3490 11.2925
lc_3.8_15.5_0.81 56089.56481011780124 i 13.7985 0.0151 3.8000 15.5529 0.8156 11.0651 11.3490 11.2925
lc_3.8_15.5_0.81 55020.55405697420065 i 13.9576 0.0150 3.8000 15.5529 0.8156 11.0651 11.3490 11.2925
lc_4.0_14.7_0.61 55464.29349329649995 g 13.6664 0.0152 4.0000 14.7001 0.6135 10.1199 10.4175 10.3621
lc_4.0_14.8_0.65 55464.29349329649995 g 14.0018 0.0152 4.0000 14.8726 0.6538 10.2971 10.5924 10.5364
lc_4.0_14.9_0.69 55464.29349329649995 g 14.2380 0.0151 4.0000 14.9978 0.6996 10.4278 10.7204 10.6638
lc_4.0_14.9_0.69 55365.53584335280175 r 13.5069 0.0011 4.0000 14.9978 0.6996 10.4278 10.7204 10.6638
lc_4.0_14.9_0.69 56089.54232895519817 r 13.5051 0.0011 4.0000 14.9978 0.6996 10.4278 10.7204 10.6638
lc_4.0_14.9_0.69 56089.53215622530115 r 13.5217 0.0011 4.0000 14.9978 0.6996 10.4278 10.7204 10.6638
lc_4.0_15.1_0.73 55464.29349329649995 g 14.4821 0.0150 4.0000 15.1306 0.7353 10.5649 10.8553 10.7982
lc_4.0_15.1_0.73 56462.56686651160271 r 13.6669 0.0012 4.0000 15.1306 0.7353 10.5649 10.8553 10.7982
lc_4.0_15.1_0.73 56462.55677771740011 r 13.6836 0.0012 4.0000 15.1306 0.7353 10.5649 10.8553 10.7982
lc_4.0_15.1_0.73 55741.49045909760025 r 13.6857 0.0012 4.0000 15.1306 0.7353 10.5649 10.8553 10.7982
lc_4.0_15.1_0.73 55741.49168515670317 r 13.7379 0.0012 4.0000 15.1306 0.7353 10.5649 10.8553 10.7982
lc_4.0_15.1_0.73 55741.50045047800086 r 13.7041 0.0012 4.0000 15.1306 0.7353 10.5649 10.8553 10.7982
lc_4.0_15.1_0.73 55741.50167690790113 r 13.6803 0.0012 4.0000 15.1306 0.7353 10.5649 10.8553 10.7982
lc_4.0_15.1_0.73 55365.53584335280175 r 13.6602 0.0012 4.0000 15.1306 0.7353 10.5649 10.8553 10.7982
lc_4.0_15.1_0.73 55365.52441271440330 r 13.6919 0.0012 4.0000 15.1306 0.7353 10.5649 10.8553 10.7982
lc_4.0_15.1_0.73 56089.54232895519817 r 13.7097 0.0012 4.0000 15.1306 0.7353 10.5649 10.8553 10.7982
lc_4.0_15.1_0.73 56089.53215622530115 r 13.6790 0.0012 4.0000 15.1306 0.7353 10.5649 10.8553 10.7982
lc_4.0_15.5_0.81 55464.29349329649995 g 15.1683 0.0148 4.0000 15.5529 0.8156 10.9968 11.2825 11.2242
lc_4.0_15.5_0.81 56462.56686651160271 r 14.2250 0.0015 4.0000 15.5529 0.8156 10.9968 11.2825 11.2242
lc_4.0_15.5_0.81 56462.55677771740011 r 14.2768 0.0016 4.0000 15.5529 0.8156 10.9968 11.2825 11.2242
lc_4.0_15.5_0.81 55741.49045909760025 r 14.2709 0.0016 4.0000 15.5529 0.8156 10.9968 11.2825 11.2242
lc_4.0_15.5_0.81 55741.49168515670317 r 14.2742 0.0016 4.0000 15.5529 0.8156 10.9968 11.2825 11.2242
lc_4.0_15.5_0.81 55741.50045047800086 r 14.3320 0.0016 4.0000 15.5529 0.8156 10.9968 11.2825 11.2242
lc_4.0_15.5_0.81 55741.50167690790113 r 14.3250 0.0016 4.0000 15.5529 0.8156 10.9968 11.2825 11.2242
lc_4.0_15.5_0.81 55365.53584335280175 r 14.2930 0.0016 4.0000 15.5529 0.8156 10.9968 11.2825 11.2242
lc_4.0_15.5_0.81 55365.52441271440330 r 14.3315 0.0016 4.0000 15.5529 0.8156 10.9968 11.2825 11.2242
lc_4.0_15.5_0.81 56443.51328602719877 r 13.7060 0.0012 4.0000 15.5529 0.8156 10.9968 11.2825 11.2242
lc_4.0_15.5_0.81 56443.52357862330246 r 13.7152 0.0012 4.0000 15.5529 0.8156 10.9968 11.2825 11.2242
lc_4.0_15.5_0.81 56089.54232895519817 r 14.3163 0.0016 4.0000 15.5529 0.8156 10.9968 11.2825 11.2242
lc_4.0_15.5_0.81 56089.53215622530115 r 14.2906 0.0016 4.0000 15.5529 0.8156 10.9968 11.2825 11.2242
lc_4.0_15.5_0.81 55367.53504510969651 i 13.7031 0.0152 4.0000 15.5529 0.8156 10.9968 11.2825 11.2242
lc_4.0_15.5_0.81 56443.55811563979660 i 13.6711 0.0153 4.0000 15.5529 0.8156 10.9968 11.2825 11.2242
lc_4.0_15.5_0.81 56443.56911456600210 i 13.6590 0.0153 4.0000 15.5529 0.8156 10.9968 11.2825 11.2242
lc_4.0_15.5_0.81 56463.53178456950263 i 13.6870 0.0152 4.0000 15.5529 0.8156 10.9968 11.2825 11.2242
lc_4.0_15.5_0.81 56463.52087216729706 i 13.6951 0.0152 4.0000 15.5529 0.8156 10.9968 11.2825 11.2242
lc_4.0_15.5_0.81 56090.57252493599663 i 14.0069 0.0150 4.0000 15.5529 0.8156 10.9968 11.2825 11.2242
lc_4.0_15.5_0.81 56090.58425449919741 i 13.9610 0.0150 4.0000 15.5529 0.8156 10.9968 11.2825 11.2242
lc_4.0_15.5_0.81 55813.30771757940238 i 14.0025 0.0150 4.0000 15.5529 0.8156 10.9968 11.2825 11.2242
lc_4.0_15.5_0.81 55813.30920072099980 i 13.9955 0.0150 4.0000 15.5529 0.8156 10.9968 11.2825 11.2242
lc_4.0_15.5_0.81 55813.31910332939879 i 13.9816 0.0150 4.0000 15.5529 0.8156 10.9968 11.2825 11.2242
lc_4.0_15.5_0.81 55813.32059630800359 i 14.0327 0.0149 4.0000 15.5529 0.8156 10.9968 11.2825 11.2242
lc_4.0_15.5_0.81 55764.49829669189785 i 13.7707 0.0152 4.0000 15.5529 0.8156 10.9968 11.2825 11.2242
lc_4.0_15.5_0.81 55764.49975053079834 i 13.8340 0.0151 4.0000 15.5529 0.8156 10.9968 11.2825 11.2242
lc_4.0_15.5_0.81 55764.48711860409821 i 13.7842 0.0152 4.0000 15.5529 0.8156 10.9968 11.2825 11.2242
lc_4.0_15.5_0.81 55764.48846431059792 i 13.7361 0.0152 4.0000 15.5529 0.8156 10.9968 11.2825 11.2242
lc_4.0_15.5_0.81 55367.54774467740208 i 13.6715 0.0153 4.0000 15.5529 0.8156 10.9968 11.2825 11.2242
lc_4.0_15.5_0.81 56089.55377914650308 i 14.0421 0.0149 4.0000 15.5529 0.8156 10.9968 11.2825 11.2242
lc_4.0_15.5_0.81 56089.56481011780124 i 14.0415 0.0149 4.0000 15.5529 0.8156 10.9968 11.2825 11.2242
lc_4.0_15.5_0.81 55020.55405697420065 i 13.7563 0.0152 4.0000 15.5529 0.8156 10.9968 11.2825 11.2242
lc_4.2_14.5_0.58 55464.29349329649995 g 13.6863 0.0152 4.2000 14.5638 0.5850  9.9151 10.2162 10.1596
lc_4.2_14.7_0.61 55464.29349329649995 g 13.9170 0.0152 4.2000 14.7001 0.6135 10.0548 10.3542 10.2972
lc_4.2_14.8_0.65 55464.29349329649995 g 14.2509 0.0151 4.2000 14.8726 0.6538 10.2321 10.5291 10.4715
lc_4.2_14.9_0.69 55464.29349329649995 g 14.5036 0.0150 4.2000 14.9978 0.6996 10.3628 10.6571 10.5989
lc_4.2_15.1_0.73 55464.29349329649995 g 14.7045 0.0149 4.2000 15.1306 0.7353 10.4999 10.7921 10.7333
lc_4.2_15.1_0.73 55741.49045909760025 r 13.5225 0.0011 4.2000 15.1306 0.7353 10.4999 10.7921 10.7333
lc_4.2_15.1_0.73 55741.49168515670317 r 13.5629 0.0012 4.2000 15.1306 0.7353 10.4999 10.7921 10.7333
lc_4.2_15.1_0.73 55741.50045047800086 r 13.5007 0.0011 4.2000 15.1306 0.7353 10.4999 10.7921 10.7333
lc_4.2_15.1_0.73 55741.50167690790113 r 13.5536 0.0012 4.2000 15.1306 0.7353 10.4999 10.7921 10.7333
lc_4.2_15.1_0.73 56443.51328602719877 r 13.7133 0.0012 4.2000 15.1306 0.7353 10.4999 10.7921 10.7333
lc_4.2_15.1_0.73 56443.52357862330246 r 13.6665 0.0012 4.2000 15.1306 0.7353 10.4999 10.7921 10.7333
lc_4.2_15.5_0.81 55464.29349329649995 g 15.3742 0.0149 4.2000 15.5529 0.8156 10.9317 11.2192 11.1594
lc_4.2_15.5_0.81 56462.56686651160271 r 13.7607 0.0013 4.2000 15.5529 0.8156 10.9317 11.2192 11.1594
lc_4.2_15.5_0.81 56462.55677771740011 r 13.7471 0.0012 4.2000 15.5529 0.8156 10.9317 11.2192 11.1594
lc_4.2_15.5_0.81 55741.49045909760025 r 14.1344 0.0015 4.2000 15.5529 0.8156 10.9317 11.2192 11.1594
lc_4.2_15.5_0.81 55741.49168515670317 r 14.1492 0.0015 4.2000 15.5529 0.8156 10.9317 11.2192 11.1594
lc_4.2_15.5_0.81 55741.50045047800086 r 14.1278 0.0015 4.2000 15.5529 0.8156 10.9317 11.2192 11.1594
lc_4.2_15.5_0.81 55741.50167690790113 r 14.1208 0.0015 4.2000 15.5529 0.8156 10.9317 11.2192 11.1594
lc_4.2_15.5_0.81 55365.53584335280175 r 13.8485 0.0013 4.2000 15.5529 0.8156 10.9317 11.2192 11.1594
lc_4.2_15.5_0.81 55365.52441271440330 r 13.8774 0.0013 4.2000 15.5529 0.8156 10.9317 11.2192 11.1594
lc_4.2_15.5_0.81 56443.51328602719877 r 14.2767 0.0016 4.2000 15.5529 0.8156 10.9317 11.2192 11.1594
lc_4.2_15.5_0.81 56443.52357862330246 r 14.2747 0.0016 4.2000 15.5529 0.8156 10.9317 11.2192 11.1594
lc_4.2_15.5_0.81 56089.54232895519817 r 14.0447 0.0014 4.2000 15.5529 0.8156 10.9317 11.2192 11.1594
lc_4.2_15.5_0.81 56089.53215622530115 r 14.0006 0.0014 4.2000 15.5529 0.8156 10.9317 11.2192 11.1594
lc_4.2_15.5_0.81 55367.53504510969651 i 13.8556 0.0151 4.2000 15.5529 0.8156 10.9317 11.2192 11.1594
lc_4.2_15.5_0.81 56443.55811563979660 i 14.0403 0.0149 4.2000 15.5529 0.8156 10.9317 11.2192 11.1594
lc_4.2_15.5_0.81 56443.56911456600210 i 14.0211 0.0150 4.2000 15.5529 0.8156 10.9317 11.2192 11.1594
lc_4.2_15.5_0.81 56463.53178456950263 i 13.7548 0.0152 4.2000 15.5529 0.8156 10.9317 11.2192 11.1594
lc_4.2_15.5_0.81 56463.52087216729706 i 13.7389 0.0152 4.2000 15.5529 0.8156 10.9317 11.2192 11.1594
lc_4.2_15.5_0.81 56090.57252493599663 i 13.9516 0.0150 4.2000 15.5529 0.8156 10.9317 11.2192 11.1594
lc_4.2_15.5_0.81 56090.58425449919741 i 13.9833 0.0150 4.2000 15.5529 0.8156 10.9317 11.2192 11.1594
lc_4.2_15.5_0.81 55813.30771757940238 i 13.9746 0.0150 4.2000 15.5529 0.8156 10.9317 11.2192 11.1594
lc_4.2_15.5_0.81 55813.30920072099980 i 13.9266 0.0150 4.2000 15.5529 0.8156 10.9317 11.2192 11.1594
lc_4.2_15.5_0.81 55813.31910332939879 i 13.9535 0.0150 4.2000 15.5529 0.8156 10.9317 11.2192 11.1594
lc_4.2_15.5_0.81 55813.32059630800359 i 13.9591 0.0150 4.2000 15.5529 0.8156 10.9317 11.2192 11.1594
lc_4.2_15.5_0.81 55764.49829669189785 i 13.7850 0.0152 4.2000 15.5529 0.8156 10.9317 11.2192 11.1594
lc_4.2_15.5_0.81 55764.49975053079834 i 13.7631 0.0152 4.2000 15.5529 0.8156 10.9317 11.2192 11.1594
lc_4.2_15.5_0.81 55764.48711860409821 i 13.8016 0.0151 4.2000 15.5529 0.8156 10.9317 11.2192 11.1594
lc_4.2_15.5_0.81 55764.48846431059792 i 13.7676 0.0152 4.2000 15.5529 0.8156 10.9317 11.2192 11.1594
lc_4.2_15.5_0.81 55367.54774467740208 i 13.8996 0.0151 4.2000 15.5529 0.8156 10.9317 11.2192 11.1594
lc_4.2_15.5_0.81 56089.55377914650308 i 13.8155 0.0151 4.2000 15.5529 0.8156 10.9317 11.2192 11.1594
lc_4.2_15.5_0.81 56089.56481011780124 i 13.7161 0.0152 4.2000 15.5529 0.8156 10.9317 11.2192 11.1594
lc_4.2_15.5_0.81 55020.55405697420065 i 13.9790 0.0150 4.2000 15.5529 0.8156 10.9317 11.2192 11.1594
lc_4.4_14.7_0.61 55464.29349329649995 g 13.5348 0.0153 4.4000 14.7001 0.6135  9.9928 10.2939 10.2353
lc_4.4_14.8_0.65 55464.29349329649995 g 13.8666 0.0152 4.4000 14.8726 0.6538 10.1701 10.4688 10.4097
lc_4.4_14.9_0.69 55464.29349329649995 g 14.1330 0.0151 4.4000 14.9978 0.6996 10.3008 10.5968 10.5370
lc_4.4_15.1_0.73 55464.29349329649995 g 14.3640 0.0150 4.4000 15.1306 0.7353 10.4379 10.7317 10.6715
lc_4.4_15.1_0.73 55365.53584335280175 r 13.6385 0.0012 4.4000 15.1306 0.7353 10.4379 10.7317 10.6715
lc_4.4_15.1_0.73 55365.52441271440330 r 13.6502 0.0012 4.4000 15.1306 0.7353 10.4379 10.7317 10.6715
lc_4.4_15.1_0.73 56443.51328602719877 r 13.6879 0.0012 4.4000 15.1306 0.7353 10.4379 10.7317 10.6715
lc_4.4_15.1_0.73 56443.52357862330246 r 13.6427 0.0012 4.4000 15.1306 0.7353 10.4379 10.7317 10.6715
lc_4.4_15.5_0.81 55464.29349329649995 g 15.0274 0.0148 4.4000 15.5529 0.8156 10.8697 11.1589 11.0975
lc_4.4_15.5_0.81 56462.56686651160271 r 13.7141 0.0012 4.4000 15.5529 0.8156 10.8697 11.1589 11.0975
lc_4.4_15.5_0.81 56462.55677771740011 r 13.7111 0.0012 4.4000 15.5529 0.8156 10.8697 11.1589 11.0975
lc_4.4_15.5_0.81 55741.49045909760025 r 13.9079 0.0013 4.4000 15.5529 0.8156 10.8697 11.1589 11.0975
lc_4.4_15.5_0.81 55741.49168515670317 r 13.9016 0.0013 4.4000 15.5529 0.8156 10.8697 11.1589 11.0975
lc_4.4_15.5_0.81 55741.50045047800086 r 13.8622 0.0013 4.4000 15.5529 0.8156 10.8697 11.1589 11.0975
lc_4.4_15.5_0.81 55741.50167690790113 r 13.8694 0.0013 4.4000 15.5529 0.8156 10.8697 11.1589 11.0975
lc_4.4_15.5_0.81 55365.53584335280175 r 14.2336 0.0015 4.4000 15.5529 0.8156 10.8697 11.1589 11.0975
lc_4.4_15.5_0.81 55365.52441271440330 r 14.2664 0.0016 4.4000 15.5529 0.8156 10.8697 11.1589 11.0975
lc_4.4_15.5_0.81 56443.51328602719877 r 14.2760 0.0016 4.4000 15.5529 0.8156 10.8697 11.1589 11.0975
lc_4.4_15.5_0.81 56443.52357862330246 r 14.2332 0.0015 4.4000 15.5529 0.8156 10.8697 11.1589 11.0975
lc_4.4_15.5_0.81 56089.54232895519817 r 13.9836 0.0014 4.4000 15.5529 0.8156 10.8697 11.1589 11.0975
lc_4.4_15.5_0.81 56089.53215622530115 r 13.9887 0.0014 4.4000 15.5529 0.8156 10.8697 11.1589 11.0975
lc_4.4_15.5_0.81 55367.53504510969651 i 13.6581 0.0153 4.4000 15.5529 0.8156 10.8697 11.1589 11.0975
lc_4.4_15.5_0.81 56443.55811563979660 i 13.9593 0.0150 4.4000 15.5529 0.8156 10.8697 11.1589 11.0975
lc_4.4_15.5_0.81 56443.56911456600210 i 13.9377 0.0150 4.4000 15.5529 0.8156 10.8697 11.1589 11.0975
lc_4.4_15.5_0.81 56463.53178456950263 i 13.7249 0.0152 4.4000 15.5529 0.8156 10.8697 11.1589 11.0975
lc_4.4_15.5_0.81 56463.52087216729706 i 13.6488 0.0153 4.4000 15.5529 0.8156 10.8697 11.1589 11.0975
lc_4.4_15.5_0.81 56090.57252493599663 i 13.9210 0.0150 4.4000 15.5529 0.8156 10.8697 11.1589 11.0975
lc_4.4_15.5_0.81 56090.58425449919741 i 13.9550 0.0150 4.4000 15.5529 0.8156 10.8697 11.1589 11.0975
lc_4.4_15.5_0.81 55813.30771757940238 i 13.9538 0.0150 4.4000 15.5529 0.8156 10.8697 11.1589 11.0975
lc_4.4_15.5_0.81 55813.30920072099980 i 13.8971 0.0151 4.4000 15.5529 0.8156 10.8697 11.1589 11.0975
lc_4.4_15.5_0.81 55813.31910332939879 i 13.9215 0.0150 4.4000 15.5529 0.8156 10.8697 11.1589 11.0975
lc_4.4_15.5_0.81 55813.32059630800359 i 13.9156 0.0150 4.4000 15.5529 0.8156 10.8697 11.1589 11.0975
lc_4.4_15.5_0.81 55764.49829669189785 i 13.8977 0.0151 4.4000 15.5529 0.8156 10.8697 11.1589 11.0975
lc_4.4_15.5_0.81 55764.49975053079834 i 13.9102 0.0150 4.4000 15.5529 0.8156 10.8697 11.1589 11.0975
lc_4.4_15.5_0.81 55764.48711860409821 i 13.9040 0.0151 4.4000 15.5529 0.8156 10.8697 11.1589 11.0975
lc_4.4_15.5_0.81 55764.48846431059792 i 13.8333 0.0151 4.4000 15.5529 0.8156 10.8697 11.1589 11.0975
lc_4.4_15.5_0.81 55367.54774467740208 i 13.7183 0.0152 4.4000 15.5529 0.8156 10.8697 11.1589 11.0975
lc_4.4_15.5_0.81 56089.55377914650308 i 13.7449 0.0152 4.4000 15.5529 0.8156 10.8697 11.1589 11.0975
lc_4.4_15.5_0.81 56089.56481011780124 i 13.6933 0.0152 4.4000 15.5529 0.8156 10.8697 11.1589 11.0975
lc_4.4_15.5_0.81 55020.55405697420065 i 13.7213 0.0152 4.4000 15.5529 0.8156 10.8697 11.1589 11.0975
lc_4.6_14.4_0.55 55464.29349329649995 g 13.5821 0.0153 4.6000 14.4353 0.5543  9.6617  9.9679  9.9087
lc_4.6_14.5_0.58 55464.29349329649995 g 13.7868 0.0152 4.6000 14.5638 0.5850  9.7939 10.0982 10.0386
lc_4.6_14.7_0.61 55464.29349329649995 g 14.0574 0.0151 4.6000 14.7001 0.6135  9.9336 10.2363 10.1762
lc_4.6_14.8_0.65 55464.29349329649995 g 14.3412 0.0150 4.6000 14.8726 0.6538 10.1109 10.4112 10.3505
lc_4.6_14.9_0.69 55464.29349329649995 g 14.6210 0.0149 4.6000 14.9978 0.6996 10.2416 10.5392 10.4779
lc_4.6_15.1_0.73 55464.29349329649995 g 14.8661 0.0149 4.6000 15.1306 0.7353 10.3786 10.6741 10.6123
lc_4.6_15.1_0.73 56462.56686651160271 r 13.6732 0.0012 4.6000 15.1306 0.7353 10.3786 10.6741 10.6123
lc_4.6_15.1_0.73 56462.55677771740011 r 13.6353 0.0012 4.6000 15.1306 0.7353 10.3786 10.6741 10.6123
lc_4.6_15.1_0.73 56443.51328602719877 r 13.5881 0.0012 4.6000 15.1306 0.7353 10.3786 10.6741 10.6123
lc_4.6_15.1_0.73 56443.52357862330246 r 13.5861 0.0012 4.6000 15.1306 0.7353 10.3786 10.6741 10.6123
lc_4.6_15.1_0.73 56089.54232895519817 r 13.6076 0.0012 4.6000 15.1306 0.7353 10.3786 10.6741 10.6123
lc_4.6_15.1_0.73 56089.53215622530115 r 13.5753 0.0012 4.6000 15.1306 0.7353 10.3786 10.6741 10.6123
lc_4.6_15.5_0.81 55464.29349329649995 g 15.5290 0.0149 4.6000 15.5529 0.8156 10.8105 11.1013 11.0384
lc_4.6_15.5_0.81 56462.56686651160271 r 14.2584 0.0016 4.6000 15.5529 0.8156 10.8105 11.1013 11.0384
lc_4.6_15.5_0.81 56462.55677771740011 r 14.2826 0.0016 4.6000 15.5529 0.8156 10.8105 11.1013 11.0384
lc_4.6_15.5_0.81 55741.49045909760025 r 13.5805 0.0012 4.6000 15.5529 0.8156 10.8105 11.1013 11.0384
lc_4.6_15.5_0.81 55741.49168515670317 r 13.6038 0.0012 4.6000 15.5529 0.8156 10.8105 11.1013 11.0384
lc_4.6_15.5_0.81 55741.50045047800086 r 13.5713 0.0012 4.6000 15.5529 0.8156 10.8105 11.1013 11.0384
lc_4.6_15.5_0.81 55741.50167690790113 r 13.6124 0.0012 4.6000 15.5529 0.8156 10.8105 11.1013 11.0384
lc_4.6_15.5_0.81 55365.53584335280175 r 13.8073 0.0013 4.6000 15.5529 0.8156 10.8105 11.1013 11.0384
lc_4.6_15.5_0.81 55365.52441271440330 r 13.8184 0.0013 4.6000 15.5529 0.8156 10.8105 11.1013 11.0384
lc_4.6_15.5_0.81 56443.51328602719877 r 14.1490 0.0015 4.6000 15.5529 0.8156 10.8105 11.1013 11.0384
lc_4.6_15.5_0.81 56443.52357862330246 r 14.1949 0.0015 4.6000 15.5529 0.8156 10.8105 11.1013 11.0384
lc_4.6_15.5_0.81 56089.54232895519817 r 14.1996 0.0015 4.6000 15.5529 0.8156 10.8105 11.1013 11.0384
lc_4.6_15.5_0.81 56089.53215622530115 r 14.2835 0.0016 4.6000 15.5529 0.8156 10.8105 11.1013 11.0384
lc_4.6_15.5_0.81 55367.53504510969651 i 13.9886 0.0150 4.6000 15.5529 0.8156 10.8105 11.1013 11.0384
lc_4.6_15.5_0.81 56443.55811563979660 i 13.9145 0.0150 4.6000 15.5529 0.8156 10.8105 11.1013 11.0384
lc_4.6_15.5_0.81 56443.56911456600210 i 13.9053 0.0151 4.6000 15.5529 0.8156 10.8105 11.1013 11.0384
lc_4.6_15.5_0.81 56463.53178456950263 i 13.6511 0.0153 4.6000 15.5529 0.8156 10.8105 11.1013 11.0384
lc_4.6_15.5_0.81 56463.52087216729706 i 13.6727 0.0153 4.6000 15.5529 0.8156 10.8105 11.1013 11.0384
lc_4.6_15.5_0.81 56090.57252493599663 i 13.8120 0.0151 4.6000 15.5529 0.8156 10.8105 11.1013 11.0384
lc_4.6_15.5_0.81 56090.58425449919741 i 13.7642 0.0152 4.6000 15.5529 0.8156 10.8105 11.1013 11.0384
lc_4.6_15.5_0.81 55813.30771757940238 i 13.8560 0.0151 4.6000 15.5529 0.8156 10.8105 11.1013 11.0384
lc_4.6_15.5_0.81 55813.30920072099980 i 13.9077 0.0150 4.6000 15.5529 0.8156 10.8105 11.1013 11.0384
lc_4.6_15.5_0.81 55813.31910332939879 i 13.9185 0.0150 4.6000 15.5529 0.8156 10.8105 11.1013 11.0384
lc_4.6_15.5_0.81 55813.32059630800359 i 13.9065 0.0151 4.6000 15.5529 0.8156 10.8105 11.1013 11.0384
lc_4.6_15.5_0.81 55764.49975053079834 i 13.6196 0.0153 4.6000 15.5529 0.8156 10.8105 11.1013 11.0384
lc_4.6_15.5_0.81 55764.48711860409821 i 13.6050 0.0153 4.6000 15.5529 0.8156 10.8105 11.1013 11.0384
lc_4.6_15.5_0.81 55764.48846431059792 i 13.5694 0.0153 4.6000 15.5529 0.8156 10.8105 11.1013 11.0384
lc_4.6_15.5_0.81 55367.54774467740208 i 13.9310 0.0150 4.6000 15.5529 0.8156 10.8105 11.1013 11.0384
lc_4.6_15.5_0.81 56089.55377914650308 i 13.9481 0.0150 4.6000 15.5529 0.8156 10.8105 11.1013 11.0384
lc_4.6_15.5_0.81 56089.56481011780124 i 13.8991 0.0151 4.6000 15.5529 0.8156 10.8105 11.1013 11.0384
lc_4.6_15.5_0.81 55020.55405697420065 i 13.6473 0.0153 4.6000 15.5529 0.8156 10.8105 11.1013 11.0384
lc_4.8_14.7_0.61 55464.29349329649995 g 13.5369 0.0153 4.8000 14.7001 0.6135  9.8769 10.1811 10.1196
lc_4.8_14.8_0.65 55464.29349329649995 g 13.8541 0.0152 4.8000 14.8726 0.6538 10.0541 10.3560 10.2939
lc_4.8_14.9_0.69 55464.29349329649995 g 14.1108 0.0151 4.8000 14.9978 0.6996 10.1848 10.4840 10.4213
lc_4.8_15.1_0.73 55464.29349329649995 g 14.3658 0.0150 4.8000 15.1306 0.7353 10.3219 10.6189 10.5557
lc_4.8_15.1_0.73 55741.49045909760025 r 13.5287 0.0011 4.8000 15.1306 0.7353 10.3219 10.6189 10.5557
lc_4.8_15.1_0.73 55741.49168515670317 r 13.5744 0.0012 4.8000 15.1306 0.7353 10.3219 10.6189 10.5557
lc_4.8_15.1_0.73 55741.50045047800086 r 13.5660 0.0012 4.8000 15.1306 0.7353 10.3219 10.6189 10.5557
lc_4.8_15.1_0.73 55741.50167690790113 r 13.5315 0.0011 4.8000 15.1306 0.7353 10.3219 10.6189 10.5557
lc_4.8_15.5_0.81 55464.29349329649995 g 15.0264 0.0148 4.8000 15.5529 0.8156 10.7538 11.0461 10.9818
lc_4.8_15.5_0.81 56462.56686651160271 r 13.9777 0.0014 4.8000 15.5529 0.8156 10.7538 11.0461 10.9818
lc_4.8_15.5_0.81 56462.55677771740011 r 14.0106 0.0014 4.8000 15.5529 0.8156 10.7538 11.0461 10.9818
lc_4.8_15.5_0.81 55741.49045909760025 r 14.1148 0.0015 4.8000 15.5529 0.8156 10.7538 11.0461 10.9818
lc_4.8_15.5_0.81 55741.49168515670317 r 14.1439 0.0015 4.8000 15.5529 0.8156 10.7538 11.0461 10.9818
lc_4.8_15.5_0.81 55741.50045047800086 r 14.1543 0.0015 4.8000 15.5529 0.8156 10.7538 11.0461 10.9818
lc_4.8_15.5_0.81 55741.50167690790113 r 14.1612 0.0015 4.8000 15.5529 0.8156 10.7538 11.0461 10.9818
lc_4.8_15.5_0.81 55365.53584335280175 r 13.9058 0.0013 4.8000 15.5529 0.8156 10.7538 11.0461 10.9818
lc_4.8_15.5_0.81 55365.52441271440330 r 13.8775 0.0013 4.8000 15.5529 0.8156 10.7538 11.0461 10.9818
lc_4.8_15.5_0.81 56443.51328602719877 r 13.8596 0.0013 4.8000 15.5529 0.8156 10.7538 11.0461 10.9818
lc_4.8_15.5_0.81 56443.52357862330246 r 13.8329 0.0013 4.8000 15.5529 0.8156 10.7538 11.0461 10.9818
lc_4.8_15.5_0.81 56089.54232895519817 r 13.6473 0.0012 4.8000 15.5529 0.8156 10.7538 11.0461 10.9818
lc_4.8_15.5_0.81 56089.53215622530115 r 13.6454 0.0012 4.8000 15.5529 0.8156 10.7538 11.0461 10.9818
lc_4.8_15.5_0.81 55367.53504510969651 i 13.9439 0.0150 4.8000 15.5529 0.8156 10.7538 11.0461 10.9818
lc_4.8_15.5_0.81 56443.55811563979660 i 13.6885 0.0152 4.8000 15.5529 0.8156 10.7538 11.0461 10.9818
lc_4.8_15.5_0.81 56443.56911456600210 i 13.6966 0.0152 4.8000 15.5529 0.8156 10.7538 11.0461 10.9818
lc_4.8_15.5_0.81 56463.53178456950263 i 13.5061 0.0154 4.8000 15.5529 0.8156 10.7538 11.0461 10.9818
lc_4.8_15.5_0.81 56090.57252493599663 i 13.6606 0.0153 4.8000 15.5529 0.8156 10.7538 11.0461 10.9818
lc_4.8_15.5_0.81 56090.58425449919741 i 13.5991 0.0153 4.8000 15.5529 0.8156 10.7538 11.0461 10.9818
lc_4.8_15.5_0.81 55813.30771757940238 i 13.8544 0.0151 4.8000 15.5529 0.8156 10.7538 11.0461 10.9818
lc_4.8_15.5_0.81 55813.30920072099980 i 13.8172 0.0151 4.8000 15.5529 0.8156 10.7538 11.0461 10.9818
lc_4.8_15.5_0.81 55813.31910332939879 i 13.8294 0.0151 4.8000 15.5529 0.8156 10.7538 11.0461 10.9818
lc_4.8_15.5_0.81 55813.32059630800359 i 13.8864 0.0151 4.8000 15.5529 0.8156 10.7538 11.0461 10.9818
lc_4.8_15.5_0.81 55764.49829669189785 i 13.7390 0.0152 4.8000 15.5529 0.8156 10.7538 11.0461 10.9818
lc_4.8_15.5_0.81 55764.49975053079834 i 13.7463 0.0152 4.8000 15.5529 0.8156 10.7538 11.0461 10.9818
lc_4.8_15.5_0.81 55764.48711860409821 i 13.7571 0.0152 4.8000 15.5529 0.8156 10.7538 11.0461 10.9818
lc_4.8_15.5_0.81 55764.48846431059792 i 13.7294 0.0152 4.8000 15.5529 0.8156 10.7538 11.0461 10.9818
lc_4.8_15.5_0.81 55367.54774467740208 i 13.9245 0.0150 4.8000 15.5529 0.8156 10.7538 11.0461 10.9818
lc_4.8_15.5_0.81 56089.55377914650308 i 13.5339 0.0154 4.8000 15.5529 0.8156 10.7538 11.0461 10.9818
lc_4.8_15.5_0.81 56089.56481011780124 i 13.5731 0.0153 4.8000 15.5529 0.8156 10.7538 11.0461 10.9818
lc_4.8_15.5_0.81 55020.55405697420065 i 13.7503 0.0152 4.8000 15.5529 0.8156 10.7538 11.0461 10.9818
lc_5.0_14.5_0.58 55464.29349329649995 g 13.6330 0.0153 5.0000 14.5638 0.5850  9.6828  9.9901  9.9277
lc_5.0_14.7_0.61 55464.29349329649995 g 13.8690 0.0152 5.0000 14.7001 0.6135  9.8225 10.1282 10.0653
lc_5.0_14.8_0.65 55464.29349329649995 g 14.1619 0.0151 5.0000 14.8726 0.6538  9.9997 10.3031 10.2396
lc_5.0_14.9_0.69 55464.29349329649995 g 14.4455 0.0150 5.0000 14.9978 0.6996 10.1304 10.4311 10.3670
lc_5.0_15.1_0.73 55464.29349329649995 g 14.7028 0.0149 5.0000 15.1306 0.7353 10.2675 10.5660 10.5015
lc_5.0_15.1_0.73 56443.52357862330246 r 13.5467 0.0012 5.0000 15.1306 0.7353 10.2675 10.5660 10.5015
lc_5.0_15.5_0.81 55464.29349329649995 g 15.3375 0.0149 5.0000 15.5529 0.8156 10.6994 10.9932 10.9275
lc_5.0_15.5_0.81 56462.56686651160271 r 13.9795 0.0014 5.0000 15.5529 0.8156 10.6994 10.9932 10.9275
lc_5.0_15.5_0.81 56462.55677771740011 r 13.9533 0.0014 5.0000 15.5529 0.8156 10.6994 10.9932 10.9275
lc_5.0_15.5_0.81 55741.49045909760025 r 13.7278 0.0012 5.0000 15.5529 0.8156 10.6994 10.9932 10.9275
lc_5.0_15.5_0.81 55741.49168515670317 r 13.7340 0.0012 5.0000 15.5529 0.8156 10.6994 10.9932 10.9275
lc_5.0_15.5_0.81 55741.50045047800086 r 13.7328 0.0012 5.0000 15.5529 0.8156 10.6994 10.9932 10.9275
lc_5.0_15.5_0.81 55741.50167690790113 r 13.7946 0.0013 5.0000 15.5529 0.8156 10.6994 10.9932 10.9275
lc_5.0_15.5_0.81 56443.51328602719877 r 14.1503 0.0015 5.0000 15.5529 0.8156 10.6994 10.9932 10.9275
lc_5.0_15.5_0.81 56443.52357862330246 r 14.0990 0.0015 5.0000 15.5529 0.8156 10.6994 10.9932 10.9275
lc_5.0_15.5_0.81 56089.54232895519817 r 13.9996 0.0014 5.0000 15.5529 0.8156 10.6994 10.9932 10.9275
lc_5.0_15.5_0.81 56089.53215622530115 r 13.9719 0.0014 5.0000 15.5529 0.8156 10.6994 10.9932 10.9275
lc_5.0_15.5_0.81 55367.53504510969651 i 13.8035 0.0151 5.0000 15.5529 0.8156 10.6994 10.9932 10.9275
lc_5.0_15.5_0.81 56443.55811563979660 i 13.9086 0.0150 5.0000 15.5529 0.8156 10.6994 10.9932 10.9275
lc_5.0_15.5_0.81 56443.56911456600210 i 13.8838 0.0151 5.0000 15.5529 0.8156 10.6994 10.9932 10.9275
lc_5.0_15.5_0.81 56463.53178456950263 i 13.8521 0.0151 5.0000 15.5529 0.8156 10.6994 10.9932 10.9275
lc_5.0_15.5_0.81 56463.52087216729706 i 13.8660 0.0151 5.0000 15.5529 0.8156 10.6994 10.9932 10.9275
lc_5.0_15.5_0.81 56090.58425449919741 i 13.5011 0.0154 5.0000 15.5529 0.8156 10.6994 10.9932 10.9275
lc_5.0_15.5_0.81 55813.30771757940238 i 13.8523 0.0151 5.0000 15.5529 0.8156 10.6994 10.9932 10.9275
lc_5.0_15.5_0.81 55813.30920072099980 i 13.8499 0.0151 5.0000 15.5529 0.8156 10.6994 10.9932 10.9275
lc_5.0_15.5_0.81 55813.31910332939879 i 13.8616 0.0151 5.0000 15.5529 0.8156 10.6994 10.9932 10.9275
lc_5.0_15.5_0.81 55813.32059630800359 i 13.8826 0.0151 5.0000 15.5529 0.8156 10.6994 10.9932 10.9275
lc_5.0_15.5_0.81 55764.49829669189785 i 13.7189 0.0152 5.0000 15.5529 0.8156 10.6994 10.9932 10.9275
lc_5.0_15.5_0.81 55764.49975053079834 i 13.6943 0.0152 5.0000 15.5529 0.8156 10.6994 10.9932 10.9275
lc_5.0_15.5_0.81 55764.48711860409821 i 13.7701 0.0152 5.0000 15.5529 0.8156 10.6994 10.9932 10.9275
lc_5.0_15.5_0.81 55764.48846431059792 i 13.7319 0.0152 5.0000 15.5529 0.8156 10.6994 10.9932 10.9275
lc_5.0_15.5_0.81 55367.54774467740208 i 13.7532 0.0152 5.0000 15.5529 0.8156 10.6994 10.9932 10.9275
lc_5.0_15.5_0.81 56089.55377914650308 i 13.7015 0.0152 5.0000 15.5529 0.8156 10.6994 10.9932 10.9275
lc_5.0_15.5_0.81 56089.56481011780124 i 13.6629 0.0153 5.0000 15.5529 0.8156 10.6994 10.9932 10.9275
lc_5.2_14.5_0.58 55464.29349329649995 g 13.6030 0.0153 5.2000 14.5638 0.5850  9.6305  9.9393  9.8755
lc_5.2_14.7_0.61 55464.29349329649995 g 13.8185 0.0152 5.2000 14.7001 0.6135  9.7702 10.0773 10.0132
lc_5.2_14.8_0.65 55464.29349329649995 g 14.1008 0.0151 5.2000 14.8726 0.6538  9.9475 10.2522 10.1875
lc_5.2_14.9_0.69 55464.29349329649995 g 14.3674 0.0150 5.2000 14.9978 0.6996 10.0782 10.3802 10.3149
lc_5.2_15.1_0.73 55464.29349329649995 g 14.6062 0.0149 5.2000 15.1306 0.7353 10.2152 10.5152 10.4493
lc_5.2_15.1_0.73 56089.54232895519817 r 13.5306 0.0011 5.2000 15.1306 0.7353 10.2152 10.5152 10.4493
lc_5.2_15.1_0.73 56089.53215622530115 r 13.5501 0.0012 5.2000 15.1306 0.7353 10.2152 10.5152 10.4493
lc_5.2_15.5_0.81 55464.29349329649995 g 15.3012 0.0149 5.2000 15.5529 0.8156 10.6471 10.9423 10.8753
lc_5.2_15.5_0.81 56462.56686651160271 r 13.9438 0.0014 5.2000 15.5529 0.8156 10.6471 10.9423 10.8753
lc_5.2_15.5_0.81 56462.55677771740011 r 13.9277 0.0013 5.2000 15.5529 0.8156 10.6471 10.9423 10.8753
lc_5.2_15.5_0.81 55741.49045909760025 r 14.0746 0.0014 5.2000 15.5529 0.8156 10.6471 10.9423 10.8753
lc_5.2_15.5_0.81 55741.49168515670317 r 14.0418 0.0014 5.2000 15.5529 0.8156 10.6471 10.9423 10.8753
lc_5.2_15.5_0.81 55741.50045047800086 r 14.0776 0.0014 5.2000 15.5529 0.8156 10.6471 10.9423 10.8753
lc_5.2_15.5_0.81 55741.50167690790113 r 14.0310 0.0014 5.2000 15.5529 0.8156 10.6471 10.9423 10.8753
lc_5.2_15.5_0.81 55365.53584335280175 r 13.9411 0.0014 5.2000 15.5529 0.8156 10.6471 10.9423 10.8753
lc_5.2_15.5_0.81 55365.52441271440330 r 13.9907 0.0014 5.2000 15.5529 0.8156 10.6471 10.9423 10.8753
lc_5.2_15.5_0.81 56443.51328602719877 r 13.9827 0.0014 5.2000 15.5529 0.8156 10.6471 10.9423 10.8753
lc_5.2_15.5_0.81 56443.52357862330246 r 14.0275 0.0014 5.2000 15.5529 0.8156 10.6471 10.9423 10.8753
lc_5.2_15.5_0.81 56089.54232895519817 r 14.2052 0.0015 5.2000 15.5529 0.8156 10.6471 10.9423 10.8753
lc_5.2_15.5_0.81 56089.53215622530115 r 14.1599 0.0015 5.2000 15.5529 0.8156 10.6471 10.9423 10.8753
lc_5.2_15.5_0.81 55367.53504510969651 i 13.6087 0.0153 5.2000 15.5529 0.8156 10.6471 10.9423 10.8753
lc_5.2_15.5_0.81 56443.55811563979660 i 13.7258 0.0152 5.2000 15.5529 0.8156 10.6471 10.9423 10.8753
lc_5.2_15.5_0.81 56443.56911456600210 i 13.7754 0.0152 5.2000 15.5529 0.8156 10.6471 10.9423 10.8753
lc_5.2_15.5_0.81 56463.53178456950263 i 13.8565 0.0151 5.2000 15.5529 0.8156 10.6471 10.9423 10.8753
lc_5.2_15.5_0.81 56463.52087216729706 i 13.8361 0.0151 5.2000 15.5529 0.8156 10.6471 10.9423 10.8753
lc_5.2_15.5_0.81 55813.30771757940238 i 13.8352 0.0151 5.2000 15.5529 0.8156 10.6471 10.9423 10.8753
lc_5.2_15.5_0.81 55813.30920072099980 i 13.8016 0.0151 5.2000 15.5529 0.8156 10.6471 10.9423 10.8753
lc_5.2_15.5_0.81 55813.31910332939879 i 13.7827 0.0152 5.2000 15.5529 0.8156 10.6471 10.9423 10.8753
lc_5.2_15.5_0.81 55813.32059630800359 i 13.8382 0.0151 5.2000 15.5529 0.8156 10.6471 10.9423 10.8753
lc_5.2_15.5_0.81 55764.49829669189785 i 13.5123 0.0154 5.2000 15.5529 0.8156 10.6471 10.9423 10.8753
lc_5.2_15.5_0.81 55367.54774467740208 i 13.5626 0.0154 5.2000 15.5529 0.8156 10.6471 10.9423 10.8753
lc_5.2_15.5_0.81 56089.55377914650308 i 13.8618 0.0151 5.2000 15.5529 0.8156 10.6471 10.9423 10.8753
lc_5.2_15.5_0.81 56089.56481011780124 i 13.8509 0.0151 5.2000 15.5529 0.8156 10.6471 10.9423 10.8753
lc_5.2_15.5_0.81 55020.55405697420065 i 13.5276 0.0154 5.2000 15.5529 0.8156 10.6471 10.9423 10.8753
lc_5.4_14.9_0.69 55464.29349329649995 g 13.5367 0.0153 5.4000 14.9978 0.6996 10.0279 10.3313 10.2647
lc_5.4_15.1_0.73 55464.29349329649995 g 13.7984 0.0152 5.4000 15.1306 0.7353 10.1649 10.4662 10.3991
lc_5.4_15.5_0.81 55464.29349329649995 g 14.4443 0.0150 5.4000 15.5529 0.8156 10.5968 10.8934 10.8251
lc_5.4_15.5_0.81 56462.56686651160271 r 13.7950 0.0013 5.4000 15.5529 0.8156 10.5968 10.8934 10.8251
lc_5.4_15.5_0.81 56462.55677771740011 r 13.7816 0.0013 5.4000 15.5529 0.8156 10.5968 10.8934 10.8251
lc_5.4_15.5_0.81 55741.49045909760025 r 13.7078 0.0012 5.4000 15.5529 0.8156 10.5968 10.8934 10.8251
lc_5.4_15.5_0.81 55741.49168515670317 r 13.8040 0.0013 5.4000 15.5529 0.8156 10.5968 10.8934 10.8251
lc_5.4_15.5_0.81 55741.50045047800086 r 13.7443 0.0012 5.4000 15.5529 0.8156 10.5968 10.8934 10.8251
lc_5.4_15.5_0.81 55741.50167690790113 r 13.7715 0.0013 5.4000 15.5529 0.8156 10.5968 10.8934 10.8251
lc_5.4_15.5_0.81 55365.53584335280175 r 14.0896 0.0014 5.4000 15.5529 0.8156 10.5968 10.8934 10.8251
lc_5.4_15.5_0.81 55365.52441271440330 r 14.0719 0.0014 5.4000 15.5529 0.8156 10.5968 10.8934 10.8251
lc_5.4_15.5_0.81 56443.51328602719877 r 13.7702 0.0013 5.4000 15.5529 0.8156 10.5968 10.8934 10.8251
lc_5.4_15.5_0.81 56443.52357862330246 r 13.7909 0.0013 5.4000 15.5529 0.8156 10.5968 10.8934 10.8251
lc_5.4_15.5_0.81 56089.54232895519817 r 14.0476 0.0014 5.4000 15.5529 0.8156 10.5968 10.8934 10.8251
lc_5.4_15.5_0.81 56089.53215622530115 r 14.0367 0.0014 5.4000 15.5529 0.8156 10.5968 10.8934 10.8251
lc_5.4_15.5_0.81 56443.55811563979660 i 13.5467 0.0154 5.4000 15.5529 0.8156 10.5968 10.8934 10.8251
lc_5.4_15.5_0.81 56443.56911456600210 i 13.5358 0.0154 5.4000 15.5529 0.8156 10.5968 10.8934 10.8251
lc_5.4_15.5_0.81 55813.30771757940238 i 13.7745 0.0152 5.4000 15.5529 0.8156 10.5968 10.8934 10.8251
lc_5.4_15.5_0.81 55813.30920072099980 i 13.8430 0.0151 5.4000 15.5529 0.8156 10.5968 10.8934 10.8251
lc_5.4_15.5_0.81 55813.31910332939879 i 13.8289 0.0151 5.4000 15.5529 0.8156 10.5968 10.8934 10.8251
lc_5.4_15.5_0.81 55813.32059630800359 i 13.7938 0.0151 5.4000 15.5529 0.8156 10.5968 10.8934 10.8251
lc_5.4_15.5_0.81 55764.49829669189785 i 13.7570 0.0152 5.4000 15.5529 0.8156 10.5968 10.8934 10.8251
lc_5.4_15.5_0.81 55764.49975053079834 i 13.7219 0.0152 5.4000 15.5529 0.8156 10.5968 10.8934 10.8251
lc_5.4_15.5_0.81 55764.48711860409821 i 13.8031 0.0151 5.4000 15.5529 0.8156 10.5968 10.8934 10.8251
lc_5.4_15.5_0.81 55764.48846431059792 i 13.7875 0.0152 5.4000 15.5529 0.8156 10.5968 10.8934 10.8251
lc_5.4_15.5_0.81 56089.55377914650308 i 13.7980 0.0151 5.4000 15.5529 0.8156 10.5968 10.8934 10.8251
lc_5.4_15.5_0.81 56089.56481011780124 i 13.7268 0.0152 5.4000 15.5529 0.8156 10.5968 10.8934 10.8251
lc_5.4_15.5_0.81 55020.55405697420065 i 13.6317 0.0153 5.4000 15.5529 0.8156 10.5968 10.8934 10.8251
lc_5.6_14.8_0.65 55464.29349329649995 g 13.7966 0.0152 5.6000 14.8726 0.6538  9.8487 10.1561 10.0889
lc_5.6_14.9_0.69 55464.29349329649995 g 14.0504 0.0151 5.6000 14.9978 0.6996  9.9794 10.2841 10.2163
lc_5.6_15.1_0.73 55464.29349329649995 g 14.2756 0.0151 5.6000 15.1306 0.7353 10.1165 10.4191 10.3507
lc_5.6_15.5_0.81 55464.29349329649995 g 14.9696 0.0149 5.6000 15.5529 0.8156 10.5483 10.8462 10.7768
lc_5.6_15.5_0.81 56462.56686651160271 r 13.9838 0.0014 5.6000 15.5529 0.8156 10.5483 10.8462 10.7768
lc_5.6_15.5_0.81 56462.55677771740011 r 13.9899 0.0014 5.6000 15.5529 0.8156 10.5483 10.8462 10.7768
lc_5.6_15.5_0.81 55741.49045909760025 r 13.8630 0.0013 5.6000 15.5529 0.8156 10.5483 10.8462 10.7768
lc_5.6_15.5_0.81 55741.49168515670317 r 13.9655 0.0014 5.6000 15.5529 0.8156 10.5483 10.8462 10.7768
lc_5.6_15.5_0.81 55741.50045047800086 r 13.8657 0.0013 5.6000 15.5529 0.8156 10.5483 10.8462 10.7768
lc_5.6_15.5_0.81 55741.50167690790113 r 13.9657 0.0014 5.6000 15.5529 0.8156 10.5483 10.8462 10.7768
lc_5.6_15.5_0.81 55365.53584335280175 r 14.0671 0.0014 5.6000 15.5529 0.8156 10.5483 10.8462 10.7768
lc_5.6_15.5_0.81 55365.52441271440330 r 14.1063 0.0015 5.6000 15.5529 0.8156 10.5483 10.8462 10.7768
lc_5.6_15.5_0.81 56443.51328602719877 r 13.6013 0.0012 5.6000 15.5529 0.8156 10.5483 10.8462 10.7768
lc_5.6_15.5_0.81 56443.52357862330246 r 13.5477 0.0012 5.6000 15.5529 0.8156 10.5483 10.8462 10.7768
lc_5.6_15.5_0.81 56463.53178456950263 i 13.7388 0.0152 5.6000 15.5529 0.8156 10.5483 10.8462 10.7768
lc_5.6_15.5_0.81 56463.52087216729706 i 13.7554 0.0152 5.6000 15.5529 0.8156 10.5483 10.8462 10.7768
lc_5.6_15.5_0.81 55813.30771757940238 i 13.8199 0.0151 5.6000 15.5529 0.8156 10.5483 10.8462 10.7768
lc_5.6_15.5_0.81 55813.30920072099980 i 13.7863 0.0152 5.6000 15.5529 0.8156 10.5483 10.8462 10.7768
lc_5.6_15.5_0.81 55813.31910332939879 i 13.7896 0.0152 5.6000 15.5529 0.8156 10.5483 10.8462 10.7768
lc_5.6_15.5_0.81 55813.32059630800359 i 13.7061 0.0152 5.6000 15.5529 0.8156 10.5483 10.8462 10.7768
lc_5.8_14.7_0.61 55464.29349329649995 g 13.6923 0.0152 5.8000 14.7001 0.6135  9.6247  9.9357  9.8679
lc_5.8_14.8_0.65 55464.29349329649995 g 13.9817 0.0152 5.8000 14.8726 0.6538  9.8019 10.1106 10.0423
lc_5.8_14.9_0.69 55464.29349329649995 g 14.2770 0.0151 5.8000 14.9978 0.6996  9.9326 10.2386 10.1696
lc_5.8_15.1_0.73 55464.29349329649995 g 14.5077 0.0150 5.8000 15.1306 0.7353 10.0697 10.3736 10.3041
lc_5.8_15.5_0.81 55464.29349329649995 g 15.1928 0.0148 5.8000 15.5529 0.8156 10.5016 10.8007 10.7301
lc_5.8_15.5_0.81 56462.56686651160271 r 13.9865 0.0014 5.8000 15.5529 0.8156 10.5016 10.8007 10.7301
lc_5.8_15.5_0.81 56462.55677771740011 r 13.9502 0.0014 5.8000 15.5529 0.8156 10.5016 10.8007 10.7301
lc_5.8_15.5_0.81 55741.49045909760025 r 13.6102 0.0012 5.8000 15.5529 0.8156 10.5016 10.8007 10.7301
lc_5.8_15.5_0.81 55741.49168515670317 r 13.6339 0.0012 5.8000 15.5529 0.8156 10.5016 10.8007 10.7301
lc_5.8_15.5_0.81 55741.50045047800086 r 13.6377 0.0012 5.8000 15.5529 0.8156 10.5016 10.8007 10.7301
lc_5.8_15.5_0.81 55741.50167690790113 r 13.6670 0.0012 5.8000 15.5529 0.8156 10.5016 10.8007 10.7301
lc_5.8_15.5_0.81 55365.53584335280175 r 13.8287 0.0013 5.8000 15.5529 0.8156 10.5016 10.8007 10.7301
lc_5.8_15.5_0.81 55365.52441271440330 r 13.8229 0.0013 5.8000 15.5529 0.8156 10.5016 10.8007 10.7301
lc_5.8_15.5_0.81 56443.51328602719877 r 13.6763 0.0012 5.8000 15.5529 0.8156 10.5016 10.8007 10.7301
lc_5.8_15.5_0.81 56443.52357862330246 r 13.6616 0.0012 5.8000 15.5529 0.8156 10.5016 10.8007 10.7301
lc_5.8_15.5_0.81 56089.54232895519817 r 13.6213 0.0012 5.8000 15.5529 0.8156 10.5016 10.8007 10.7301
lc_5.8_15.5_0.81 56089.53215622530115 r 13.6193 0.0012 5.8000 15.5529 0.8156 10.5016 10.8007 10.7301
lc_5.8_15.5_0.81 55367.53504510969651 i 13.6061 0.0153 5.8000 15.5529 0.8156 10.5016 10.8007 10.7301
lc_5.8_15.5_0.81 56463.53178456950263 i 13.6506 0.0153 5.8000 15.5529 0.8156 10.5016 10.8007 10.7301
lc_5.8_15.5_0.81 56463.52087216729706 i 13.6947 0.0152 5.8000 15.5529 0.8156 10.5016 10.8007 10.7301
lc_5.8_15.5_0.81 56090.57252493599663 i 13.6409 0.0153 5.8000 15.5529 0.8156 10.5016 10.8007 10.7301
lc_5.8_15.5_0.81 56090.58425449919741 i 13.5913 0.0153 5.8000 15.5529 0.8156 10.5016 10.8007 10.7301
lc_5.8_15.5_0.81 55813.30771757940238 i 13.7735 0.0152 5.8000 15.5529 0.8156 10.5016 10.8007 10.7301
lc_5.8_15.5_0.81 55813.30920072099980 i 13.7627 0.0152 5.8000 15.5529 0.8156 10.5016 10.8007 10.7301
lc_5.8_15.5_0.81 55813.31910332939879 i 13.7171 0.0152 5.8000 15.5529 0.8156 10.5016 10.8007 10.7301
lc_5.8_15.5_0.81 55813.32059630800359 i 13.7967 0.0151 5.8000 15.5529 0.8156 10.5016 10.8007 10.7301
lc_5.8_15.5_0.81 55367.54774467740208 i 13.6595 0.0153 5.8000 15.5529 0.8156 10.5016 10.8007 10.7301
lc_6.0_14.7_0.61 55464.29349329649995 g 13.6844 0.0152 6.0000 14.7001 0.6135  9.5795  9.8918  9.8228
lc_6.0_14.8_0.65 55464.29349329649995 g 13.9941 0.0152 6.0000 14.8726 0.6538  9.7567 10.0667  9.9972
lc_6.0_14.9_0.69 55464.29349329649995 g 14.2489 0.0151 6.0000 14.9978 0.6996  9.8875 10.1947 10.1245
lc_6.0_15.1_0.73 55464.29349329649995 g 14.4969 0.0150 6.0000 15.1306 0.7353 10.0245 10.3296 10.2590
lc_6.0_15.5_0.81 55464.29349329649995 g 15.1839 0.0148 6.0000 15.5529 0.8156 10.4564 10.7568 10.6850
lc_6.0_15.5_0.81 56462.56686651160271 r 13.6507 0.0012 6.0000 15.5529 0.8156 10.4564 10.7568 10.6850
lc_6.0_15.5_0.81 56462.55677771740011 r 13.6359 0.0012 6.0000 15.5529 0.8156 10.4564 10.7568 10.6850
lc_6.0_15.5_0.81 55741.49045909760025 r 13.9980 0.0014 6.0000 15.5529 0.8156 10.4564 10.7568 10.6850
lc_6.0_15.5_0.81 55741.49168515670317 r 13.9831 0.0014 6.0000 15.5529 0.8156 10.4564 10.7568 10.6850
lc_6.0_15.5_0.81 55741.50045047800086 r 14.0030 0.0014 6.0000 15.5529 0.8156 10.4564 10.7568 10.6850
lc_6.0_15.5_0.81 55741.50167690790113 r 14.0051 0.0014 6.0000 15.5529 0.8156 10.4564 10.7568 10.6850
lc_6.0_15.5_0.81 56443.51328602719877 r 14.0166 0.0014 6.0000 15.5529 0.8156 10.4564 10.7568 10.6850
lc_6.0_15.5_0.81 56443.52357862330246 r 14.0207 0.0014 6.0000 15.5529 0.8156 10.4564 10.7568 10.6850
lc_6.0_15.5_0.81 56089.54232895519817 r 13.9690 0.0014 6.0000 15.5529 0.8156 10.4564 10.7568 10.6850
lc_6.0_15.5_0.81 56089.53215622530115 r 14.0499 0.0014 6.0000 15.5529 0.8156 10.4564 10.7568 10.6850
lc_6.0_15.5_0.81 55367.53504510969651 i 13.5002 0.0154 6.0000 15.5529 0.8156 10.4564 10.7568 10.6850
lc_6.0_15.5_0.81 56443.55811563979660 i 13.7041 0.0152 6.0000 15.5529 0.8156 10.4564 10.7568 10.6850
lc_6.0_15.5_0.81 56443.56911456600210 i 13.7045 0.0152 6.0000 15.5529 0.8156 10.4564 10.7568 10.6850
lc_6.0_15.5_0.81 55813.30771757940238 i 13.7431 0.0152 6.0000 15.5529 0.8156 10.4564 10.7568 10.6850
lc_6.0_15.5_0.81 55813.30920072099980 i 13.7054 0.0152 6.0000 15.5529 0.8156 10.4564 10.7568 10.6850
lc_6.0_15.5_0.81 55813.31910332939879 i 13.6974 0.0152 6.0000 15.5529 0.8156 10.4564 10.7568 10.6850
lc_6.0_15.5_0.81 55813.32059630800359 i 13.7150 0.0152 6.0000 15.5529 0.8156 10.4564 10.7568 10.6850
lc_6.0_15.5_0.81 55764.49829669189785 i 13.6412 0.0153 6.0000 15.5529 0.8156 10.4564 10.7568 10.6850
lc_6.0_15.5_0.81 55764.49975053079834 i 13.6076 0.0153 6.0000 15.5529 0.8156 10.4564 10.7568 10.6850
lc_6.0_15.5_0.81 55764.48711860409821 i 13.6011 0.0153 6.0000 15.5529 0.8156 10.4564 10.7568 10.6850
lc_6.0_15.5_0.81 55764.48846431059792 i 13.6088 0.0153 6.0000 15.5529 0.8156 10.4564 10.7568 10.6850
lc_6.0_15.5_0.81 55367.54774467740208 i 13.5162 0.0154 6.0000 15.5529 0.8156 10.4564 10.7568 10.6850
lc_6.0_15.5_0.81 56089.55377914650308 i 13.7191 0.0152 6.0000 15.5529 0.8156 10.4564 10.7568 10.6850
lc_6.0_15.5_0.81 56089.56481011780124 i 13.6639 0.0153 6.0000 15.5529 0.8156 10.4564 10.7568 10.6850
lc_6.0_15.5_0.81 55020.55405697420065 i 13.6280 0.0153 6.0000 15.5529 0.8156 10.4564 10.7568 10.6850
lc_6.2_14.8_0.65 55464.29349329649995 g 13.7994 0.0152 6.2000 14.8726 0.6538  9.7130 10.0242  9.9536
lc_6.2_14.9_0.69 55464.29349329649995 g 14.0720 0.0151 6.2000 14.9978 0.6996  9.8438 10.1522 10.0809
lc_6.2_15.1_0.73 55464.29349329649995 g 14.3124 0.0150 6.2000 15.1306 0.7353  9.9808 10.2871 10.2154
lc_6.2_15.5_0.81 55464.29349329649995 g 14.9688 0.0149 6.2000 15.5529 0.8156 10.4127 10.7143 10.6414
lc_6.2_15.5_0.81 56462.56686651160271 r 13.6861 0.0012 6.2000 15.5529 0.8156 10.4127 10.7143 10.6414
lc_6.2_15.5_0.81 56462.55677771740011 r 13.6513 0.0012 6.2000 15.5529 0.8156 10.4127 10.7143 10.6414
lc_6.2_15.5_0.81 55365.53584335280175 r 13.7074 0.0012 6.2000 15.5529 0.8156 10.4127 10.7143 10.6414
lc_6.2_15.5_0.81 55365.52441271440330 r 13.7438 0.0012 6.2000 15.5529 0.8156 10.4127 10.7143 10.6414
lc_6.2_15.5_0.81 56443.51328602719877 r 13.6531 0.0012 6.2000 15.5529 0.8156 10.4127 10.7143 10.6414
lc_6.2_15.5_0.81 56443.52357862330246 r 13.5844 0.0012 6.2000 15.5529 0.8156 10.4127 10.7143 10.6414
lc_6.2_15.5_0.81 56089.54232895519817 r 13.5219 0.0011 6.2000 15.5529 0.8156 10.4127 10.7143 10.6414
lc_6.2_15.5_0.81 56089.53215622530115 r 13.5570 0.0012 6.2000 15.5529 0.8156 10.4127 10.7143 10.6414
lc_6.2_15.5_0.81 55367.53504510969651 i 13.6665 0.0153 6.2000 15.5529 0.8156 10.4127 10.7143 10.6414
lc_6.2_15.5_0.81 56463.53178456950263 i 13.6037 0.0153 6.2000 15.5529 0.8156 10.4127 10.7143 10.6414
lc_6.2_15.5_0.81 56463.52087216729706 i 13.6703 0.0153 6.2000 15.5529 0.8156 10.4127 10.7143 10.6414
lc_6.2_15.5_0.81 56090.57252493599663 i 13.5094 0.0154 6.2000 15.5529 0.8156 10.4127 10.7143 10.6414
lc_6.2_15.5_0.81 55813.30771757940238 i 13.6375 0.0153 6.2000 15.5529 0.8156 10.4127 10.7143 10.6414
lc_6.2_15.5_0.81 55813.30920072099980 i 13.6416 0.0153 6.2000 15.5529 0.8156 10.4127 10.7143 10.6414
lc_6.2_15.5_0.81 55813.31910332939879 i 13.6883 0.0152 6.2000 15.5529 0.8156 10.4127 10.7143 10.6414
lc_6.2_15.5_0.81 55813.32059630800359 i 13.6911 0.0152 6.2000 15.5529 0.8156 10.4127 10.7143 10.6414
lc_6.2_15.5_0.81 55764.49829669189785 i 13.5574 0.0154 6.2000 15.5529 0.8156 10.4127 10.7143 10.6414
lc_6.2_15.5_0.81 55764.49975053079834 i 13.5375 0.0154 6.2000 15.5529 0.8156 10.4127 10.7143 10.6414
lc_6.2_15.5_0.81 55764.48711860409821 i 13.6048 0.0153 6.2000 15.5529 0.8156 10.4127 10.7143 10.6414
lc_6.2_15.5_0.81 55764.48846431059792 i 13.5602 0.0154 6.2000 15.5529 0.8156 10.4127 10.7143 10.6414
lc_6.2_15.5_0.81 55367.54774467740208 i 13.5721 0.0153 6.2000 15.5529 0.8156 10.4127 10.7143 10.6414
lc_6.2_15.5_0.81 55020.55405697420065 i 13.5309 0.0154 6.2000 15.5529 0.8156 10.4127 10.7143 10.6414
lc_6.4_14.9_0.69 55464.29349329649995 g 13.6688 0.0152 6.4000 14.9978 0.6996  9.8014 10.1110 10.0387
lc_6.4_15.1_0.73 55464.29349329649995 g 13.9432 0.0152 6.4000 15.1306 0.7353  9.9385 10.2459 10.1731
lc_6.4_15.5_0.81 55464.29349329649995 g 14.6012 0.0149 6.4000 15.5529 0.8156 10.3704 10.6731 10.5992
lc_6.4_15.5_0.81 55741.49045909760025 r 13.7806 0.0013 6.4000 15.5529 0.8156 10.3704 10.6731 10.5992
lc_6.4_15.5_0.81 55741.49168515670317 r 13.7474 0.0012 6.4000 15.5529 0.8156 10.3704 10.6731 10.5992
lc_6.4_15.5_0.81 55741.50045047800086 r 13.7198 0.0012 6.4000 15.5529 0.8156 10.3704 10.6731 10.5992
lc_6.4_15.5_0.81 55741.50167690790113 r 13.7468 0.0012 6.4000 15.5529 0.8156 10.3704 10.6731 10.5992
lc_6.4_15.5_0.81 55365.53584335280175 r 13.8941 0.0013 6.4000 15.5529 0.8156 10.3704 10.6731 10.5992
lc_6.4_15.5_0.81 55365.52441271440330 r 13.9689 0.0014 6.4000 15.5529 0.8156 10.3704 10.6731 10.5992
lc_6.4_15.5_0.81 56089.54232895519817 r 13.6924 0.0012 6.4000 15.5529 0.8156 10.3704 10.6731 10.5992
lc_6.4_15.5_0.81 56089.53215622530115 r 13.6599 0.0012 6.4000 15.5529 0.8156 10.3704 10.6731 10.5992
lc_6.4_15.5_0.81 55813.30771757940238 i 13.6340 0.0153 6.4000 15.5529 0.8156 10.3704 10.6731 10.5992
lc_6.4_15.5_0.81 55813.30920072099980 i 13.6368 0.0153 6.4000 15.5529 0.8156 10.3704 10.6731 10.5992
lc_6.4_15.5_0.81 55813.31910332939879 i 13.6600 0.0153 6.4000 15.5529 0.8156 10.3704 10.6731 10.5992
lc_6.4_15.5_0.81 55813.32059630800359 i 13.6094 0.0153 6.4000 15.5529 0.8156 10.3704 10.6731 10.5992
lc_6.6_14.7_0.61 55464.29349329649995 g 13.5405 0.0153 6.6000 14.7001 0.6135  9.4524  9.7682  9.6961
lc_6.6_14.8_0.65 55464.29349329649995 g 13.8274 0.0152 6.6000 14.8726 0.6538  9.6297  9.9431  9.8704
lc_6.6_14.9_0.69 55464.29349329649995 g 14.1183 0.0151 6.6000 14.9978 0.6996  9.7604 10.0711  9.9978
lc_6.6_15.1_0.73 55464.29349329649995 g 14.3388 0.0150 6.6000 15.1306 0.7353  9.8975 10.2060 10.1322
lc_6.6_15.5_0.81 55464.29349329649995 g 15.0288 0.0148 6.6000 15.5529 0.8156 10.3294 10.6332 10.5582
lc_6.6_15.5_0.81 55741.49045909760025 r 13.7200 0.0012 6.6000 15.5529 0.8156 10.3294 10.6332 10.5582
lc_6.6_15.5_0.81 55741.49168515670317 r 13.7357 0.0012 6.6000 15.5529 0.8156 10.3294 10.6332 10.5582
lc_6.6_15.5_0.81 55741.50045047800086 r 13.7297 0.0012 6.6000 15.5529 0.8156 10.3294 10.6332 10.5582
lc_6.6_15.5_0.81 55741.50167690790113 r 13.7477 0.0012 6.6000 15.5529 0.8156 10.3294 10.6332 10.5582
lc_6.6_15.5_0.81 55365.53584335280175 r 13.6261 0.0012 6.6000 15.5529 0.8156 10.3294 10.6332 10.5582
lc_6.6_15.5_0.81 55365.52441271440330 r 13.6381 0.0012 6.6000 15.5529 0.8156 10.3294 10.6332 10.5582
lc_6.6_15.5_0.81 56089.54232895519817 r 13.7853 0.0013 6.6000 15.5529 0.8156 10.3294 10.6332 10.5582
lc_6.6_15.5_0.81 56089.53215622530115 r 13.8007 0.0013 6.6000 15.5529 0.8156 10.3294 10.6332 10.5582
lc_6.6_15.5_0.81 56090.57252493599663 i 13.5648 0.0154 6.6000 15.5529 0.8156 10.3294 10.6332 10.5582
lc_6.6_15.5_0.81 56090.58425449919741 i 13.5966 0.0153 6.6000 15.5529 0.8156 10.3294 10.6332 10.5582
lc_6.6_15.5_0.81 55813.30771757940238 i 13.6536 0.0153 6.6000 15.5529 0.8156 10.3294 10.6332 10.5582
lc_6.6_15.5_0.81 55813.30920072099980 i 13.6685 0.0153 6.6000 15.5529 0.8156 10.3294 10.6332 10.5582
lc_6.6_15.5_0.81 55813.31910332939879 i 13.5859 0.0153 6.6000 15.5529 0.8156 10.3294 10.6332 10.5582
lc_6.6_15.5_0.81 55813.32059630800359 i 13.6540 0.0153 6.6000 15.5529 0.8156 10.3294 10.6332 10.5582
lc_6.6_15.5_0.81 56089.55377914650308 i 13.5498 0.0154 6.6000 15.5529 0.8156 10.3294 10.6332 10.5582
lc_6.6_15.5_0.81 56089.56481011780124 i 13.5529 0.0154 6.6000 15.5529 0.8156 10.3294 10.6332 10.5582
lc_6.6_15.5_0.81 55020.55405697420065 i 13.5274 0.0154 6.6000 15.5529 0.8156 10.3294 10.6332 10.5582
lc_6.8_14.8_0.65 55464.29349329649995 g 13.6788 0.0152 6.8000 14.8726 0.6538  9.5899  9.9044  9.8307
lc_6.8_14.9_0.69 55464.29349329649995 g 13.9882 0.0152 6.8000 14.9978 0.6996  9.7206 10.0324  9.9581
lc_6.8_15.1_0.73 55464.29349329649995 g 14.2367 0.0151 6.8000 15.1306 0.7353  9.8577 10.1673 10.0925
lc_6.8_15.5_0.81 55464.29349329649995 g 14.8883 0.0149 6.8000 15.5529 0.8156 10.2896 10.5945 10.5185
lc_6.8_15.5_0.81 55365.53584335280175 r 13.5836 0.0012 6.8000 15.5529 0.8156 10.2896 10.5945 10.5185
lc_6.8_15.5_0.81 55365.52441271440330 r 13.5640 0.0012 6.8000 15.5529 0.8156 10.2896 10.5945 10.5185
lc_6.8_15.5_0.81 56443.51328602719877 r 13.5596 0.0012 6.8000 15.5529 0.8156 10.2896 10.5945 10.5185
lc_6.8_15.5_0.81 56443.52357862330246 r 13.5633 0.0012 6.8000 15.5529 0.8156 10.2896 10.5945 10.5185
lc_6.8_15.5_0.81 56089.53215622530115 r 13.5420 0.0011 6.8000 15.5529 0.8156 10.2896 10.5945 10.5185
lc_6.8_15.5_0.81 55813.30771757940238 i 13.5818 0.0153 6.8000 15.5529 0.8156 10.2896 10.5945 10.5185
lc_6.8_15.5_0.81 55813.30920072099980 i 13.6282 0.0153 6.8000 15.5529 0.8156 10.2896 10.5945 10.5185
lc_6.8_15.5_0.81 55813.31910332939879 i 13.5848 0.0153 6.8000 15.5529 0.8156 10.2896 10.5945 10.5185
lc_6.8_15.5_0.81 55813.32059630800359 i 13.5706 0.0153 6.8000 15.5529 0.8156 10.2896 10.5945 10.5185
lc_6.8_15.5_0.81 55764.48846431059792 i 13.5239 0.0154 6.8000 15.5529 0.8156 10.2896 10.5945 10.5185
lc_7.0_14.8_0.65 55464.29349329649995 g 13.5763 0.0153 7.0000 14.8726 0.6538  9.5513  9.8668  9.7922
lc_7.0_14.9_0.69 55464.29349329649995 g 13.8716 0.0152 7.0000 14.9978 0.6996  9.6820  9.9948  9.9195
lc_7.0_15.1_0.73 55464.29349329649995 g 14.1131 0.0151 7.0000 15.1306 0.7353  9.8191 10.1298 10.0540
lc_7.0_15.5_0.81 55464.29349329649995 g 14.8062 0.0149 7.0000 15.5529 0.8156 10.2509 10.5569 10.4800
lc_7.0_15.5_0.81 56462.56686651160271 r 13.6744 0.0012 7.0000 15.5529 0.8156 10.2509 10.5569 10.4800
lc_7.0_15.5_0.81 56462.55677771740011 r 13.6617 0.0012 7.0000 15.5529 0.8156 10.2509 10.5569 10.4800
lc_7.0_15.5_0.81 55741.49045909760025 r 13.6363 0.0012 7.0000 15.5529 0.8156 10.2509 10.5569 10.4800
lc_7.0_15.5_0.81 55741.49168515670317 r 13.6059 0.0012 7.0000 15.5529 0.8156 10.2509 10.5569 10.4800
lc_7.0_15.5_0.81 55741.50045047800086 r 13.6525 0.0012 7.0000 15.5529 0.8156 10.2509 10.5569 10.4800
lc_7.0_15.5_0.81 55741.50167690790113 r 13.6362 0.0012 7.0000 15.5529 0.8156 10.2509 10.5569 10.4800
lc_7.0_15.5_0.81 55365.53584335280175 r 13.8089 0.0013 7.0000 15.5529 0.8156 10.2509 10.5569 10.4800
lc_7.0_15.5_0.81 55365.52441271440330 r 13.8440 0.0013 7.0000 15.5529 0.8156 10.2509 10.5569 10.4800
lc_7.0_15.5_0.81 56443.51328602719877 r 13.8307 0.0013 7.0000 15.5529 0.8156 10.2509 10.5569 10.4800
lc_7.0_15.5_0.81 56443.52357862330246 r 13.8561 0.0013 7.0000 15.5529 0.8156 10.2509 10.5569 10.4800
lc_7.0_15.5_0.81 56443.55811563979660 i 13.5262 0.0154 7.0000 15.5529 0.8156 10.2509 10.5569 10.4800
lc_7.0_15.5_0.81 56443.56911456600210 i 13.5426 0.0154 7.0000 15.5529 0.8156 10.2509 10.5569 10.4800
lc_7.0_15.5_0.81 56463.52087216729706 i 13.5606 0.0154 7.0000 15.5529 0.8156 10.2509 10.5569 10.4800
lc_7.0_15.5_0.81 55813.30771757940238 i 13.5431 0.0154 7.0000 15.5529 0.8156 10.2509 10.5569 10.4800
lc_7.0_15.5_0.81 55813.30920072099980 i 13.5282 0.0154 7.0000 15.5529 0.8156 10.2509 10.5569 10.4800
lc_7.0_15.5_0.81 55813.31910332939879 i 13.5532 0.0154 7.0000 15.5529 0.8156 10.2509 10.5569 10.4800
lc_7.0_15.5_0.81 55764.49829669189785 i 13.5601 0.0154 7.0000 15.5529 0.8156 10.2509 10.5569 10.4800
lc_7.0_15.5_0.81 55764.49975053079834 i 13.5263 0.0154 7.0000 15.5529 0.8156 10.2509 10.5569 10.4800
lc_7.0_15.5_0.81 55764.48846431059792 i 13.5065 0.0154 7.0000 15.5529 0.8156 10.2509 10.5569 10.4800
lc_7.2_14.9_0.69 55464.29349329649995 g 13.6614 0.0152 7.2000 14.9978 0.6996  9.6445  9.9583  9.8821
lc_7.2_15.1_0.73 55464.29349329649995 g 13.8931 0.0152 7.2000 15.1306 0.7353  9.7815 10.0932 10.0165
lc_7.2_15.5_0.81 55464.29349329649995 g 14.5832 0.0149 7.2000 15.5529 0.8156 10.2134 10.5204 10.4425
lc_7.2_15.5_0.81 55741.49045909760025 r 13.7706 0.0013 7.2000 15.5529 0.8156 10.2134 10.5204 10.4425
lc_7.2_15.5_0.81 55741.49168515670317 r 13.7869 0.0013 7.2000 15.5529 0.8156 10.2134 10.5204 10.4425
lc_7.2_15.5_0.81 55741.50045047800086 r 13.7817 0.0013 7.2000 15.5529 0.8156 10.2134 10.5204 10.4425
lc_7.2_15.5_0.81 55741.50167690790113 r 13.8577 0.0013 7.2000 15.5529 0.8156 10.2134 10.5204 10.4425
lc_7.2_15.5_0.81 55365.53584335280175 r 13.7123 0.0012 7.2000 15.5529 0.8156 10.2134 10.5204 10.4425
lc_7.2_15.5_0.81 55365.52441271440330 r 13.6940 0.0012 7.2000 15.5529 0.8156 10.2134 10.5204 10.4425
lc_7.2_15.5_0.81 55813.30771757940238 i 13.5089 0.0154 7.2000 15.5529 0.8156 10.2134 10.5204 10.4425
lc_7.2_15.5_0.81 55813.30920072099980 i 13.5009 0.0154 7.2000 15.5529 0.8156 10.2134 10.5204 10.4425
lc_7.2_15.5_0.81 55813.31910332939879 i 13.5347 0.0154 7.2000 15.5529 0.8156 10.2134 10.5204 10.4425
lc_7.2_15.5_0.81 55813.32059630800359 i 13.5437 0.0154 7.2000 15.5529 0.8156 10.2134 10.5204 10.4425
lc_7.4_14.7_0.61 55464.29349329649995 g 13.6325 0.0153 7.4000 14.7001 0.6135  9.3000  9.6199  9.5439
lc_7.4_14.8_0.65 55464.29349329649995 g 13.9301 0.0152 7.4000 14.8726 0.6538  9.4772  9.7948  9.7183
lc_7.4_14.9_0.69 55464.29349329649995 g 14.1851 0.0151 7.4000 14.9978 0.6996  9.6080  9.9228  9.8456
lc_7.4_15.1_0.73 55464.29349329649995 g 14.4399 0.0150 7.4000 15.1306 0.7353  9.7450 10.0577  9.9801
lc_7.4_15.5_0.81 55464.29349329649995 g 15.0979 0.0148 7.4000 15.5529 0.8156 10.1769 10.4849 10.4061
lc_7.4_15.5_0.81 56462.56686651160271 r 13.6171 0.0012 7.4000 15.5529 0.8156 10.1769 10.4849 10.4061
lc_7.4_15.5_0.81 56462.55677771740011 r 13.6501 0.0012 7.4000 15.5529 0.8156 10.1769 10.4849 10.4061
lc_7.4_15.5_0.81 56463.52087216729706 i 13.5133 0.0154 7.4000 15.5529 0.8156 10.1769 10.4849 10.4061
lc_7.6_14.8_0.65 55464.29349329649995 g 13.7272 0.0152 7.6000 14.8726 0.6538  9.4417  9.7602  9.6828
lc_7.6_14.9_0.69 55464.29349329649995 g 13.9897 0.0152 7.6000 14.9978 0.6996  9.5724  9.8882  9.8102
lc_7.6_15.1_0.73 55464.29349329649995 g 14.2220 0.0151 7.6000 15.1306 0.7353  9.7095 10.0231  9.9446
lc_7.6_15.5_0.81 55464.29349329649995 g 14.9191 0.0149 7.6000 15.5529 0.8156 10.1413 10.4503 10.3706
lc_7.6_15.5_0.81 55365.53584335280175 r 13.5671 0.0012 7.6000 15.5529 0.8156 10.1413 10.4503 10.3706
lc_7.6_15.5_0.81 55365.52441271440330 r 13.5726 0.0012 7.6000 15.5529 0.8156 10.1413 10.4503 10.3706
lc_7.6_15.5_0.81 56443.51328602719877 r 13.7541 0.0013 7.6000 15.5529 0.8156 10.1413 10.4503 10.3706
lc_7.6_15.5_0.81 56443.52357862330246 r 13.7891 0.0013 7.6000 15.5529 0.8156 10.1413 10.4503 10.3706
lc_7.8_15.1_0.73 55464.29349329649995 g 13.5255 0.0153 7.8000 15.1306 0.7353  9.6748  9.9895  9.9101
lc_7.8_15.5_0.81 55464.29349329649995 g 14.1780 0.0151 7.8000 15.5529 0.8156 10.1067 10.4166 10.3361
lc_7.8_15.5_0.81 55741.49045909760025 r 13.5820 0.0012 7.8000 15.5529 0.8156 10.1067 10.4166 10.3361
lc_7.8_15.5_0.81 55741.49168515670317 r 13.6034 0.0012 7.8000 15.5529 0.8156 10.1067 10.4166 10.3361
lc_7.8_15.5_0.81 55741.50045047800086 r 13.6365 0.0012 7.8000 15.5529 0.8156 10.1067 10.4166 10.3361
lc_7.8_15.5_0.81 55741.50167690790113 r 13.6129 0.0012 7.8000 15.5529 0.8156 10.1067 10.4166 10.3361
lc_7.8_15.5_0.81 56443.51328602719877 r 13.6269 0.0012 7.8000 15.5529 0.8156 10.1067 10.4166 10.3361
lc_7.8_15.5_0.81 56443.52357862330246 r 13.5949 0.0012 7.8000 15.5529 0.8156 10.1067 10.4166 10.3361
lc_8.0_15.1_0.73 55464.29349329649995 g 13.7274 0.0152 8.0000 15.1306 0.7353  9.6411  9.9566  9.8764
lc_8.0_15.5_0.81 55464.29349329649995 g 14.3848 0.0150 8.0000 15.5529 0.8156 10.0730 10.3838 10.3024
lc_8.0_15.5_0.81 55741.49045909760025 r 13.6671 0.0012 8.0000 15.5529 0.8156 10.0730 10.3838 10.3024
lc_8.0_15.5_0.81 55741.49168515670317 r 13.6268 0.0012 8.0000 15.5529 0.8156 10.0730 10.3838 10.3024
lc_8.0_15.5_0.81 55741.50045047800086 r 13.6543 0.0012 8.0000 15.5529 0.8156 10.0730 10.3838 10.3024
lc_8.0_15.5_0.81 55741.50167690790113 r 13.6208 0.0012 8.0000 15.5529 0.8156 10.0730 10.3838 10.3024
lc_8.0_15.5_0.81 55365.53584335280175 r 13.6400 0.0012 8.0000 15.5529 0.8156 10.0730 10.3838 10.3024
lc_8.0_15.5_0.81 55365.52441271440330 r 13.6597 0.0012 8.0000 15.5529 0.8156 10.0730 10.3838 10.3024
lc_8.0_15.5_0.81 56443.51328602719877 r 13.5872 0.0012 8.0000 15.5529 0.8156 10.0730 10.3838 10.3024
lc_8.0_15.5_0.81 56443.52357862330246 r 13.5879 0.0012 8.0000 15.5529 0.8156 10.0730 10.3838 10.3024
lc_8.2_15.1_0.73 55464.29349329649995 g 13.7684 0.0152 8.2000 15.1306 0.7353  9.6082  9.9246  9.8435
lc_8.2_15.5_0.81 55464.29349329649995 g 14.4460 0.0150 8.2000 15.5529 0.8156 10.0401 10.3518 10.2696
lc_8.2_15.5_0.81 56443.51328602719877 r 13.7012 0.0012 8.2000 15.5529 0.8156 10.0401 10.3518 10.2696
lc_8.2_15.5_0.81 56443.52357862330246 r 13.6729 0.0012 8.2000 15.5529 0.8156 10.0401 10.3518 10.2696
lc_8.4_14.9_0.69 55464.29349329649995 g 13.5080 0.0153 8.4000 14.9978 0.6996  9.4390  9.7584  9.6771
lc_8.4_15.1_0.73 55464.29349329649995 g 13.7960 0.0152 8.4000 15.1306 0.7353  9.5761  9.8934  9.8115
lc_8.4_15.5_0.81 55464.29349329649995 g 14.4307 0.0150 8.4000 15.5529 0.8156 10.0080 10.3205 10.2375
lc_8.4_15.5_0.81 56443.51328602719877 r 13.5585 0.0012 8.4000 15.5529 0.8156 10.0080 10.3205 10.2375
lc_8.4_15.5_0.81 56443.52357862330246 r 13.5522 0.0012 8.4000 15.5529 0.8156 10.0080 10.3205 10.2375
lc_8.4_15.5_0.81 56089.54232895519817 r 13.6783 0.0012 8.4000 15.5529 0.8156 10.0080 10.3205 10.2375
lc_8.4_15.5_0.81 56089.53215622530115 r 13.6821 0.0012 8.4000 15.5529 0.8156 10.0080 10.3205 10.2375
lc_8.6_15.1_0.73 55464.29349329649995 g 13.7229 0.0152 8.6000 15.1306 0.7353  9.5447  9.8629  9.7802
lc_8.6_15.5_0.81 55464.29349329649995 g 14.3986 0.0150 8.6000 15.5529 0.8156  9.9766 10.2900 10.2062
lc_8.6_15.5_0.81 55365.53584335280175 r 13.6555 0.0012 8.6000 15.5529 0.8156  9.9766 10.2900 10.2062
lc_8.6_15.5_0.81 55365.52441271440330 r 13.6244 0.0012 8.6000 15.5529 0.8156  9.9766 10.2900 10.2062
lc_8.8_15.1_0.73 55464.29349329649995 g 13.6313 0.0153 8.8000 15.1306 0.7353  9.5141  9.8331  9.7496
lc_8.8_15.5_0.81 55464.29349329649995 g 14.3191 0.0150 8.8000 15.5529 0.8156  9.9460 10.2602 10.1757
lc_8.8_15.5_0.81 56462.56686651160271 r 13.5435 0.0011 8.8000 15.5529 0.8156  9.9460 10.2602 10.1757
lc_8.8_15.5_0.81 56462.55677771740011 r 13.5237 0.0011 8.8000 15.5529 0.8156  9.9460 10.2602 10.1757
lc_8.8_15.5_0.81 55741.49045909760025 r 13.5869 0.0012 8.8000 15.5529 0.8156  9.9460 10.2602 10.1757
lc_8.8_15.5_0.81 55741.49168515670317 r 13.5754 0.0012 8.8000 15.5529 0.8156  9.9460 10.2602 10.1757
lc_8.8_15.5_0.81 55741.50045047800086 r 13.6367 0.0012 8.8000 15.5529 0.8156  9.9460 10.2602 10.1757
lc_8.8_15.5_0.81 55741.50167690790113 r 13.5823 0.0012 8.8000 15.5529 0.8156  9.9460 10.2602 10.1757
lc_9.0_15.5_0.81 55464.29349329649995 g 14.0867 0.0151 9.0000 15.5529 0.8156  9.9160 10.2311 10.1458
lc_9.0_15.5_0.81 56443.51328602719877 r 13.5099 0.0011 9.0000 15.5529 0.8156  9.9160 10.2311 10.1458
lc_9.2_14.9_0.69 55464.29349329649995 g 13.6967 0.0152 9.2000 14.9978 0.6996  9.3178  9.6405  9.5561
lc_9.2_15.1_0.73 55464.29349329649995 g 13.9453 0.0152 9.2000 15.1306 0.7353  9.4548  9.7754  9.6905
lc_9.2_15.5_0.81 55464.29349329649995 g 14.6232 0.0149 9.2000 15.5529 0.8156  9.8867 10.2026 10.1165
lc_9.4_14.7_0.61 55464.29349329649995 g 13.5257 0.0153 9.4000 14.7001 0.6135  8.9811  9.3097  9.2258
lc_9.4_14.8_0.65 55464.29349329649995 g 13.8321 0.0152 9.4000 14.8726 0.6538  9.1584  9.4846  9.4001
lc_9.4_14.9_0.69 55464.29349329649995 g 14.1067 0.0151 9.4000 14.9978 0.6996  9.2891  9.6126  9.5275
lc_9.4_15.1_0.73 55464.29349329649995 g 14.3294 0.0150 9.4000 15.1306 0.7353  9.4262  9.7475  9.6619
lc_9.4_15.5_0.81 55464.29349329649995 g 15.0360 0.0148 9.4000 15.5529 0.8156  9.8581 10.1747 10.0879
