# Name Epoch Band Mag eMag period DM E(B-V) KMEAN  W1MEAN W2MEAN
1.2559.03_0.20_3 56089.41692508319829 r 14.7818 0.0020 18.0000  9.0309 0.2090 2.4551 2.5268 2.4605
1.2789.03_0.20_3 56462.42747899369715 r 14.3581 0.0016 19.0000  9.0309 0.2090 2.3804 2.4498 2.3973
1.3329.03_0.20_3 55378.44759354410053 r 16.3392 0.0049 21.5000  9.0309 0.2090 2.2322 2.2701 2.2269
1.3809.03_0.20_3 56089.41692508319829 r 18.1502 0.0161 24.0000  9.0309 0.2090 2.0605 2.0974 2.0693
1.4149.03_0.20_3 56462.41745458779769 r 16.4812 0.0053 26.0000  9.0309 0.2090 1.9684 2.0198 1.9447
1.4239.03_0.20_3 56089.41692508319829 r 22.6538 0.5243 26.5000  9.0309 0.2090 1.9363 1.9565 1.9531
1.4319.03_0.20_3 56462.53865874240000 r 20.7789 0.1154 27.0000  9.0309 0.2090 1.9214 1.9402 1.9136
1.4549.03_0.20_3 56462.41745458779769 r 13.5441 0.0011 28.5000  9.0309 0.2090 1.8371 1.8571 1.8269
1.4629.03_0.20_3 55378.44759354410053 r 13.6749 0.0012 29.0000  9.0309 0.2090 1.8173 1.8374 1.7971
1.4699.03_0.20_3 55378.44759354410053 r 13.6179 0.0012 29.5000  9.0309 0.2090 1.8064 1.8198 1.7911
1.4779.03_0.20_3 56462.54858616700221 r 20.2651 0.0773 30.0000  9.0309 0.2090 1.7722 1.7936 1.7455
