# Name Epoch Band Mag eMag period DM E(B-V) KMEAN  W1MEAN W2MEAN
0.47716.2_0.29_5 55388.31848873649869 g 14.9898 0.0149 3.0000 16.2956 0.2974 12.1434 12.4187 12.3564
0.47716.2_0.29_5 55388.31924717500078 g 14.9686 0.0149 3.0000 16.2956 0.2974 12.1434 12.4187 12.3564
0.47716.2_0.29_5 55388.30706894869945 g 14.9750 0.0149 3.0000 16.2956 0.2974 12.1434 12.4187 12.3564
0.47716.2_0.29_5 55768.30261917979806 g 14.6237 0.0149 3.0000 16.2956 0.2974 12.1434 12.4187 12.3564
0.47716.2_0.29_5 55768.31282697660208 g 14.6067 0.0149 3.0000 16.2956 0.2974 12.1434 12.4187 12.3564
0.47716.2_0.29_5 55016.56048991029820 g 15.0089 0.0148 3.0000 16.2956 0.2974 12.1434 12.4187 12.3564
0.47716.2_0.29_5 55016.55041985779826 g 14.9996 0.0148 3.0000 16.2956 0.2974 12.1434 12.4187 12.3564
0.47716.2_0.29_5 55388.30628682769748 g 14.9915 0.0148 3.0000 16.2956 0.2974 12.1434 12.4187 12.3564
0.47716.2_0.29_5 55362.54381727660075 g 14.1345 0.0151 3.0000 16.2956 0.2974 12.1434 12.4187 12.3564
0.47716.2_0.29_5 55362.53194634569809 g 14.1040 0.0151 3.0000 16.2956 0.2974 12.1434 12.4187 12.3564
0.47716.2_0.29_5 56478.36156450780254 g 14.0796 0.0151 3.0000 16.2956 0.2974 12.1434 12.4187 12.3564
0.47716.2_0.29_5 56478.37235963610146 g 14.0617 0.0151 3.0000 16.2956 0.2974 12.1434 12.4187 12.3564
0.47716.2_0.29_5 56148.40487117320299 g 14.0844 0.0151 3.0000 16.2956 0.2974 12.1434 12.4187 12.3564
0.47716.2_0.29_5 56474.39991889629891 g 14.9882 0.0149 3.0000 16.2956 0.2974 12.1434 12.4187 12.3564
0.47716.2_0.29_5 56474.38901399399765 g 14.9939 0.0148 3.0000 16.2956 0.2974 12.1434 12.4187 12.3564
0.47716.2_0.29_5 56148.39406305040029 g 14.0241 0.0152 3.0000 16.2956 0.2974 12.1434 12.4187 12.3564
0.47716.2_0.29_5 54997.59279561320000 r 14.0409 0.0014 3.0000 16.2956 0.2974 12.1434 12.4187 12.3564
0.47716.2_0.29_5 56472.53448307189683 r 13.6315 0.0012 3.0000 16.2956 0.2974 12.1434 12.4187 12.3564
0.47716.2_0.29_5 56170.35215328109916 r 13.9585 0.0014 3.0000 16.2956 0.2974 12.1434 12.4187 12.3564
0.47716.2_0.29_5 56170.36180769049679 r 13.9605 0.0014 3.0000 16.2956 0.2974 12.1434 12.4187 12.3564
0.47716.2_0.29_5 55768.33408241209690 r 13.9502 0.0014 3.0000 16.2956 0.2974 12.1434 12.4187 12.3564
0.47716.2_0.29_5 55768.32427679019747 r 13.9474 0.0014 3.0000 16.2956 0.2974 12.1434 12.4187 12.3564
0.47716.2_0.29_5 55365.57011553519988 r 13.6480 0.0012 3.0000 16.2956 0.2974 12.1434 12.4187 12.3564
0.47716.2_0.29_5 55365.58137064560287 r 13.6550 0.0012 3.0000 16.2956 0.2974 12.1434 12.4187 12.3564
0.47716.2_0.29_5 56474.52886043459876 r 14.2370 0.0015 3.0000 16.2956 0.2974 12.1434 12.4187 12.3564
0.47716.2_0.29_5 56474.51902929090284 r 14.2330 0.0015 3.0000 16.2956 0.2974 12.1434 12.4187 12.3564
0.47716.2_0.29_5 56136.42449821520131 r 13.6043 0.0012 3.0000 16.2956 0.2974 12.1434 12.4187 12.3564
0.47716.2_0.29_5 56136.41466761929769 r 13.6044 0.0012 3.0000 16.2956 0.2974 12.1434 12.4187 12.3564
0.47716.2_0.29_5 56472.52426073470269 r 13.6289 0.0012 3.0000 16.2956 0.2974 12.1434 12.4187 12.3564
0.47716.2_0.29_5 54997.60503390200029 r 14.0446 0.0014 3.0000 16.2956 0.2974 12.1434 12.4187 12.3564
0.47716.2_0.29_5 55018.47772837799857 i 13.9933 0.0150 3.0000 16.2956 0.2974 12.1434 12.4187 12.3564
0.47716.2_0.29_5 55018.46879699100100 i 14.0122 0.0150 3.0000 16.2956 0.2974 12.1434 12.4187 12.3564
0.47716.2_0.29_5 56470.54762029980338 i 14.0614 0.0149 3.0000 16.2956 0.2974 12.1434 12.4187 12.3564
0.47716.2_0.29_5 56470.55835715829744 i 14.0494 0.0149 3.0000 16.2956 0.2974 12.1434 12.4187 12.3564
0.47716.2_0.29_5 56472.54511599089892 i 13.8958 0.0151 3.0000 16.2956 0.2974 12.1434 12.4187 12.3564
0.47716.2_0.29_5 56472.55625181359937 i 13.8660 0.0151 3.0000 16.2956 0.2974 12.1434 12.4187 12.3564
0.47716.2_0.29_5 55368.52252728919848 i 13.8632 0.0151 3.0000 16.2956 0.2974 12.1434 12.4187 12.3564
0.47716.2_0.29_5 55368.53508734470233 i 13.8587 0.0151 3.0000 16.2956 0.2974 12.1434 12.4187 12.3564
0.47716.2_0.29_5 56551.28537273919937 i 13.9747 0.0150 3.0000 16.2956 0.2974 12.1434 12.4187 12.3564
0.47716.2_0.29_5 56551.29645472959965 i 13.9893 0.0150 3.0000 16.2956 0.2974 12.1434 12.4187 12.3564
0.47716.2_0.29_5 55397.26667994449963 i 14.2611 0.0148 3.0000 16.2956 0.2974 12.1434 12.4187 12.3564
0.47716.2_0.29_5 55397.27881812830310 i 14.2529 0.0148 3.0000 16.2956 0.2974 12.1434 12.4187 12.3564
0.47716.2_0.29_5 55397.28100572469702 i 14.1975 0.0148 3.0000 16.2956 0.2974 12.1434 12.4187 12.3564
0.47716.2_0.29_5 55397.26953497010254 i 14.2406 0.0148 3.0000 16.2956 0.2974 12.1434 12.4187 12.3564
0.47716.2_0.29_5 56136.31180194760236 i 13.9038 0.0151 3.0000 16.2956 0.2974 12.1434 12.4187 12.3564
0.47716.2_0.29_5 56136.30081569110189 i 13.8509 0.0151 3.0000 16.2956 0.2974 12.1434 12.4187 12.3564
0.47716.2_0.29_5 56199.28973344389669 z 13.5164 0.0147 3.0000 16.2956 0.2974 12.1434 12.4187 12.3564
0.47716.2_0.29_5 56383.63299051349895 z 13.6085 0.0147 3.0000 16.2956 0.2974 12.1434 12.4187 12.3564
0.47716.2_0.29_5 56383.62626872400142 z 13.5647 0.0147 3.0000 16.2956 0.2974 12.1434 12.4187 12.3564
0.47716.2_0.29_5 55457.28120873509761 z 13.7120 0.0147 3.0000 16.2956 0.2974 12.1434 12.4187 12.3564
0.47716.2_0.29_5 55457.28227250360214 z 13.6444 0.0147 3.0000 16.2956 0.2974 12.1434 12.4187 12.3564
0.47716.2_0.29_5 55457.27021936549863 z 13.6658 0.0147 3.0000 16.2956 0.2974 12.1434 12.4187 12.3564
0.47716.2_0.29_5 55457.26914096120163 z 13.6850 0.0147 3.0000 16.2956 0.2974 12.1434 12.4187 12.3564
0.47716.2_0.29_5 56527.35430141450342 z 13.5325 0.0147 3.0000 16.2956 0.2974 12.1434 12.4187 12.3564
0.47716.2_0.29_5 56054.52679560799879 z 13.6439 0.0147 3.0000 16.2956 0.2974 12.1434 12.4187 12.3564
0.47716.2_0.29_5 56054.51532599420170 z 13.7138 0.0147 3.0000 16.2956 0.2974 12.1434 12.4187 12.3564
0.47716.2_0.29_5 55457.30324006490264 y 13.5358 0.0148 3.0000 16.2956 0.2974 12.1434 12.4187 12.3564
0.47716.2_0.29_5 55457.30432640889921 y 13.5433 0.0148 3.0000 16.2956 0.2974 12.1434 12.4187 12.3564
0.47716.2_0.29_5 55457.29220066309790 y 13.5286 0.0148 3.0000 16.2956 0.2974 12.1434 12.4187 12.3564
0.47716.2_0.29_5 56054.50217638719914 y 13.5599 0.0148 3.0000 16.2956 0.2974 12.1434 12.4187 12.3564
0.47716.2_0.29_5 56054.49570529149787 y 13.5544 0.0148 3.0000 16.2956 0.2974 12.1434 12.4187 12.3564
0.47716.2_0.29_5 55457.29324373150303 y 13.5278 0.0148 3.0000 16.2956 0.2974 12.1434 12.4187 12.3564
0.54416.2_0.29_5 55388.31848873649869 g 14.6516 0.0149 3.5000 16.2956 0.2974 11.9373 12.1819 12.1533
0.54416.2_0.29_5 55388.31924717500078 g 14.6473 0.0149 3.5000 16.2956 0.2974 11.9373 12.1819 12.1533
0.54416.2_0.29_5 55388.30706894869945 g 14.6863 0.0149 3.5000 16.2956 0.2974 11.9373 12.1819 12.1533
0.54416.2_0.29_5 55768.30261917979806 g 14.6675 0.0149 3.5000 16.2956 0.2974 11.9373 12.1819 12.1533
0.54416.2_0.29_5 55768.31282697660208 g 14.6798 0.0149 3.5000 16.2956 0.2974 11.9373 12.1819 12.1533
0.54416.2_0.29_5 55016.56048991029820 g 14.8721 0.0149 3.5000 16.2956 0.2974 11.9373 12.1819 12.1533
0.54416.2_0.29_5 55016.55041985779826 g 14.8712 0.0149 3.5000 16.2956 0.2974 11.9373 12.1819 12.1533
0.54416.2_0.29_5 55388.30628682769748 g 14.7047 0.0149 3.5000 16.2956 0.2974 11.9373 12.1819 12.1533
0.54416.2_0.29_5 55362.54381727660075 g 14.7427 0.0149 3.5000 16.2956 0.2974 11.9373 12.1819 12.1533
0.54416.2_0.29_5 55362.53194634569809 g 14.7488 0.0149 3.5000 16.2956 0.2974 11.9373 12.1819 12.1533
0.54416.2_0.29_5 56478.36156450780254 g 14.4399 0.0150 3.5000 16.2956 0.2974 11.9373 12.1819 12.1533
0.54416.2_0.29_5 56478.37235963610146 g 14.4570 0.0150 3.5000 16.2956 0.2974 11.9373 12.1819 12.1533
0.54416.2_0.29_5 56148.40487117320299 g 13.8761 0.0152 3.5000 16.2956 0.2974 11.9373 12.1819 12.1533
0.54416.2_0.29_5 56474.39991889629891 g 14.1618 0.0151 3.5000 16.2956 0.2974 11.9373 12.1819 12.1533
0.54416.2_0.29_5 56474.38901399399765 g 14.1420 0.0151 3.5000 16.2956 0.2974 11.9373 12.1819 12.1533
0.54416.2_0.29_5 56148.39406305040029 g 13.8837 0.0152 3.5000 16.2956 0.2974 11.9373 12.1819 12.1533
0.54416.2_0.29_5 54997.59279561320000 r 13.6493 0.0012 3.5000 16.2956 0.2974 11.9373 12.1819 12.1533
0.54416.2_0.29_5 56472.53448307189683 r 14.0693 0.0014 3.5000 16.2956 0.2974 11.9373 12.1819 12.1533
0.54416.2_0.29_5 56170.35215328109916 r 13.7447 0.0012 3.5000 16.2956 0.2974 11.9373 12.1819 12.1533
0.54416.2_0.29_5 56170.36180769049679 r 13.7492 0.0012 3.5000 16.2956 0.2974 11.9373 12.1819 12.1533
0.54416.2_0.29_5 55768.33408241209690 r 13.9100 0.0013 3.5000 16.2956 0.2974 11.9373 12.1819 12.1533
0.54416.2_0.29_5 55768.32427679019747 r 13.9049 0.0013 3.5000 16.2956 0.2974 11.9373 12.1819 12.1533
0.54416.2_0.29_5 55365.57011553519988 r 13.8227 0.0013 3.5000 16.2956 0.2974 11.9373 12.1819 12.1533
0.54416.2_0.29_5 55365.58137064560287 r 13.8267 0.0013 3.5000 16.2956 0.2974 11.9373 12.1819 12.1533
0.54416.2_0.29_5 56474.52886043459876 r 13.6228 0.0012 3.5000 16.2956 0.2974 11.9373 12.1819 12.1533
0.54416.2_0.29_5 56474.51902929090284 r 13.6176 0.0012 3.5000 16.2956 0.2974 11.9373 12.1819 12.1533
0.54416.2_0.29_5 56136.42449821520131 r 14.0457 0.0014 3.5000 16.2956 0.2974 11.9373 12.1819 12.1533
0.54416.2_0.29_5 56136.41466761929769 r 14.0483 0.0014 3.5000 16.2956 0.2974 11.9373 12.1819 12.1533
0.54416.2_0.29_5 56472.52426073470269 r 14.0660 0.0014 3.5000 16.2956 0.2974 11.9373 12.1819 12.1533
0.54416.2_0.29_5 54997.60503390200029 r 13.6541 0.0012 3.5000 16.2956 0.2974 11.9373 12.1819 12.1533
0.54416.2_0.29_5 55018.47772837799857 i 13.7705 0.0152 3.5000 16.2956 0.2974 11.9373 12.1819 12.1533
0.54416.2_0.29_5 55018.46879699100100 i 13.7418 0.0152 3.5000 16.2956 0.2974 11.9373 12.1819 12.1533
0.54416.2_0.29_5 56470.54762029980338 i 13.7282 0.0152 3.5000 16.2956 0.2974 11.9373 12.1819 12.1533
0.54416.2_0.29_5 56470.55835715829744 i 13.7020 0.0152 3.5000 16.2956 0.2974 11.9373 12.1819 12.1533
0.54416.2_0.29_5 56472.54511599089892 i 14.0781 0.0149 3.5000 16.2956 0.2974 11.9373 12.1819 12.1533
0.54416.2_0.29_5 56472.55625181359937 i 14.1574 0.0148 3.5000 16.2956 0.2974 11.9373 12.1819 12.1533
0.54416.2_0.29_5 55368.52252728919848 i 13.7637 0.0152 3.5000 16.2956 0.2974 11.9373 12.1819 12.1533
0.54416.2_0.29_5 55368.53508734470233 i 13.7625 0.0152 3.5000 16.2956 0.2974 11.9373 12.1819 12.1533
0.54416.2_0.29_5 56551.28537273919937 i 13.7412 0.0152 3.5000 16.2956 0.2974 11.9373 12.1819 12.1533
0.54416.2_0.29_5 56551.29645472959965 i 13.7761 0.0152 3.5000 16.2956 0.2974 11.9373 12.1819 12.1533
0.54416.2_0.29_5 55397.26667994449963 i 13.9044 0.0151 3.5000 16.2956 0.2974 11.9373 12.1819 12.1533
0.54416.2_0.29_5 55397.27881812830310 i 13.8803 0.0151 3.5000 16.2956 0.2974 11.9373 12.1819 12.1533
0.54416.2_0.29_5 55397.28100572469702 i 13.9138 0.0150 3.5000 16.2956 0.2974 11.9373 12.1819 12.1533
0.54416.2_0.29_5 55397.26953497010254 i 13.8887 0.0151 3.5000 16.2956 0.2974 11.9373 12.1819 12.1533
0.54416.2_0.29_5 56136.31180194760236 i 14.0460 0.0149 3.5000 16.2956 0.2974 11.9373 12.1819 12.1533
0.54416.2_0.29_5 56136.30081569110189 i 14.0771 0.0149 3.5000 16.2956 0.2974 11.9373 12.1819 12.1533
0.54416.2_0.29_5 55457.26914096120163 z 13.5089 0.0147 3.5000 16.2956 0.2974 11.9373 12.1819 12.1533
0.60216.2_0.29_5 55388.31848873649869 g 13.8432 0.0152 4.0000 16.2956 0.2974 11.7550 12.0436 11.9597
0.60216.2_0.29_5 55388.31924717500078 g 13.8164 0.0152 4.0000 16.2956 0.2974 11.7550 12.0436 11.9597
0.60216.2_0.29_5 55388.30706894869945 g 13.8419 0.0152 4.0000 16.2956 0.2974 11.7550 12.0436 11.9597
0.60216.2_0.29_5 55768.30261917979806 g 13.8319 0.0152 4.0000 16.2956 0.2974 11.7550 12.0436 11.9597
0.60216.2_0.29_5 55768.31282697660208 g 13.8182 0.0152 4.0000 16.2956 0.2974 11.7550 12.0436 11.9597
0.60216.2_0.29_5 55016.56048991029820 g 13.8669 0.0152 4.0000 16.2956 0.2974 11.7550 12.0436 11.9597
0.60216.2_0.29_5 55016.55041985779826 g 13.8450 0.0152 4.0000 16.2956 0.2974 11.7550 12.0436 11.9597
0.60216.2_0.29_5 55388.30628682769748 g 13.8546 0.0152 4.0000 16.2956 0.2974 11.7550 12.0436 11.9597
0.60216.2_0.29_5 55362.54381727660075 g 14.6784 0.0149 4.0000 16.2956 0.2974 11.7550 12.0436 11.9597
0.60216.2_0.29_5 55362.53194634569809 g 14.6736 0.0149 4.0000 16.2956 0.2974 11.7550 12.0436 11.9597
0.60216.2_0.29_5 56478.36156450780254 g 14.6757 0.0149 4.0000 16.2956 0.2974 11.7550 12.0436 11.9597
0.60216.2_0.29_5 56478.37235963610146 g 14.6517 0.0149 4.0000 16.2956 0.2974 11.7550 12.0436 11.9597
0.60216.2_0.29_5 56148.40487117320299 g 13.8015 0.0152 4.0000 16.2956 0.2974 11.7550 12.0436 11.9597
0.60216.2_0.29_5 56474.39991889629891 g 14.6425 0.0149 4.0000 16.2956 0.2974 11.7550 12.0436 11.9597
0.60216.2_0.29_5 56474.38901399399765 g 14.6571 0.0149 4.0000 16.2956 0.2974 11.7550 12.0436 11.9597
0.60216.2_0.29_5 56148.39406305040029 g 13.8109 0.0152 4.0000 16.2956 0.2974 11.7550 12.0436 11.9597
0.60216.2_0.29_5 54997.59279561320000 r 13.6426 0.0012 4.0000 16.2956 0.2974 11.7550 12.0436 11.9597
0.60216.2_0.29_5 56170.35215328109916 r 13.8375 0.0013 4.0000 16.2956 0.2974 11.7550 12.0436 11.9597
0.60216.2_0.29_5 56170.36180769049679 r 13.8348 0.0013 4.0000 16.2956 0.2974 11.7550 12.0436 11.9597
0.60216.2_0.29_5 55365.57011553519988 r 13.6383 0.0012 4.0000 16.2956 0.2974 11.7550 12.0436 11.9597
0.60216.2_0.29_5 55365.58137064560287 r 13.6401 0.0012 4.0000 16.2956 0.2974 11.7550 12.0436 11.9597
0.60216.2_0.29_5 56474.52886043459876 r 13.8683 0.0013 4.0000 16.2956 0.2974 11.7550 12.0436 11.9597
0.60216.2_0.29_5 56474.51902929090284 r 13.8673 0.0013 4.0000 16.2956 0.2974 11.7550 12.0436 11.9597
0.60216.2_0.29_5 54997.60503390200029 r 13.6459 0.0012 4.0000 16.2956 0.2974 11.7550 12.0436 11.9597
0.60216.2_0.29_5 55018.47772837799857 i 13.8964 0.0151 4.0000 16.2956 0.2974 11.7550 12.0436 11.9597
0.60216.2_0.29_5 55018.46879699100100 i 13.9078 0.0150 4.0000 16.2956 0.2974 11.7550 12.0436 11.9597
0.60216.2_0.29_5 56470.54762029980338 i 13.8786 0.0151 4.0000 16.2956 0.2974 11.7550 12.0436 11.9597
0.60216.2_0.29_5 56470.55835715829744 i 13.8980 0.0151 4.0000 16.2956 0.2974 11.7550 12.0436 11.9597
0.60216.2_0.29_5 56472.54511599089892 i 13.5760 0.0153 4.0000 16.2956 0.2974 11.7550 12.0436 11.9597
0.60216.2_0.29_5 56472.55625181359937 i 13.6139 0.0153 4.0000 16.2956 0.2974 11.7550 12.0436 11.9597
0.60216.2_0.29_5 55368.52252728919848 i 13.5527 0.0154 4.0000 16.2956 0.2974 11.7550 12.0436 11.9597
0.60216.2_0.29_5 55368.53508734470233 i 13.5277 0.0154 4.0000 16.2956 0.2974 11.7550 12.0436 11.9597
0.60216.2_0.29_5 56551.28537273919937 i 14.0115 0.0150 4.0000 16.2956 0.2974 11.7550 12.0436 11.9597
0.60216.2_0.29_5 56551.29645472959965 i 14.0259 0.0150 4.0000 16.2956 0.2974 11.7550 12.0436 11.9597
0.60216.2_0.29_5 55397.26667994449963 i 13.7061 0.0152 4.0000 16.2956 0.2974 11.7550 12.0436 11.9597
0.60216.2_0.29_5 55397.27881812830310 i 13.7499 0.0152 4.0000 16.2956 0.2974 11.7550 12.0436 11.9597
0.60216.2_0.29_5 55397.28100572469702 i 13.6976 0.0152 4.0000 16.2956 0.2974 11.7550 12.0436 11.9597
0.60216.2_0.29_5 55397.26953497010254 i 13.6088 0.0153 4.0000 16.2956 0.2974 11.7550 12.0436 11.9597
0.60216.2_0.29_5 56136.31180194760236 i 13.6488 0.0153 4.0000 16.2956 0.2974 11.7550 12.0436 11.9597
0.60216.2_0.29_5 56136.30081569110189 i 13.6141 0.0153 4.0000 16.2956 0.2974 11.7550 12.0436 11.9597
0.65316.2_0.29_5 55388.31848873649869 g 13.9055 0.0152 4.5000 16.2956 0.2974 11.6049 11.8826 11.8341
0.65316.2_0.29_5 55388.31924717500078 g 13.9207 0.0152 4.5000 16.2956 0.2974 11.6049 11.8826 11.8341
0.65316.2_0.29_5 55388.30706894869945 g 13.9144 0.0152 4.5000 16.2956 0.2974 11.6049 11.8826 11.8341
0.65316.2_0.29_5 55768.30261917979806 g 14.5908 0.0149 4.5000 16.2956 0.2974 11.6049 11.8826 11.8341
0.65316.2_0.29_5 55768.31282697660208 g 14.5675 0.0150 4.5000 16.2956 0.2974 11.6049 11.8826 11.8341
0.65316.2_0.29_5 55016.56048991029820 g 14.5002 0.0150 4.5000 16.2956 0.2974 11.6049 11.8826 11.8341
0.65316.2_0.29_5 55016.55041985779826 g 14.4946 0.0150 4.5000 16.2956 0.2974 11.6049 11.8826 11.8341
0.65316.2_0.29_5 55388.30628682769748 g 13.8988 0.0152 4.5000 16.2956 0.2974 11.6049 11.8826 11.8341
0.65316.2_0.29_5 55362.54381727660075 g 14.3684 0.0150 4.5000 16.2956 0.2974 11.6049 11.8826 11.8341
0.65316.2_0.29_5 55362.53194634569809 g 14.3283 0.0150 4.5000 16.2956 0.2974 11.6049 11.8826 11.8341
0.65316.2_0.29_5 56478.36156450780254 g 14.3459 0.0150 4.5000 16.2956 0.2974 11.6049 11.8826 11.8341
0.65316.2_0.29_5 56478.37235963610146 g 14.3172 0.0150 4.5000 16.2956 0.2974 11.6049 11.8826 11.8341
0.65316.2_0.29_5 56148.40487117320299 g 13.7499 0.0152 4.5000 16.2956 0.2974 11.6049 11.8826 11.8341
0.65316.2_0.29_5 56474.39991889629891 g 14.4851 0.0150 4.5000 16.2956 0.2974 11.6049 11.8826 11.8341
0.65316.2_0.29_5 56474.38901399399765 g 14.4876 0.0150 4.5000 16.2956 0.2974 11.6049 11.8826 11.8341
0.65316.2_0.29_5 56148.39406305040029 g 13.7838 0.0152 4.5000 16.2956 0.2974 11.6049 11.8826 11.8341
0.65316.2_0.29_5 56170.35215328109916 r 13.5458 0.0012 4.5000 16.2956 0.2974 11.6049 11.8826 11.8341
0.65316.2_0.29_5 56170.36180769049679 r 13.5357 0.0011 4.5000 16.2956 0.2974 11.6049 11.8826 11.8341
0.65316.2_0.29_5 55768.33408241209690 r 13.7342 0.0012 4.5000 16.2956 0.2974 11.6049 11.8826 11.8341
0.65316.2_0.29_5 55768.32427679019747 r 13.7301 0.0012 4.5000 16.2956 0.2974 11.6049 11.8826 11.8341
0.65316.2_0.29_5 56474.52886043459876 r 13.6896 0.0012 4.5000 16.2956 0.2974 11.6049 11.8826 11.8341
0.65316.2_0.29_5 56474.51902929090284 r 13.6862 0.0012 4.5000 16.2956 0.2974 11.6049 11.8826 11.8341
0.65316.2_0.29_5 56136.42449821520131 r 13.5723 0.0012 4.5000 16.2956 0.2974 11.6049 11.8826 11.8341
0.65316.2_0.29_5 56136.41466761929769 r 13.5698 0.0012 4.5000 16.2956 0.2974 11.6049 11.8826 11.8341
0.65316.2_0.29_5 55018.47772837799857 i 13.6349 0.0153 4.5000 16.2956 0.2974 11.6049 11.8826 11.8341
0.65316.2_0.29_5 55018.46879699100100 i 13.5692 0.0153 4.5000 16.2956 0.2974 11.6049 11.8826 11.8341
0.65316.2_0.29_5 56470.54762029980338 i 13.7432 0.0152 4.5000 16.2956 0.2974 11.6049 11.8826 11.8341
0.65316.2_0.29_5 56470.55835715829744 i 13.8177 0.0151 4.5000 16.2956 0.2974 11.6049 11.8826 11.8341
0.65316.2_0.29_5 55368.52252728919848 i 13.8152 0.0151 4.5000 16.2956 0.2974 11.6049 11.8826 11.8341
0.65316.2_0.29_5 55368.53508734470233 i 13.8275 0.0151 4.5000 16.2956 0.2974 11.6049 11.8826 11.8341
0.65316.2_0.29_5 56551.28537273919937 i 13.7042 0.0152 4.5000 16.2956 0.2974 11.6049 11.8826 11.8341
0.65316.2_0.29_5 56551.29645472959965 i 13.7462 0.0152 4.5000 16.2956 0.2974 11.6049 11.8826 11.8341
0.65316.2_0.29_5 55397.26667994449963 i 13.5311 0.0154 4.5000 16.2956 0.2974 11.6049 11.8826 11.8341
0.65316.2_0.29_5 55397.27881812830310 i 13.5184 0.0154 4.5000 16.2956 0.2974 11.6049 11.8826 11.8341
0.65316.2_0.29_5 56136.31180194760236 i 13.5798 0.0153 4.5000 16.2956 0.2974 11.6049 11.8826 11.8341
0.65316.2_0.29_5 56136.30081569110189 i 13.6059 0.0153 4.5000 16.2956 0.2974 11.6049 11.8826 11.8341
0.69816.2_0.29_5 55388.31848873649869 g 13.7078 0.0152 5.0000 16.2956 0.2974 11.4589 11.7360 11.6866
0.69816.2_0.29_5 55388.31924717500078 g 13.6645 0.0152 5.0000 16.2956 0.2974 11.4589 11.7360 11.6866
0.69816.2_0.29_5 55388.30706894869945 g 13.7014 0.0152 5.0000 16.2956 0.2974 11.4589 11.7360 11.6866
0.69816.2_0.29_5 55768.30261917979806 g 13.7028 0.0152 5.0000 16.2956 0.2974 11.4589 11.7360 11.6866
0.69816.2_0.29_5 55768.31282697660208 g 13.7277 0.0152 5.0000 16.2956 0.2974 11.4589 11.7360 11.6866
0.69816.2_0.29_5 55016.56048991029820 g 14.5531 0.0150 5.0000 16.2956 0.2974 11.4589 11.7360 11.6866
0.69816.2_0.29_5 55016.55041985779826 g 14.5622 0.0150 5.0000 16.2956 0.2974 11.4589 11.7360 11.6866
0.69816.2_0.29_5 55388.30628682769748 g 13.7086 0.0152 5.0000 16.2956 0.2974 11.4589 11.7360 11.6866
0.69816.2_0.29_5 55362.54381727660075 g 14.3751 0.0150 5.0000 16.2956 0.2974 11.4589 11.7360 11.6866
0.69816.2_0.29_5 55362.53194634569809 g 14.3768 0.0150 5.0000 16.2956 0.2974 11.4589 11.7360 11.6866
0.69816.2_0.29_5 56478.36156450780254 g 13.6819 0.0152 5.0000 16.2956 0.2974 11.4589 11.7360 11.6866
0.69816.2_0.29_5 56478.37235963610146 g 13.6836 0.0152 5.0000 16.2956 0.2974 11.4589 11.7360 11.6866
0.69816.2_0.29_5 56148.40487117320299 g 13.7037 0.0152 5.0000 16.2956 0.2974 11.4589 11.7360 11.6866
0.69816.2_0.29_5 56474.39991889629891 g 14.0432 0.0152 5.0000 16.2956 0.2974 11.4589 11.7360 11.6866
0.69816.2_0.29_5 56474.38901399399765 g 14.0179 0.0152 5.0000 16.2956 0.2974 11.4589 11.7360 11.6866
0.69816.2_0.29_5 56148.39406305040029 g 13.6915 0.0152 5.0000 16.2956 0.2974 11.4589 11.7360 11.6866
0.69816.2_0.29_5 54997.59279561320000 r 13.5745 0.0012 5.0000 16.2956 0.2974 11.4589 11.7360 11.6866
0.69816.2_0.29_5 56472.53448307189683 r 13.6015 0.0012 5.0000 16.2956 0.2974 11.4589 11.7360 11.6866
0.69816.2_0.29_5 56170.35215328109916 r 13.5153 0.0011 5.0000 16.2956 0.2974 11.4589 11.7360 11.6866
0.69816.2_0.29_5 56170.36180769049679 r 13.5187 0.0011 5.0000 16.2956 0.2974 11.4589 11.7360 11.6866
0.69816.2_0.29_5 55365.57011553519988 r 13.5498 0.0012 5.0000 16.2956 0.2974 11.4589 11.7360 11.6866
0.69816.2_0.29_5 55365.58137064560287 r 13.5518 0.0012 5.0000 16.2956 0.2974 11.4589 11.7360 11.6866
0.69816.2_0.29_5 56136.42449821520131 r 13.6658 0.0012 5.0000 16.2956 0.2974 11.4589 11.7360 11.6866
0.69816.2_0.29_5 56136.41466761929769 r 13.6632 0.0012 5.0000 16.2956 0.2974 11.4589 11.7360 11.6866
0.69816.2_0.29_5 56472.52426073470269 r 13.6091 0.0012 5.0000 16.2956 0.2974 11.4589 11.7360 11.6866
0.69816.2_0.29_5 54997.60503390200029 r 13.5647 0.0012 5.0000 16.2956 0.2974 11.4589 11.7360 11.6866
0.69816.2_0.29_5 56470.54762029980338 i 13.5962 0.0153 5.0000 16.2956 0.2974 11.4589 11.7360 11.6866
0.69816.2_0.29_5 56470.55835715829744 i 13.6001 0.0153 5.0000 16.2956 0.2974 11.4589 11.7360 11.6866
0.69816.2_0.29_5 56472.54511599089892 i 13.6356 0.0153 5.0000 16.2956 0.2974 11.4589 11.7360 11.6866
0.69816.2_0.29_5 56472.55625181359937 i 13.5824 0.0153 5.0000 16.2956 0.2974 11.4589 11.7360 11.6866
0.69816.2_0.29_5 56551.28537273919937 i 13.6586 0.0153 5.0000 16.2956 0.2974 11.4589 11.7360 11.6866
0.69816.2_0.29_5 56551.29645472959965 i 13.7081 0.0152 5.0000 16.2956 0.2974 11.4589 11.7360 11.6866
0.69816.2_0.29_5 55397.26667994449963 i 13.7126 0.0152 5.0000 16.2956 0.2974 11.4589 11.7360 11.6866
0.69816.2_0.29_5 55397.27881812830310 i 13.6831 0.0152 5.0000 16.2956 0.2974 11.4589 11.7360 11.6866
0.69816.2_0.29_5 55397.28100572469702 i 13.7132 0.0152 5.0000 16.2956 0.2974 11.4589 11.7360 11.6866
0.69816.2_0.29_5 55397.26953497010254 i 13.7000 0.0152 5.0000 16.2956 0.2974 11.4589 11.7360 11.6866
0.69816.2_0.29_5 56136.31180194760236 i 13.6983 0.0152 5.0000 16.2956 0.2974 11.4589 11.7360 11.6866
0.69816.2_0.29_5 56136.30081569110189 i 13.6973 0.0152 5.0000 16.2956 0.2974 11.4589 11.7360 11.6866
0.74016.2_0.29_5 55388.31848873649869 g 14.3663 0.0150 5.5000 16.2956 0.2974 11.3367 11.6107 11.5413
0.74016.2_0.29_5 55388.31924717500078 g 14.3763 0.0150 5.5000 16.2956 0.2974 11.3367 11.6107 11.5413
0.74016.2_0.29_5 55388.30706894869945 g 14.3556 0.0150 5.5000 16.2956 0.2974 11.3367 11.6107 11.5413
0.74016.2_0.29_5 55768.30261917979806 g 13.9424 0.0152 5.5000 16.2956 0.2974 11.3367 11.6107 11.5413
0.74016.2_0.29_5 55768.31282697660208 g 13.9469 0.0152 5.5000 16.2956 0.2974 11.3367 11.6107 11.5413
0.74016.2_0.29_5 55016.56048991029820 g 13.9912 0.0152 5.5000 16.2956 0.2974 11.3367 11.6107 11.5413
0.74016.2_0.29_5 55016.55041985779826 g 13.9749 0.0152 5.5000 16.2956 0.2974 11.3367 11.6107 11.5413
0.74016.2_0.29_5 55388.30628682769748 g 14.3724 0.0150 5.5000 16.2956 0.2974 11.3367 11.6107 11.5413
0.74016.2_0.29_5 55362.54381727660075 g 13.7878 0.0152 5.5000 16.2956 0.2974 11.3367 11.6107 11.5413
0.74016.2_0.29_5 55362.53194634569809 g 13.7974 0.0152 5.5000 16.2956 0.2974 11.3367 11.6107 11.5413
0.74016.2_0.29_5 56478.36156450780254 g 13.6245 0.0153 5.5000 16.2956 0.2974 11.3367 11.6107 11.5413
0.74016.2_0.29_5 56478.37235963610146 g 13.5978 0.0153 5.5000 16.2956 0.2974 11.3367 11.6107 11.5413
0.74016.2_0.29_5 56148.40487117320299 g 13.6083 0.0153 5.5000 16.2956 0.2974 11.3367 11.6107 11.5413
0.74016.2_0.29_5 56474.39991889629891 g 14.0693 0.0151 5.5000 16.2956 0.2974 11.3367 11.6107 11.5413
0.74016.2_0.29_5 56474.38901399399765 g 14.0557 0.0151 5.5000 16.2956 0.2974 11.3367 11.6107 11.5413
0.74016.2_0.29_5 56148.39406305040029 g 13.6003 0.0153 5.5000 16.2956 0.2974 11.3367 11.6107 11.5413
0.74016.2_0.29_5 54997.59279561320000 r 13.6404 0.0012 5.5000 16.2956 0.2974 11.3367 11.6107 11.5413
0.74016.2_0.29_5 55365.57011553519988 r 13.6451 0.0012 5.5000 16.2956 0.2974 11.3367 11.6107 11.5413
0.74016.2_0.29_5 55365.58137064560287 r 13.6488 0.0012 5.5000 16.2956 0.2974 11.3367 11.6107 11.5413
0.74016.2_0.29_5 56136.42449821520131 r 13.5070 0.0011 5.5000 16.2956 0.2974 11.3367 11.6107 11.5413
0.74016.2_0.29_5 56136.41466761929769 r 13.5134 0.0011 5.5000 16.2956 0.2974 11.3367 11.6107 11.5413
0.74016.2_0.29_5 54997.60503390200029 r 13.6367 0.0012 5.5000 16.2956 0.2974 11.3367 11.6107 11.5413
0.74016.2_0.29_5 55018.47772837799857 i 13.6295 0.0153 5.5000 16.2956 0.2974 11.3367 11.6107 11.5413
0.74016.2_0.29_5 55018.46879699100100 i 13.5864 0.0153 5.5000 16.2956 0.2974 11.3367 11.6107 11.5413
0.74016.2_0.29_5 56470.54762029980338 i 13.5469 0.0154 5.5000 16.2956 0.2974 11.3367 11.6107 11.5413
0.74016.2_0.29_5 56470.55835715829744 i 13.5796 0.0153 5.5000 16.2956 0.2974 11.3367 11.6107 11.5413
0.74016.2_0.29_5 55397.28100572469702 i 13.5326 0.0154 5.5000 16.2956 0.2974 11.3367 11.6107 11.5413
0.74016.2_0.29_5 56136.31180194760236 i 13.5728 0.0153 5.5000 16.2956 0.2974 11.3367 11.6107 11.5413
0.74016.2_0.29_5 56136.30081569110189 i 13.5457 0.0154 5.5000 16.2956 0.2974 11.3367 11.6107 11.5413
0.77816.2_0.29_5 55388.31848873649869 g 14.0597 0.0151 6.0000 16.2956 0.2974 11.2115 11.5041 11.4471
0.77816.2_0.29_5 55388.31924717500078 g 14.0643 0.0151 6.0000 16.2956 0.2974 11.2115 11.5041 11.4471
0.77816.2_0.29_5 55388.30706894869945 g 14.0461 0.0152 6.0000 16.2956 0.2974 11.2115 11.5041 11.4471
0.77816.2_0.29_5 55768.30261917979806 g 14.4960 0.0150 6.0000 16.2956 0.2974 11.2115 11.5041 11.4471
0.77816.2_0.29_5 55768.31282697660208 g 14.5408 0.0150 6.0000 16.2956 0.2974 11.2115 11.5041 11.4471
0.77816.2_0.29_5 55016.56048991029820 g 14.1124 0.0151 6.0000 16.2956 0.2974 11.2115 11.5041 11.4471
0.77816.2_0.29_5 55016.55041985779826 g 14.1178 0.0151 6.0000 16.2956 0.2974 11.2115 11.5041 11.4471
0.77816.2_0.29_5 55388.30628682769748 g 14.0782 0.0151 6.0000 16.2956 0.2974 11.2115 11.5041 11.4471
0.77816.2_0.29_5 56474.39991889629891 g 14.0861 0.0151 6.0000 16.2956 0.2974 11.2115 11.5041 11.4471
0.77816.2_0.29_5 56474.38901399399765 g 14.0810 0.0151 6.0000 16.2956 0.2974 11.2115 11.5041 11.4471
0.77816.2_0.29_5 56170.35215328109916 r 13.5964 0.0012 6.0000 16.2956 0.2974 11.2115 11.5041 11.4471
0.77816.2_0.29_5 56170.36180769049679 r 13.5980 0.0012 6.0000 16.2956 0.2974 11.2115 11.5041 11.4471
0.77816.2_0.29_5 55768.33408241209690 r 13.5960 0.0012 6.0000 16.2956 0.2974 11.2115 11.5041 11.4471
0.77816.2_0.29_5 55768.32427679019747 r 13.5957 0.0012 6.0000 16.2956 0.2974 11.2115 11.5041 11.4471
0.77816.2_0.29_5 55018.47772837799857 i 13.5391 0.0154 6.0000 16.2956 0.2974 11.2115 11.5041 11.4471
0.77816.2_0.29_5 55018.46879699100100 i 13.5974 0.0153 6.0000 16.2956 0.2974 11.2115 11.5041 11.4471
0.77816.2_0.29_5 56470.54762029980338 i 13.5653 0.0154 6.0000 16.2956 0.2974 11.2115 11.5041 11.4471
0.77816.2_0.29_5 56470.55835715829744 i 13.6212 0.0153 6.0000 16.2956 0.2974 11.2115 11.5041 11.4471
0.77816.2_0.29_5 55397.26667994449963 i 13.5367 0.0154 6.0000 16.2956 0.2974 11.2115 11.5041 11.4471
0.77816.2_0.29_5 55397.26953497010254 i 13.5352 0.0154 6.0000 16.2956 0.2974 11.2115 11.5041 11.4471
0.81216.2_0.29_5 55768.30261917979806 g 14.3540 0.0150 6.5000 16.2956 0.2974 11.1094 11.4064 11.3198
0.81216.2_0.29_5 55768.31282697660208 g 14.3146 0.0150 6.5000 16.2956 0.2974 11.1094 11.4064 11.3198
0.81216.2_0.29_5 55016.56048991029820 g 13.9276 0.0152 6.5000 16.2956 0.2974 11.1094 11.4064 11.3198
0.81216.2_0.29_5 55016.55041985779826 g 13.9278 0.0152 6.5000 16.2956 0.2974 11.1094 11.4064 11.3198
0.81216.2_0.29_5 55362.54381727660075 g 13.5565 0.0153 6.5000 16.2956 0.2974 11.1094 11.4064 11.3198
0.81216.2_0.29_5 55362.53194634569809 g 13.5364 0.0153 6.5000 16.2956 0.2974 11.1094 11.4064 11.3198
0.81216.2_0.29_5 56478.36156450780254 g 14.4551 0.0150 6.5000 16.2956 0.2974 11.1094 11.4064 11.3198
0.81216.2_0.29_5 56478.37235963610146 g 14.4961 0.0150 6.5000 16.2956 0.2974 11.1094 11.4064 11.3198
0.81216.2_0.29_5 56474.39991889629891 g 13.6745 0.0152 6.5000 16.2956 0.2974 11.1094 11.4064 11.3198
0.81216.2_0.29_5 56474.38901399399765 g 13.6522 0.0153 6.5000 16.2956 0.2974 11.1094 11.4064 11.3198
0.84516.2_0.29_5 55388.31848873649869 g 14.0594 0.0151 7.0000 16.2956 0.2974 11.0288 11.3205 11.2177
0.84516.2_0.29_5 55388.31924717500078 g 14.0410 0.0152 7.0000 16.2956 0.2974 11.0288 11.3205 11.2177
0.84516.2_0.29_5 55388.30706894869945 g 14.0563 0.0151 7.0000 16.2956 0.2974 11.0288 11.3205 11.2177
0.84516.2_0.29_5 55768.30261917979806 g 14.3702 0.0150 7.0000 16.2956 0.2974 11.0288 11.3205 11.2177
0.84516.2_0.29_5 55768.31282697660208 g 14.4053 0.0150 7.0000 16.2956 0.2974 11.0288 11.3205 11.2177
0.84516.2_0.29_5 55016.56048991029820 g 13.9188 0.0152 7.0000 16.2956 0.2974 11.0288 11.3205 11.2177
0.84516.2_0.29_5 55016.55041985779826 g 13.9041 0.0152 7.0000 16.2956 0.2974 11.0288 11.3205 11.2177
0.84516.2_0.29_5 55388.30628682769748 g 14.0595 0.0151 7.0000 16.2956 0.2974 11.0288 11.3205 11.2177
0.84516.2_0.29_5 55362.54381727660075 g 14.3591 0.0150 7.0000 16.2956 0.2974 11.0288 11.3205 11.2177
0.84516.2_0.29_5 55362.53194634569809 g 14.3858 0.0150 7.0000 16.2956 0.2974 11.0288 11.3205 11.2177
0.84516.2_0.29_5 56478.36156450780254 g 13.6115 0.0153 7.0000 16.2956 0.2974 11.0288 11.3205 11.2177
0.84516.2_0.29_5 56478.37235963610146 g 13.6436 0.0153 7.0000 16.2956 0.2974 11.0288 11.3205 11.2177
0.84516.2_0.29_5 56474.39991889629891 g 14.2893 0.0151 7.0000 16.2956 0.2974 11.0288 11.3205 11.2177
0.84516.2_0.29_5 56474.38901399399765 g 14.3097 0.0151 7.0000 16.2956 0.2974 11.0288 11.3205 11.2177
0.87516.2_0.29_5 55388.31848873649869 g 14.2944 0.0151 7.5000 16.2956 0.2974 10.9091 11.2337 11.1318
0.87516.2_0.29_5 55388.31924717500078 g 14.2786 0.0151 7.5000 16.2956 0.2974 10.9091 11.2337 11.1318
0.87516.2_0.29_5 55388.30706894869945 g 14.2488 0.0151 7.5000 16.2956 0.2974 10.9091 11.2337 11.1318
0.87516.2_0.29_5 55768.30261917979806 g 13.8379 0.0152 7.5000 16.2956 0.2974 10.9091 11.2337 11.1318
0.87516.2_0.29_5 55768.31282697660208 g 13.8024 0.0152 7.5000 16.2956 0.2974 10.9091 11.2337 11.1318
0.87516.2_0.29_5 55016.56048991029820 g 13.5814 0.0153 7.5000 16.2956 0.2974 10.9091 11.2337 11.1318
0.87516.2_0.29_5 55016.55041985779826 g 13.5897 0.0153 7.5000 16.2956 0.2974 10.9091 11.2337 11.1318
0.87516.2_0.29_5 55388.30628682769748 g 14.2659 0.0151 7.5000 16.2956 0.2974 10.9091 11.2337 11.1318
0.87516.2_0.29_5 55362.54381727660075 g 13.6965 0.0152 7.5000 16.2956 0.2974 10.9091 11.2337 11.1318
0.87516.2_0.29_5 55362.53194634569809 g 13.7428 0.0152 7.5000 16.2956 0.2974 10.9091 11.2337 11.1318
0.87516.2_0.29_5 56474.39991889629891 g 14.0627 0.0151 7.5000 16.2956 0.2974 10.9091 11.2337 11.1318
0.87516.2_0.29_5 56474.38901399399765 g 14.0512 0.0151 7.5000 16.2956 0.2974 10.9091 11.2337 11.1318
0.90316.2_0.29_5 55768.30261917979806 g 14.1001 0.0151 8.0000 16.2956 0.2974 10.8305 11.1167 11.0490
0.90316.2_0.29_5 55768.31282697660208 g 14.1052 0.0151 8.0000 16.2956 0.2974 10.8305 11.1167 11.0490
0.90316.2_0.29_5 55016.56048991029820 g 14.1220 0.0151 8.0000 16.2956 0.2974 10.8305 11.1167 11.0490
0.90316.2_0.29_5 55016.55041985779826 g 14.1417 0.0151 8.0000 16.2956 0.2974 10.8305 11.1167 11.0490
0.90316.2_0.29_5 55362.54381727660075 g 14.1735 0.0151 8.0000 16.2956 0.2974 10.8305 11.1167 11.0490
0.90316.2_0.29_5 55362.53194634569809 g 14.1844 0.0151 8.0000 16.2956 0.2974 10.8305 11.1167 11.0490
0.90316.2_0.29_5 56478.36156450780254 g 13.6134 0.0153 8.0000 16.2956 0.2974 10.8305 11.1167 11.0490
0.90316.2_0.29_5 56478.37235963610146 g 13.6208 0.0153 8.0000 16.2956 0.2974 10.8305 11.1167 11.0490
0.90316.2_0.29_5 56474.39991889629891 g 14.2229 0.0151 8.0000 16.2956 0.2974 10.8305 11.1167 11.0490
0.90316.2_0.29_5 56474.38901399399765 g 14.2455 0.0151 8.0000 16.2956 0.2974 10.8305 11.1167 11.0490
0.92916.2_0.29_5 55388.31848873649869 g 14.1256 0.0151 8.5000 16.2956 0.2974 10.7521 11.0726 10.9824
0.92916.2_0.29_5 55388.31924717500078 g 14.1263 0.0151 8.5000 16.2956 0.2974 10.7521 11.0726 10.9824
0.92916.2_0.29_5 55388.30706894869945 g 14.0885 0.0151 8.5000 16.2956 0.2974 10.7521 11.0726 10.9824
0.92916.2_0.29_5 55768.30261917979806 g 13.6235 0.0153 8.5000 16.2956 0.2974 10.7521 11.0726 10.9824
0.92916.2_0.29_5 55768.31282697660208 g 13.6514 0.0153 8.5000 16.2956 0.2974 10.7521 11.0726 10.9824
0.92916.2_0.29_5 55016.56048991029820 g 13.8065 0.0152 8.5000 16.2956 0.2974 10.7521 11.0726 10.9824
0.92916.2_0.29_5 55016.55041985779826 g 13.8379 0.0152 8.5000 16.2956 0.2974 10.7521 11.0726 10.9824
0.92916.2_0.29_5 55388.30628682769748 g 14.1266 0.0151 8.5000 16.2956 0.2974 10.7521 11.0726 10.9824
0.92916.2_0.29_5 55362.54381727660075 g 14.0774 0.0151 8.5000 16.2956 0.2974 10.7521 11.0726 10.9824
0.92916.2_0.29_5 55362.53194634569809 g 14.0752 0.0151 8.5000 16.2956 0.2974 10.7521 11.0726 10.9824
0.92916.2_0.29_5 56478.36156450780254 g 13.9170 0.0152 8.5000 16.2956 0.2974 10.7521 11.0726 10.9824
0.92916.2_0.29_5 56478.37235963610146 g 13.9261 0.0152 8.5000 16.2956 0.2974 10.7521 11.0726 10.9824
0.92916.2_0.29_5 56474.39991889629891 g 13.7830 0.0152 8.5000 16.2956 0.2974 10.7521 11.0726 10.9824
0.92916.2_0.29_5 56474.38901399399765 g 13.7890 0.0152 8.5000 16.2956 0.2974 10.7521 11.0726 10.9824
0.95416.2_0.29_5 55388.31848873649869 g 14.1413 0.0151 9.0000 16.2956 0.2974 10.6763 10.9781 10.8907
0.95416.2_0.29_5 55388.31924717500078 g 14.1236 0.0151 9.0000 16.2956 0.2974 10.6763 10.9781 10.8907
0.95416.2_0.29_5 55388.30706894869945 g 14.1138 0.0151 9.0000 16.2956 0.2974 10.6763 10.9781 10.8907
0.95416.2_0.29_5 55768.30261917979806 g 14.1602 0.0151 9.0000 16.2956 0.2974 10.6763 10.9781 10.8907
0.95416.2_0.29_5 55768.31282697660208 g 14.1514 0.0151 9.0000 16.2956 0.2974 10.6763 10.9781 10.8907
0.95416.2_0.29_5 55388.30628682769748 g 14.1408 0.0151 9.0000 16.2956 0.2974 10.6763 10.9781 10.8907
0.95416.2_0.29_5 55362.54381727660075 g 14.2909 0.0151 9.0000 16.2956 0.2974 10.6763 10.9781 10.8907
0.95416.2_0.29_5 55362.53194634569809 g 14.2819 0.0151 9.0000 16.2956 0.2974 10.6763 10.9781 10.8907
0.95416.2_0.29_5 56478.36156450780254 g 14.3047 0.0151 9.0000 16.2956 0.2974 10.6763 10.9781 10.8907
0.95416.2_0.29_5 56478.37235963610146 g 14.3221 0.0150 9.0000 16.2956 0.2974 10.6763 10.9781 10.8907
0.97716.2_0.29_5 55016.56048991029820 g 13.6990 0.0152 9.5000 16.2956 0.2974 10.6033 10.9291 10.8096
0.97716.2_0.29_5 55016.55041985779826 g 13.7125 0.0152 9.5000 16.2956 0.2974 10.6033 10.9291 10.8096
0.97716.2_0.29_5 55362.54381727660075 g 13.5662 0.0153 9.5000 16.2956 0.2974 10.6033 10.9291 10.8096
0.97716.2_0.29_5 55362.53194634569809 g 13.5672 0.0153 9.5000 16.2956 0.2974 10.6033 10.9291 10.8096
0.97716.2_0.29_5 56478.36156450780254 g 14.0479 0.0152 9.5000 16.2956 0.2974 10.6033 10.9291 10.8096
0.97716.2_0.29_5 56478.37235963610146 g 14.0002 0.0152 9.5000 16.2956 0.2974 10.6033 10.9291 10.8096
0.97716.2_0.29_5 56474.39991889629891 g 13.6266 0.0153 9.5000 16.2956 0.2974 10.6033 10.9291 10.8096
0.97716.2_0.29_5 56474.38901399399765 g 13.6334 0.0153 9.5000 16.2956 0.2974 10.6033 10.9291 10.8096
1.04116.2_0.29_5 55768.30261917979806 g 13.9345 0.0152 11.0000 16.2956 0.2974 10.4053 10.7036 10.6383
1.04116.2_0.29_5 55768.31282697660208 g 13.9204 0.0152 11.0000 16.2956 0.2974 10.4053 10.7036 10.6383
1.04116.2_0.29_5 55362.54381727660075 g 14.0589 0.0151 11.0000 16.2956 0.2974 10.4053 10.7036 10.6383
1.04116.2_0.29_5 55362.53194634569809 g 14.0736 0.0151 11.0000 16.2956 0.2974 10.4053 10.7036 10.6383
1.04116.2_0.29_5 56474.39991889629891 g 13.9932 0.0152 11.0000 16.2956 0.2974 10.4053 10.7036 10.6383
1.04116.2_0.29_5 56474.38901399399765 g 14.0358 0.0152 11.0000 16.2956 0.2974 10.4053 10.7036 10.6383
1.0608.36_0.21_5 56472.52426073470269 r 14.2211 0.0015 11.5000  8.3605 0.2143 2.3787 2.7206 2.6339
1.06016.2_0.29_5 55016.56048991029820 g 14.1282 0.0151 11.5000 16.2956 0.2974 10.3577 10.6698 10.5591
1.06016.2_0.29_5 55016.55041985779826 g 14.1654 0.0151 11.5000 16.2956 0.2974 10.3577 10.6698 10.5591
1.06016.2_0.29_5 55362.54381727660075 g 13.9963 0.0152 11.5000 16.2956 0.2974 10.3577 10.6698 10.5591
1.06016.2_0.29_5 55362.53194634569809 g 13.9928 0.0152 11.5000 16.2956 0.2974 10.3577 10.6698 10.5591
1.06016.2_0.29_5 56478.36156450780254 g 13.9029 0.0152 11.5000 16.2956 0.2974 10.3577 10.6698 10.5591
1.06016.2_0.29_5 56478.37235963610146 g 13.9057 0.0152 11.5000 16.2956 0.2974 10.3577 10.6698 10.5591
1.06016.2_0.29_5 56474.39991889629891 g 13.7232 0.0152 11.5000 16.2956 0.2974 10.3577 10.6698 10.5591
1.06016.2_0.29_5 56474.38901399399765 g 13.7533 0.0152 11.5000 16.2956 0.2974 10.3577 10.6698 10.5591
1.07916.2_0.29_5 55388.31848873649869 g 13.9937 0.0152 12.0000 16.2956 0.2974 10.2944 10.5997 10.4948
1.07916.2_0.29_5 55388.31924717500078 g 13.9543 0.0152 12.0000 16.2956 0.2974 10.2944 10.5997 10.4948
1.07916.2_0.29_5 55388.30706894869945 g 13.9674 0.0152 12.0000 16.2956 0.2974 10.2944 10.5997 10.4948
1.07916.2_0.29_5 55768.30261917979806 g 13.6228 0.0153 12.0000 16.2956 0.2974 10.2944 10.5997 10.4948
1.07916.2_0.29_5 55768.31282697660208 g 13.6197 0.0153 12.0000 16.2956 0.2974 10.2944 10.5997 10.4948
1.07916.2_0.29_5 55016.56048991029820 g 13.8978 0.0152 12.0000 16.2956 0.2974 10.2944 10.5997 10.4948
1.07916.2_0.29_5 55016.55041985779826 g 13.8935 0.0152 12.0000 16.2956 0.2974 10.2944 10.5997 10.4948
1.07916.2_0.29_5 55388.30628682769748 g 13.9834 0.0152 12.0000 16.2956 0.2974 10.2944 10.5997 10.4948
1.07916.2_0.29_5 55362.54381727660075 g 14.0616 0.0151 12.0000 16.2956 0.2974 10.2944 10.5997 10.4948
1.07916.2_0.29_5 55362.53194634569809 g 14.0724 0.0151 12.0000 16.2956 0.2974 10.2944 10.5997 10.4948
1.07916.2_0.29_5 56478.36156450780254 g 14.0438 0.0152 12.0000 16.2956 0.2974 10.2944 10.5997 10.4948
1.07916.2_0.29_5 56478.37235963610146 g 14.0445 0.0152 12.0000 16.2956 0.2974 10.2944 10.5997 10.4948
1.0968.36_0.21_5 56170.36180769049679 r 15.1107 0.0024 12.5000  8.3605 0.2143 2.2861 2.6018 2.4919
1.09616.2_0.29_5 55768.30261917979806 g 14.0553 0.0151 12.5000 16.2956 0.2974 10.2500 10.5564 10.4518
1.09616.2_0.29_5 55768.31282697660208 g 14.0765 0.0151 12.5000 16.2956 0.2974 10.2500 10.5564 10.4518
1.09616.2_0.29_5 55016.56048991029820 g 13.9285 0.0152 12.5000 16.2956 0.2974 10.2500 10.5564 10.4518
1.09616.2_0.29_5 55016.55041985779826 g 13.9261 0.0152 12.5000 16.2956 0.2974 10.2500 10.5564 10.4518
1.09616.2_0.29_5 56478.36156450780254 g 13.8131 0.0152 12.5000 16.2956 0.2974 10.2500 10.5564 10.4518
1.09616.2_0.29_5 56478.37235963610146 g 13.8152 0.0152 12.5000 16.2956 0.2974 10.2500 10.5564 10.4518
1.1138.36_0.21_5 55365.58137064560287 r 20.3282 0.0811 13.0000  8.3605 0.2143 2.2249 2.5572 2.4563
1.11316.2_0.29_5 55388.31848873649869 g 13.9017 0.0152 13.0000 16.2956 0.2974 10.1991 10.5073 10.4001
1.11316.2_0.29_5 55388.31924717500078 g 13.9345 0.0152 13.0000 16.2956 0.2974 10.1991 10.5073 10.4001
1.11316.2_0.29_5 55388.30706894869945 g 13.9112 0.0152 13.0000 16.2956 0.2974 10.1991 10.5073 10.4001
1.11316.2_0.29_5 55768.30261917979806 g 13.5038 0.0153 13.0000 16.2956 0.2974 10.1991 10.5073 10.4001
1.11316.2_0.29_5 55768.31282697660208 g 13.5091 0.0153 13.0000 16.2956 0.2974 10.1991 10.5073 10.4001
1.11316.2_0.29_5 55388.30628682769748 g 13.9128 0.0152 13.0000 16.2956 0.2974 10.1991 10.5073 10.4001
1.11316.2_0.29_5 55362.54381727660075 g 13.9206 0.0152 13.0000 16.2956 0.2974 10.1991 10.5073 10.4001
1.11316.2_0.29_5 55362.53194634569809 g 13.9134 0.0152 13.0000 16.2956 0.2974 10.1991 10.5073 10.4001
1.11316.2_0.29_5 56478.36156450780254 g 13.6736 0.0152 13.0000 16.2956 0.2974 10.1991 10.5073 10.4001
1.11316.2_0.29_5 56478.37235963610146 g 13.6640 0.0152 13.0000 16.2956 0.2974 10.1991 10.5073 10.4001
1.1308.36_0.21_5 55768.32427679019747 r 19.9331 0.0598 13.5000  8.3605 0.2143 2.1458 2.5224 2.4153
1.1308.36_0.21_5 56136.41466761929769 r 15.0193 0.0023 13.5000  8.3605 0.2143 2.1458 2.5224 2.4153
1.13016.2_0.29_5 55388.31848873649869 g 13.6602 0.0152 13.5000 16.2956 0.2974 10.1314 10.4698 10.3537
1.13016.2_0.29_5 55388.31924717500078 g 13.7040 0.0152 13.5000 16.2956 0.2974 10.1314 10.4698 10.3537
1.13016.2_0.29_5 55388.30706894869945 g 13.6934 0.0152 13.5000 16.2956 0.2974 10.1314 10.4698 10.3537
1.13016.2_0.29_5 55388.30628682769748 g 13.6834 0.0152 13.5000 16.2956 0.2974 10.1314 10.4698 10.3537
1.13016.2_0.29_5 56478.36156450780254 g 13.7474 0.0152 13.5000 16.2956 0.2974 10.1314 10.4698 10.3537
1.13016.2_0.29_5 56478.37235963610146 g 13.7636 0.0152 13.5000 16.2956 0.2974 10.1314 10.4698 10.3537
1.1468.36_0.21_5 56472.53448307189683 r 16.2205 0.0045 14.0000  8.3605 0.2143 2.1203 2.4622 2.3496
1.1468.36_0.21_5 56136.41466761929769 r 21.7979 0.2605 14.0000  8.3605 0.2143 2.1203 2.4622 2.3496
1.14616.2_0.29_5 55388.31848873649869 g 13.8427 0.0152 14.0000 16.2956 0.2974 10.0777 10.4043 10.2999
1.14616.2_0.29_5 55388.31924717500078 g 13.8674 0.0152 14.0000 16.2956 0.2974 10.0777 10.4043 10.2999
1.14616.2_0.29_5 55388.30706894869945 g 13.8552 0.0152 14.0000 16.2956 0.2974 10.0777 10.4043 10.2999
1.14616.2_0.29_5 55768.31282697660208 g 13.5066 0.0153 14.0000 16.2956 0.2974 10.0777 10.4043 10.2999
1.14616.2_0.29_5 55388.30628682769748 g 13.8181 0.0152 14.0000 16.2956 0.2974 10.0777 10.4043 10.2999
1.14616.2_0.29_5 55362.54381727660075 g 13.5026 0.0153 14.0000 16.2956 0.2974 10.0777 10.4043 10.2999
1.14616.2_0.29_5 56478.36156450780254 g 13.9270 0.0152 14.0000 16.2956 0.2974 10.0777 10.4043 10.2999
1.14616.2_0.29_5 56478.37235963610146 g 13.9214 0.0152 14.0000 16.2956 0.2974 10.0777 10.4043 10.2999
1.1618.36_0.21_5 55768.32427679019747 r 18.7712 0.0251 14.5000  8.3605 0.2143 2.0702 2.3881 2.3266
1.16116.2_0.29_5 55388.31848873649869 g 13.9991 0.0152 14.5000 16.2956 0.2974 10.0395 10.3719 10.2630
1.16116.2_0.29_5 55388.31924717500078 g 14.0030 0.0152 14.5000 16.2956 0.2974 10.0395 10.3719 10.2630
1.16116.2_0.29_5 55388.30706894869945 g 14.0379 0.0152 14.5000 16.2956 0.2974 10.0395 10.3719 10.2630
1.16116.2_0.29_5 55768.30261917979806 g 13.5473 0.0153 14.5000 16.2956 0.2974 10.0395 10.3719 10.2630
1.16116.2_0.29_5 55768.31282697660208 g 13.5411 0.0153 14.5000 16.2956 0.2974 10.0395 10.3719 10.2630
1.16116.2_0.29_5 55388.30628682769748 g 14.0112 0.0152 14.5000 16.2956 0.2974 10.0395 10.3719 10.2630
1.16116.2_0.29_5 55362.53194634569809 g 13.5069 0.0153 14.5000 16.2956 0.2974 10.0395 10.3719 10.2630
1.16116.2_0.29_5 56478.36156450780254 g 13.7396 0.0152 14.5000 16.2956 0.2974 10.0395 10.3719 10.2630
1.16116.2_0.29_5 56478.37235963610146 g 13.7128 0.0152 14.5000 16.2956 0.2974 10.0395 10.3719 10.2630
1.16116.2_0.29_5 56474.39991889629891 g 13.7806 0.0152 14.5000 16.2956 0.2974 10.0395 10.3719 10.2630
1.16116.2_0.29_5 56474.38901399399765 g 13.7799 0.0152 14.5000 16.2956 0.2974 10.0395 10.3719 10.2630
1.17616.2_0.29_5 55768.30261917979806 g 13.9213 0.0152 15.0000 16.2956 0.2974 9.9971 10.3272 10.2265
1.17616.2_0.29_5 55768.31282697660208 g 13.9238 0.0152 15.0000 16.2956 0.2974 9.9971 10.3272 10.2265
1.17616.2_0.29_5 55016.56048991029820 g 13.8723 0.0152 15.0000 16.2956 0.2974 9.9971 10.3272 10.2265
1.17616.2_0.29_5 55016.55041985779826 g 13.8803 0.0152 15.0000 16.2956 0.2974 9.9971 10.3272 10.2265
1.17616.2_0.29_5 55362.54381727660075 g 13.9769 0.0152 15.0000 16.2956 0.2974 9.9971 10.3272 10.2265
1.17616.2_0.29_5 55362.53194634569809 g 13.9667 0.0152 15.0000 16.2956 0.2974 9.9971 10.3272 10.2265
1.17616.2_0.29_5 56474.39991889629891 g 13.7551 0.0152 15.0000 16.2956 0.2974 9.9971 10.3272 10.2265
1.17616.2_0.29_5 56474.38901399399765 g 13.8076 0.0152 15.0000 16.2956 0.2974 9.9971 10.3272 10.2265
1.19016.2_0.29_5 55768.30261917979806 g 13.6517 0.0153 15.5000 16.2956 0.2974 9.9530 10.2630 10.1894
1.19016.2_0.29_5 55768.31282697660208 g 13.6284 0.0153 15.5000 16.2956 0.2974 9.9530 10.2630 10.1894
1.2048.36_0.21_5 55768.33408241209690 r 17.1896 0.0084 16.0000  8.3605 0.2143 1.9302 2.2809 2.1904
1.20416.2_0.29_5 55388.31848873649869 g 13.6366 0.0153 16.0000 16.2956 0.2974 9.9187 10.2242 10.1344
1.20416.2_0.29_5 55388.31924717500078 g 13.6116 0.0153 16.0000 16.2956 0.2974 9.9187 10.2242 10.1344
1.20416.2_0.29_5 55388.30706894869945 g 13.6266 0.0153 16.0000 16.2956 0.2974 9.9187 10.2242 10.1344
1.20416.2_0.29_5 55388.30628682769748 g 13.6300 0.0153 16.0000 16.2956 0.2974 9.9187 10.2242 10.1344
1.20416.2_0.29_5 56478.36156450780254 g 13.7850 0.0152 16.0000 16.2956 0.2974 9.9187 10.2242 10.1344
1.20416.2_0.29_5 56478.37235963610146 g 13.7601 0.0152 16.0000 16.2956 0.2974 9.9187 10.2242 10.1344
1.2178.36_0.21_5 56170.35215328109916 r 18.4562 0.0200 16.5000  8.3605 0.2143 1.9036 2.2624 2.1444
1.21716.2_0.29_5 56474.39991889629891 g 13.6850 0.0152 16.5000 16.2956 0.2974 9.8682 10.2001 10.0859
1.21716.2_0.29_5 56474.38901399399765 g 13.6783 0.0152 16.5000 16.2956 0.2974 9.8682 10.2001 10.0859
1.23016.2_0.29_5 55768.30261917979806 g 13.9575 0.0152 17.0000 16.2956 0.2974 9.8265 10.1531 10.0482
1.23016.2_0.29_5 55768.31282697660208 g 13.9289 0.0152 17.0000 16.2956 0.2974 9.8265 10.1531 10.0482
1.23016.2_0.29_5 55362.54381727660075 g 13.6225 0.0153 17.0000 16.2956 0.2974 9.8265 10.1531 10.0482
1.23016.2_0.29_5 55362.53194634569809 g 13.5943 0.0153 17.0000 16.2956 0.2974 9.8265 10.1531 10.0482
1.2438.36_0.21_5 55365.58137064560287 r 18.2781 0.0176 17.5000  8.3605 0.2143 1.8294 2.1836 2.0766
1.24316.2_0.29_5 55388.31848873649869 g 13.6317 0.0153 17.5000 16.2956 0.2974 9.8102 10.1315 10.0166
1.24316.2_0.29_5 55388.31924717500078 g 13.6466 0.0153 17.5000 16.2956 0.2974 9.8102 10.1315 10.0166
1.24316.2_0.29_5 55388.30706894869945 g 13.6435 0.0153 17.5000 16.2956 0.2974 9.8102 10.1315 10.0166
1.24316.2_0.29_5 55388.30628682769748 g 13.6199 0.0153 17.5000 16.2956 0.2974 9.8102 10.1315 10.0166
1.24316.2_0.29_5 56474.39991889629891 g 13.7062 0.0152 17.5000 16.2956 0.2974 9.8102 10.1315 10.0166
1.24316.2_0.29_5 56474.38901399399765 g 13.6837 0.0152 17.5000 16.2956 0.2974 9.8102 10.1315 10.0166
1.2678.36_0.21_5 55768.32427679019747 r 16.8859 0.0068 18.5000  8.3605 0.2143 1.7545 2.1013 1.9879
1.26716.2_0.29_5 55362.54381727660075 g 13.5923 0.0153 18.5000 16.2956 0.2974 9.7125 10.0434 9.9229
1.26716.2_0.29_5 55362.53194634569809 g 13.5748 0.0153 18.5000 16.2956 0.2974 9.7125 10.0434 9.9229
1.26716.2_0.29_5 56474.39991889629891 g 13.6822 0.0152 18.5000 16.2956 0.2974 9.7125 10.0434 9.9229
1.26716.2_0.29_5 56474.38901399399765 g 13.6952 0.0152 18.5000 16.2956 0.2974 9.7125 10.0434 9.9229
1.27816.2_0.29_5 55362.54381727660075 g 13.6700 0.0152 19.0000 16.2956 0.2974 9.6781 9.9965 9.8926
1.27816.2_0.29_5 55362.53194634569809 g 13.6905 0.0152 19.0000 16.2956 0.2974 9.6781 9.9965 9.8926
1.29016.2_0.29_5 55768.30261917979806 g 13.5348 0.0153 19.5000 16.2956 0.2974 9.6449 9.9775 9.8763
1.29016.2_0.29_5 55768.31282697660208 g 13.5276 0.0153 19.5000 16.2956 0.2974 9.6449 9.9775 9.8763
1.29016.2_0.29_5 55362.54381727660075 g 13.6378 0.0153 19.5000 16.2956 0.2974 9.6449 9.9775 9.8763
1.29016.2_0.29_5 55362.53194634569809 g 13.6596 0.0152 19.5000 16.2956 0.2974 9.6449 9.9775 9.8763
1.29016.2_0.29_5 56474.39991889629891 g 13.6360 0.0153 19.5000 16.2956 0.2974 9.6449 9.9775 9.8763
1.29016.2_0.29_5 56474.38901399399765 g 13.6359 0.0153 19.5000 16.2956 0.2974 9.6449 9.9775 9.8763
1.3018.36_0.21_5 55365.57011553519988 r 13.6360 0.0012 20.0000  8.3605 0.2143 1.6443 2.0160 1.9014
1.30116.2_0.29_5 55362.54381727660075 g 13.6480 0.0153 20.0000 16.2956 0.2974 9.6093 9.9443 9.8452
1.30116.2_0.29_5 55362.53194634569809 g 13.6640 0.0152 20.0000 16.2956 0.2974 9.6093 9.9443 9.8452
1.30116.2_0.29_5 56478.36156450780254 g 13.5133 0.0153 20.0000 16.2956 0.2974 9.6093 9.9443 9.8452
1.30116.2_0.29_5 56478.37235963610146 g 13.5476 0.0153 20.0000 16.2956 0.2974 9.6093 9.9443 9.8452
1.31116.2_0.29_5 55362.54381727660075 g 13.6435 0.0153 20.5000 16.2956 0.2974 9.5710 9.9193 9.8279
1.31116.2_0.29_5 55362.53194634569809 g 13.6422 0.0153 20.5000 16.2956 0.2974 9.5710 9.9193 9.8279
1.32216.2_0.29_5 55362.54381727660075 g 13.5191 0.0153 21.0000 16.2956 0.2974 9.5405 9.8775 9.7614
1.32216.2_0.29_5 55362.53194634569809 g 13.5282 0.0153 21.0000 16.2956 0.2974 9.5405 9.8775 9.7614
1.32216.2_0.29_5 56478.36156450780254 g 13.5849 0.0153 21.0000 16.2956 0.2974 9.5405 9.8775 9.7614
1.32216.2_0.29_5 56478.37235963610146 g 13.6033 0.0153 21.0000 16.2956 0.2974 9.5405 9.8775 9.7614
1.3428.36_0.21_5 56474.52886043459876 r 18.8114 0.0259 22.0000  8.3605 0.2143 1.5190 1.8885 1.7590
1.3428.36_0.21_5 54997.60503390200029 r 21.4869 0.2027 22.0000  8.3605 0.2143 1.5190 1.8885 1.7590
1.34216.2_0.29_5 55768.30261917979806 g 13.5891 0.0153 22.0000 16.2956 0.2974 9.4850 9.8365 9.6917
1.34216.2_0.29_5 55768.31282697660208 g 13.5923 0.0153 22.0000 16.2956 0.2974 9.4850 9.8365 9.6917
1.3528.36_0.21_5 56474.51902929090284 r 17.6217 0.0112 22.5000  8.3605 0.2143 1.4923 1.8220 1.7374
1.3528.36_0.21_5 56472.52426073470269 r 21.9368 0.2915 22.5000  8.3605 0.2143 1.4923 1.8220 1.7374
1.35216.2_0.29_5 55016.56048991029820 g 13.5106 0.0153 22.5000 16.2956 0.2974 9.4508 9.7965 9.6885
1.35216.2_0.29_5 55016.55041985779826 g 13.5276 0.0153 22.5000 16.2956 0.2974 9.4508 9.7965 9.6885
1.35216.2_0.29_5 56478.36156450780254 g 13.5016 0.0153 22.5000 16.2956 0.2974 9.4508 9.7965 9.6885
1.3718.36_0.21_5 55365.58137064560287 r 20.6965 0.1082 23.5000  8.3605 0.2143 1.4387 1.7991 1.6729
1.37116.2_0.29_5 55388.31848873649869 g 13.5659 0.0153 23.5000 16.2956 0.2974 9.3949 9.7141 9.6308
1.37116.2_0.29_5 55388.31924717500078 g 13.6020 0.0153 23.5000 16.2956 0.2974 9.3949 9.7141 9.6308
1.37116.2_0.29_5 55388.30706894869945 g 13.5850 0.0153 23.5000 16.2956 0.2974 9.3949 9.7141 9.6308
1.37116.2_0.29_5 55388.30628682769748 g 13.5829 0.0153 23.5000 16.2956 0.2974 9.3949 9.7141 9.6308
1.3898.36_0.21_5 55768.32427679019747 r 15.3123 0.0027 24.5000  8.3605 0.2143 1.3652 1.7388 1.6170
1.4068.36_0.21_5 54997.59279561320000 r 19.9098 0.0588 25.5000  8.3605 0.2143 1.3082 1.6992 1.5736
1.4068.36_0.21_5 56136.41466761929769 r 19.4897 0.0427 25.5000  8.3605 0.2143 1.3082 1.6992 1.5736
1.4628.36_0.21_5 55768.32427679019747 r 16.5569 0.0056 29.0000  8.3605 0.2143 1.1383 1.5006 1.3978
1.4698.36_0.21_5 56136.42449821520131 r 17.7479 0.0122 29.5000  8.3605 0.2143 1.1340 1.5084 1.3867
1.4699.54_0.28_5 54997.59279561320000 r 21.7507 0.2507 29.5000  9.5424 0.2813 2.3373 2.6797 2.5644
