# Name Epoch Band Mag eMag period DM E(B-V) KMEAN  W1MEAN W2MEAN
1.1469.43_0.099_ 55428.38709117550025 r 16.7916 0.0064 14.0000  9.4325 0.0991 3.1531 3.5171 3.4015
1.2439.43_0.099_ 55428.38709117550025 r 14.2025 0.0015 17.5000  9.4325 0.0991 2.8642 3.2306 3.1063
1.2789.43_0.099_ 55430.41597175179777 r 20.8096 0.1182 19.0000  9.4325 0.0991 2.7368 3.1144 2.9948
1.2789.43_0.099_ 55431.52162292889989 r 15.0547 0.0023 19.0000  9.4325 0.0991 2.7368 3.1144 2.9948
1.2909.43_0.099_ 56523.53374710479693 r 13.5524 0.0012 19.5000  9.4325 0.0991 2.7189 3.0721 2.9804
1.2909.43_0.099_ 55448.32379092789779 r 14.1298 0.0015 19.5000  9.4325 0.0991 2.7189 3.0721 2.9804
1.2909.43_0.099_ 55448.33560747979936 r 14.0224 0.0014 19.5000  9.4325 0.0991 2.7189 3.0721 2.9804
1.3119.43_0.099_ 55797.50809598850174 r 18.0061 0.0146 20.5000  9.4325 0.0991 2.6397 3.0070 2.9163
1.3119.43_0.099_ 55797.51180409779772 r 15.0495 0.0023 20.5000  9.4325 0.0991 2.6397 3.0070 2.9163
1.3119.43_0.099_ 55428.38709117550025 r 14.0384 0.0014 20.5000  9.4325 0.0991 2.6397 3.0070 2.9163
1.3229.43_0.099_ 55428.38709117550025 r 20.7486 0.1127 21.0000  9.4325 0.0991 2.6042 2.9829 2.8867
1.3329.43_0.099_ 55428.38709117550025 r 18.7246 0.0243 21.5000  9.4325 0.0991 2.5629 2.9594 2.8363
1.3429.43_0.099_ 55431.50949412630143 r 19.5138 0.0435 22.0000  9.4325 0.0991 2.5200 2.9217 2.8092
1.3619.43_0.099_ 55797.49699584580230 r 20.2208 0.0747 23.0000  9.4325 0.0991 2.4842 2.8685 2.7576
1.3619.43_0.099_ 55431.50949412630143 r 19.5771 0.0457 23.0000  9.4325 0.0991 2.4842 2.8685 2.7576
1.3719.43_0.099_ 55431.52162292889989 r 21.2491 0.1675 23.5000  9.4325 0.0991 2.4544 2.8451 2.7115
1.3899.43_0.099_ 55802.39279683730274 r 17.2514 0.0087 24.5000  9.4325 0.0991 2.3941 2.7969 2.6675
1.3899.43_0.099_ 55802.38168691779720 r 15.4421 0.0029 24.5000  9.4325 0.0991 2.3941 2.7969 2.6675
1.3979.43_0.099_ 55431.52162292889989 r 18.2048 0.0167 25.0000  9.4325 0.0991 2.3854 2.7662 2.6578
1.4069.43_0.099_ 55431.52162292889989 r 18.0250 0.0147 25.5000  9.4325 0.0991 2.3344 2.7477 2.6192
1.4149.43_0.099_ 56155.49059824590222 r 13.5318 0.0011 26.0000  9.4325 0.0991 2.3269 2.7052 2.5908
1.4149.43_0.099_ 56523.53374710479693 r 14.9975 0.0023 26.0000  9.4325 0.0991 2.3269 2.7052 2.5908
1.4149.43_0.099_ 55431.50949412630143 r 15.8056 0.0035 26.0000  9.4325 0.0991 2.3269 2.7052 2.5908
1.4239.43_0.099_ 56155.49059824590222 r 14.2915 0.0016 26.5000  9.4325 0.0991 2.3061 2.6828 2.5608
1.4239.43_0.099_ 55431.50949412630143 r 21.6453 0.2302 26.5000  9.4325 0.0991 2.3061 2.6828 2.5608
1.4239.43_0.099_ 55431.52162292889989 r 22.4010 0.4258 26.5000  9.4325 0.0991 2.3061 2.6828 2.5608
1.4319.43_0.099_ 56155.49059824590222 r 20.5427 0.0959 27.0000  9.4325 0.0991 2.2442 2.6467 2.5246
1.4319.43_0.099_ 55431.52162292889989 r 13.6796 0.0012 27.0000  9.4325 0.0991 2.2442 2.6467 2.5246
1.4479.43_0.099_ 55797.49699584580230 r 13.5401 0.0011 28.0000  9.4325 0.0991 2.2386 2.6212 2.4893
1.4479.43_0.099_ 55797.50117536530161 r 14.8164 0.0020 28.0000  9.4325 0.0991 2.2386 2.6212 2.4893
1.4779.43_0.099_ 55797.50809598850174 r 20.4229 0.0873 30.0000  9.4325 0.0991 2.1342 2.5381 2.4116
1.4779.43_0.099_ 55797.50117536530161 r 15.0342 0.0023 30.0000  9.4325 0.0991 2.1342 2.5381 2.4116
