# Name Epoch Band Mag eMag period DM E(B-V) KMEAN  W1MEAN W2MEAN
0.47713.0_1.2_48 55901.30829927139712 g 13.7204 0.0152 3.0000 13.0533 1.2244 9.2703 9.3542 9.2469
0.47713.4_1.2_48 55901.30829927139712 g 14.4844 0.0150 3.0000 13.4062 1.2968 9.6405 9.7187 9.6129
0.47713.8_1.3_48 55901.30829927139712 g 14.8378 0.0149 3.0000 13.8543 1.3102 10.0850 10.1654 10.0607
0.47714.3_1.3_48 55901.30829927139712 g 15.6215 0.0150 3.0000 14.3077 1.3799 10.5629 10.6234 10.5218
0.47714.3_1.3_48 55901.30829927139712 r 14.1294 0.0015 3.0000 14.3077 1.3799 10.5629 10.6234 10.5218
0.47714.3_1.3_48 55901.30829927139712 i 13.7001 0.0152 3.0000 14.3077 1.3799 10.5629 10.6234 10.5218
0.47714.7_1.4_48 55901.30829927139712 g 16.2019 0.0155 3.0000 14.7784 1.4174 11.0432 11.1082 10.9895
0.47714.7_1.4_48 55901.30829927139712 r 14.6789 0.0019 3.0000 14.7784 1.4174 11.0432 11.1082 10.9895
0.47714.7_1.4_48 55901.30829927139712 i 14.2463 0.0148 3.0000 14.7784 1.4174 11.0432 11.1082 10.9895
0.47715.2_1.4_48 55901.30829927139712 g 16.8767 0.0169 3.0000 15.2692 1.4843 11.5761 11.6239 11.5143
0.47715.2_1.4_48 55901.30829927139712 r 15.3057 0.0027 3.0000 15.2692 1.4843 11.5761 11.6239 11.5143
0.47715.2_1.4_48 55901.30829927139712 i 14.8223 0.0146 3.0000 15.2692 1.4843 11.5761 11.6239 11.5143
0.47715.2_1.4_48 55901.30829927139712 z 14.0743 0.0146 3.0000 15.2692 1.4843 11.5761 11.6239 11.5143
0.47715.2_1.4_48 55901.30829927139712 y 13.7863 0.0149 3.0000 15.2692 1.4843 11.5761 11.6239 11.5143
0.47715.8_1.5_48 55901.30829927139712 g 17.7710 0.0207 3.0000 15.8098 1.5888 12.1455 12.1759 12.0662
0.47715.8_1.5_48 55901.30829927139712 r 16.0857 0.0042 3.0000 15.8098 1.5888 12.1455 12.1759 12.0662
0.47715.8_1.5_48 55901.30829927139712 i 15.6245 0.0150 3.0000 15.8098 1.5888 12.1455 12.1759 12.0662
0.47715.8_1.5_48 55901.30829927139712 z 14.7701 0.0148 3.0000 15.8098 1.5888 12.1455 12.1759 12.0662
0.47715.8_1.5_48 55901.30829927139712 y 14.4327 0.0157 3.0000 15.8098 1.5888 12.1455 12.1759 12.0662
0.54413.0_1.2_48 55901.30829927139712 g 13.7588 0.0152 3.5000 13.0533 1.2244 9.0568 9.1455 9.0325
0.54413.4_1.2_48 55901.30829927139712 g 14.3764 0.0150 3.5000 13.4062 1.2968 9.4287 9.5003 9.4038
0.54413.8_1.3_48 55901.30829927139712 g 14.8413 0.0149 3.5000 13.8543 1.3102 9.8873 9.9646 9.8682
0.54414.3_1.3_48 55901.30829927139712 g 15.3498 0.0149 3.5000 14.3077 1.3799 10.3537 10.4230 10.3151
0.54414.3_1.3_48 55901.30829927139712 r 13.8874 0.0013 3.5000 14.3077 1.3799 10.3537 10.4230 10.3151
0.54414.3_1.3_48 55901.30829927139712 i 13.5126 0.0154 3.5000 14.3077 1.3799 10.3537 10.4230 10.3151
0.54414.7_1.4_48 55901.30829927139712 g 16.0439 0.0153 3.5000 14.7784 1.4174 10.8451 10.9037 10.8099
0.54414.7_1.4_48 55901.30829927139712 r 14.4983 0.0017 3.5000 14.7784 1.4174 10.8451 10.9037 10.8099
0.54414.7_1.4_48 55901.30829927139712 i 14.1433 0.0149 3.5000 14.7784 1.4174 10.8451 10.9037 10.8099
0.54415.2_1.4_48 55901.30829927139712 g 16.8937 0.0169 3.5000 15.2692 1.4843 11.3549 11.4234 11.3145
0.54415.2_1.4_48 55901.30829927139712 r 15.2522 0.0026 3.5000 15.2692 1.4843 11.3549 11.4234 11.3145
0.54415.2_1.4_48 55901.30829927139712 i 14.7758 0.0146 3.5000 15.2692 1.4843 11.3549 11.4234 11.3145
0.54415.2_1.4_48 55901.30829927139712 z 13.9639 0.0146 3.5000 15.2692 1.4843 11.3549 11.4234 11.3145
0.54415.2_1.4_48 55901.30829927139712 y 13.6282 0.0148 3.5000 15.2692 1.4843 11.3549 11.4234 11.3145
0.54415.8_1.5_48 55901.30829927139712 g 17.6116 0.0198 3.5000 15.8098 1.5888 11.9406 11.9981 11.8457
0.54415.8_1.5_48 55901.30829927139712 r 15.9298 0.0038 3.5000 15.8098 1.5888 11.9406 11.9981 11.8457
0.54415.8_1.5_48 55901.30829927139712 i 15.4438 0.0148 3.5000 15.8098 1.5888 11.9406 11.9981 11.8457
0.54415.8_1.5_48 55901.30829927139712 z 14.5294 0.0147 3.5000 15.8098 1.5888 11.9406 11.9981 11.8457
0.54415.8_1.5_48 55901.30829927139712 y 14.2680 0.0155 3.5000 15.8098 1.5888 11.9406 11.9981 11.8457
0.60213.0_1.2_48 55901.30829927139712 g 13.5068 0.0153 4.0000 13.0533 1.2244 8.8746 8.9675 8.8834
0.60213.4_1.2_48 55901.30829927139712 g 14.2325 0.0151 4.0000 13.4062 1.2968 9.2431 9.3524 9.2541
0.60213.8_1.3_48 55901.30829927139712 g 14.7338 0.0149 4.0000 13.8543 1.3102 9.7060 9.7704 9.6746
0.60214.3_1.3_48 55901.30829927139712 g 15.4296 0.0149 4.0000 14.3077 1.3799 10.1935 10.2702 10.1458
0.60214.3_1.3_48 55901.30829927139712 r 13.8841 0.0013 4.0000 14.3077 1.3799 10.1935 10.2702 10.1458
0.60214.3_1.3_48 55901.30829927139712 i 13.5012 0.0154 4.0000 14.3077 1.3799 10.1935 10.2702 10.1458
0.60214.7_1.4_48 55901.30829927139712 g 16.0748 0.0153 4.0000 14.7784 1.4174 10.6966 10.7446 10.6356
0.60214.7_1.4_48 55901.30829927139712 r 14.4683 0.0017 4.0000 14.7784 1.4174 10.6966 10.7446 10.6356
0.60214.7_1.4_48 55901.30829927139712 i 14.0235 0.0150 4.0000 14.7784 1.4174 10.6966 10.7446 10.6356
0.60215.2_1.4_48 55901.30829927139712 g 16.7635 0.0166 4.0000 15.2692 1.4843 11.1940 11.2280 11.1282
0.60215.2_1.4_48 55901.30829927139712 r 15.1262 0.0024 4.0000 15.2692 1.4843 11.1940 11.2280 11.1282
0.60215.2_1.4_48 55901.30829927139712 i 14.6110 0.0146 4.0000 15.2692 1.4843 11.1940 11.2280 11.1282
0.60215.2_1.4_48 55901.30829927139712 z 13.7243 0.0147 4.0000 15.2692 1.4843 11.1940 11.2280 11.1282
0.60215.8_1.5_48 55901.30829927139712 g 17.5922 0.0197 4.0000 15.8098 1.5888 11.7600 11.8001 11.6798
0.60215.8_1.5_48 55901.30829927139712 r 15.8887 0.0037 4.0000 15.8098 1.5888 11.7600 11.8001 11.6798
0.60215.8_1.5_48 55901.30829927139712 i 15.3812 0.0147 4.0000 15.8098 1.5888 11.7600 11.8001 11.6798
0.60215.8_1.5_48 55901.30829927139712 z 14.4257 0.0146 4.0000 15.8098 1.5888 11.7600 11.8001 11.6798
0.60215.8_1.5_48 55901.30829927139712 y 14.1367 0.0153 4.0000 15.8098 1.5888 11.7600 11.8001 11.6798
0.65313.0_1.2_48 55901.30829927139712 g 13.6089 0.0153 4.5000 13.0533 1.2244 8.7242 8.8242 8.7150
0.65313.4_1.2_48 55901.30829927139712 g 14.0123 0.0152 4.5000 13.4062 1.2968 9.0986 9.2056 9.0631
0.65313.8_1.3_48 55901.30829927139712 g 14.6820 0.0149 4.5000 13.8543 1.3102 9.5499 9.6367 9.5213
0.65314.3_1.3_48 55901.30829927139712 g 15.2979 0.0149 4.5000 14.3077 1.3799 10.0363 10.1069 9.9966
0.65314.3_1.3_48 55901.30829927139712 r 13.7321 0.0012 4.5000 14.3077 1.3799 10.0363 10.1069 9.9966
0.65314.7_1.4_48 55901.30829927139712 g 15.8463 0.0151 4.5000 14.7784 1.4174 10.5185 10.5692 10.4669
0.65314.7_1.4_48 55901.30829927139712 r 14.2561 0.0016 4.5000 14.7784 1.4174 10.5185 10.5692 10.4669
0.65314.7_1.4_48 55901.30829927139712 i 13.8496 0.0151 4.5000 14.7784 1.4174 10.5185 10.5692 10.4669
0.65315.2_1.4_48 55901.30829927139712 g 16.5714 0.0161 4.5000 15.2692 1.4843 11.0271 11.0937 10.9541
0.65315.2_1.4_48 55901.30829927139712 r 14.9077 0.0021 4.5000 15.2692 1.4843 11.0271 11.0937 10.9541
0.65315.2_1.4_48 55901.30829927139712 i 14.4841 0.0147 4.5000 15.2692 1.4843 11.0271 11.0937 10.9541
0.65315.2_1.4_48 55901.30829927139712 z 13.6157 0.0147 4.5000 15.2692 1.4843 11.0271 11.0937 10.9541
0.65315.8_1.5_48 55901.30829927139712 g 17.5128 0.0193 4.5000 15.8098 1.5888 11.5911 11.6249 11.5254
0.65315.8_1.5_48 55901.30829927139712 r 15.7476 0.0034 4.5000 15.8098 1.5888 11.5911 11.6249 11.5254
0.65315.8_1.5_48 55901.30829927139712 i 15.2547 0.0146 4.5000 15.8098 1.5888 11.5911 11.6249 11.5254
0.65315.8_1.5_48 55901.30829927139712 z 14.2845 0.0146 4.5000 15.8098 1.5888 11.5911 11.6249 11.5254
0.65315.8_1.5_48 55901.30829927139712 y 13.9610 0.0151 4.5000 15.8098 1.5888 11.5911 11.6249 11.5254
0.69813.4_1.2_48 55901.30829927139712 g 13.9695 0.0152 5.0000 13.4062 1.2968 8.9456 9.0495 8.9430
0.69813.8_1.3_48 55901.30829927139712 g 14.5327 0.0150 5.0000 13.8543 1.3102 9.4164 9.4839 9.3982
0.69814.3_1.3_48 55901.30829927139712 g 15.2583 0.0148 5.0000 14.3077 1.3799 9.8711 9.9777 9.8527
0.69814.3_1.3_48 55901.30829927139712 r 13.6644 0.0012 5.0000 14.3077 1.3799 9.8711 9.9777 9.8527
0.69814.7_1.4_48 55901.30829927139712 g 15.7016 0.0150 5.0000 14.7784 1.4174 10.3713 10.4390 10.3170
0.69814.7_1.4_48 55901.30829927139712 r 14.1006 0.0015 5.0000 14.7784 1.4174 10.3713 10.4390 10.3170
0.69814.7_1.4_48 55901.30829927139712 i 13.7781 0.0152 5.0000 14.7784 1.4174 10.3713 10.4390 10.3170
0.69815.2_1.4_48 55901.30829927139712 g 16.6249 0.0162 5.0000 15.2692 1.4843 10.8741 10.9533 10.8121
0.69815.2_1.4_48 55901.30829927139712 r 14.9237 0.0022 5.0000 15.2692 1.4843 10.8741 10.9533 10.8121
0.69815.2_1.4_48 55901.30829927139712 i 14.4270 0.0147 5.0000 15.2692 1.4843 10.8741 10.9533 10.8121
0.69815.2_1.4_48 55901.30829927139712 z 13.5748 0.0147 5.0000 15.2692 1.4843 10.8741 10.9533 10.8121
0.69815.8_1.5_48 55901.30829927139712 g 17.4928 0.0192 5.0000 15.8098 1.5888 11.4729 11.5134 11.3775
0.69815.8_1.5_48 55901.30829927139712 r 15.7024 0.0033 5.0000 15.8098 1.5888 11.4729 11.5134 11.3775
0.69815.8_1.5_48 55901.30829927139712 i 15.2017 0.0146 5.0000 15.8098 1.5888 11.4729 11.5134 11.3775
0.69815.8_1.5_48 55901.30829927139712 z 14.2313 0.0146 5.0000 15.8098 1.5888 11.4729 11.5134 11.3775
0.69815.8_1.5_48 55901.30829927139712 y 13.8831 0.0150 5.0000 15.8098 1.5888 11.4729 11.5134 11.3775
0.74013.4_1.2_48 55901.30829927139712 g 13.9392 0.0152 5.5000 13.4062 1.2968 8.8285 8.9247 8.7952
0.74013.8_1.3_48 55901.30829927139712 g 14.4678 0.0150 5.5000 13.8543 1.3102 9.2894 9.3739 9.2513
0.74014.3_1.3_48 55901.30829927139712 g 15.1827 0.0148 5.5000 14.3077 1.3799 9.7696 9.8500 9.7215
0.74014.3_1.3_48 55901.30829927139712 r 13.5575 0.0012 5.5000 14.3077 1.3799 9.7696 9.8500 9.7215
0.74014.7_1.4_48 55901.30829927139712 g 15.6869 0.0150 5.5000 14.7784 1.4174 10.2653 10.3328 10.1891
0.74014.7_1.4_48 55901.30829927139712 r 14.0465 0.0014 5.5000 14.7784 1.4174 10.2653 10.3328 10.1891
0.74014.7_1.4_48 55901.30829927139712 i 13.5933 0.0153 5.5000 14.7784 1.4174 10.2653 10.3328 10.1891
0.74015.2_1.4_48 55901.30829927139712 g 16.5113 0.0160 5.5000 15.2692 1.4843 10.7712 10.8232 10.6826
0.74015.2_1.4_48 55901.30829927139712 r 14.7907 0.0020 5.5000 15.2692 1.4843 10.7712 10.8232 10.6826
0.74015.2_1.4_48 55901.30829927139712 i 14.3090 0.0147 5.5000 15.2692 1.4843 10.7712 10.8232 10.6826
0.74015.8_1.5_48 55901.30829927139712 g 17.3543 0.0186 5.5000 15.8098 1.5888 11.3638 11.3931 11.2538
0.74015.8_1.5_48 55901.30829927139712 r 15.5205 0.0030 5.5000 15.8098 1.5888 11.3638 11.3931 11.2538
0.74015.8_1.5_48 55901.30829927139712 i 14.9879 0.0146 5.5000 15.8098 1.5888 11.3638 11.3931 11.2538
0.74015.8_1.5_48 55901.30829927139712 z 14.0959 0.0146 5.5000 15.8098 1.5888 11.3638 11.3931 11.2538
0.74015.8_1.5_48 55901.30829927139712 y 13.7474 0.0149 5.5000 15.8098 1.5888 11.3638 11.3931 11.2538
0.77813.4_1.2_48 55901.30829927139712 g 13.8861 0.0152 6.0000 13.4062 1.2968 8.7218 8.8024 8.6953
0.77813.8_1.3_48 55901.30829927139712 g 14.5291 0.0150 6.0000 13.8543 1.3102 9.1531 9.2466 9.1424
0.77814.3_1.3_48 55901.30829927139712 g 15.0759 0.0148 6.0000 14.3077 1.3799 9.6313 9.7288 9.6173
0.77814.7_1.4_48 55901.30829927139712 g 15.7607 0.0150 6.0000 14.7784 1.4174 10.1413 10.1779 10.0822
0.77814.7_1.4_48 55901.30829927139712 r 14.0811 0.0014 6.0000 14.7784 1.4174 10.1413 10.1779 10.0822
0.77814.7_1.4_48 55901.30829927139712 i 13.6461 0.0153 6.0000 14.7784 1.4174 10.1413 10.1779 10.0822
0.77815.2_1.4_48 55901.30829927139712 g 16.3892 0.0158 6.0000 15.2692 1.4843 10.6424 10.7204 10.5864
0.77815.2_1.4_48 55901.30829927139712 r 14.6557 0.0019 6.0000 15.2692 1.4843 10.6424 10.7204 10.5864
0.77815.2_1.4_48 55901.30829927139712 i 14.1805 0.0148 6.0000 15.2692 1.4843 10.6424 10.7204 10.5864
0.77815.8_1.5_48 55901.30829927139712 g 17.2816 0.0183 6.0000 15.8098 1.5888 11.2234 11.2713 11.1359
0.77815.8_1.5_48 55901.30829927139712 r 15.4300 0.0028 6.0000 15.8098 1.5888 11.2234 11.2713 11.1359
0.77815.8_1.5_48 55901.30829927139712 i 14.9441 0.0145 6.0000 15.8098 1.5888 11.2234 11.2713 11.1359
0.77815.8_1.5_48 55901.30829927139712 z 13.9892 0.0146 6.0000 15.8098 1.5888 11.2234 11.2713 11.1359
0.77815.8_1.5_48 55901.30829927139712 y 13.6485 0.0149 6.0000 15.8098 1.5888 11.2234 11.2713 11.1359
0.81213.4_1.2_48 55901.30829927139712 g 13.8640 0.0152 6.5000 13.4062 1.2968 8.5915 8.7118 8.5939
0.81213.8_1.3_48 55901.30829927139712 g 14.3588 0.0150 6.5000 13.8543 1.3102 9.0620 9.1814 9.0557
0.81214.3_1.3_48 55901.30829927139712 g 14.9728 0.0149 6.5000 14.3077 1.3799 9.5483 9.6235 9.5054
0.81214.7_1.4_48 55901.30829927139712 g 15.6837 0.0150 6.5000 14.7784 1.4174 10.0070 10.0942 9.9696
0.81214.7_1.4_48 55901.30829927139712 r 13.9572 0.0014 6.5000 14.7784 1.4174 10.0070 10.0942 9.9696
0.81215.2_1.4_48 55901.30829927139712 g 16.3009 0.0156 6.5000 15.2692 1.4843 10.5468 10.5928 10.4856
0.81215.2_1.4_48 55901.30829927139712 r 14.5512 0.0018 6.5000 15.2692 1.4843 10.5468 10.5928 10.4856
0.81215.2_1.4_48 55901.30829927139712 i 14.0730 0.0149 6.5000 15.2692 1.4843 10.5468 10.5928 10.4856
0.81215.8_1.5_48 55901.30829927139712 g 17.1531 0.0178 6.5000 15.8098 1.5888 11.1153 11.1725 11.0229
0.81215.8_1.5_48 55901.30829927139712 r 15.3153 0.0027 6.5000 15.8098 1.5888 11.1153 11.1725 11.0229
0.81215.8_1.5_48 55901.30829927139712 i 14.7921 0.0146 6.5000 15.8098 1.5888 11.1153 11.1725 11.0229
0.81215.8_1.5_48 55901.30829927139712 z 13.8617 0.0146 6.5000 15.8098 1.5888 11.1153 11.1725 11.0229
0.81215.8_1.5_48 55901.30829927139712 y 13.5725 0.0148 6.5000 15.8098 1.5888 11.1153 11.1725 11.0229
0.84513.4_1.2_48 55901.30829927139712 g 13.7768 0.0152 7.0000 13.4062 1.2968 8.5064 8.6245 8.5018
0.84513.8_1.3_48 55901.30829927139712 g 14.3277 0.0150 7.0000 13.8543 1.3102 8.9833 9.0663 8.9440
0.84514.3_1.3_48 55901.30829927139712 g 14.8836 0.0149 7.0000 14.3077 1.3799 9.4342 9.5098 9.3989
0.84514.7_1.4_48 55901.30829927139712 g 15.6285 0.0150 7.0000 14.7784 1.4174 9.9213 10.0054 9.8852
0.84514.7_1.4_48 55901.30829927139712 r 13.9263 0.0013 7.0000 14.7784 1.4174 9.9213 10.0054 9.8852
0.84514.7_1.4_48 55901.30829927139712 i 13.5267 0.0154 7.0000 14.7784 1.4174 9.9213 10.0054 9.8852
0.84515.2_1.4_48 55901.30829927139712 g 16.2662 0.0156 7.0000 15.2692 1.4843 10.4430 10.4922 10.3773
0.84515.2_1.4_48 55901.30829927139712 r 14.4865 0.0017 7.0000 15.2692 1.4843 10.4430 10.4922 10.3773
0.84515.2_1.4_48 55901.30829927139712 i 14.0508 0.0149 7.0000 15.2692 1.4843 10.4430 10.4922 10.3773
0.84515.8_1.5_48 55901.30829927139712 g 17.2156 0.0180 7.0000 15.8098 1.5888 11.0110 11.0592 10.9559
0.84515.8_1.5_48 55901.30829927139712 r 15.3153 0.0027 7.0000 15.8098 1.5888 11.0110 11.0592 10.9559
0.84515.8_1.5_48 55901.30829927139712 i 14.7741 0.0146 7.0000 15.8098 1.5888 11.0110 11.0592 10.9559
0.84515.8_1.5_48 55901.30829927139712 z 13.8398 0.0146 7.0000 15.8098 1.5888 11.0110 11.0592 10.9559
0.84515.8_1.5_48 55901.30829927139712 y 13.5118 0.0148 7.0000 15.8098 1.5888 11.0110 11.0592 10.9559
0.87513.4_1.2_48 55901.30829927139712 g 13.6651 0.0152 7.5000 13.4062 1.2968 8.4089 8.5259 8.4071
0.87513.8_1.3_48 55901.30829927139712 g 14.2414 0.0151 7.5000 13.8543 1.3102 8.8596 8.9737 8.8565
0.87514.3_1.3_48 55901.30829927139712 g 14.9666 0.0149 7.5000 14.3077 1.3799 9.3444 9.4355 9.3172
0.87514.7_1.4_48 55901.30829927139712 g 15.5371 0.0149 7.5000 14.7784 1.4174 9.8184 9.9170 9.7854
0.87514.7_1.4_48 55901.30829927139712 r 13.7984 0.0013 7.5000 14.7784 1.4174 9.8184 9.9170 9.7854
0.87515.2_1.4_48 55901.30829927139712 g 16.2810 0.0156 7.5000 15.2692 1.4843 10.3633 10.4185 10.2947
0.87515.2_1.4_48 55901.30829927139712 r 14.4450 0.0017 7.5000 15.2692 1.4843 10.3633 10.4185 10.2947
0.87515.2_1.4_48 55901.30829927139712 i 13.9637 0.0150 7.5000 15.2692 1.4843 10.3633 10.4185 10.2947
0.87515.8_1.5_48 55901.30829927139712 g 17.1984 0.0179 7.5000 15.8098 1.5888 10.9327 10.9946 10.8224
0.87515.8_1.5_48 55901.30829927139712 r 15.2553 0.0026 7.5000 15.8098 1.5888 10.9327 10.9946 10.8224
0.87515.8_1.5_48 55901.30829927139712 i 14.7057 0.0146 7.5000 15.8098 1.5888 10.9327 10.9946 10.8224
0.87515.8_1.5_48 55901.30829927139712 z 13.7831 0.0146 7.5000 15.8098 1.5888 10.9327 10.9946 10.8224
0.90313.4_1.2_48 55901.30829927139712 g 13.7861 0.0152 8.0000 13.4062 1.2968 8.3257 8.4378 8.3149
0.90313.8_1.3_48 55901.30829927139712 g 14.2905 0.0151 8.0000 13.8543 1.3102 8.7840 8.8978 8.7691
0.90314.3_1.3_48 55901.30829927139712 g 14.8917 0.0149 8.0000 14.3077 1.3799 9.2677 9.3634 9.2092
0.90314.7_1.4_48 55901.30829927139712 g 15.5567 0.0149 8.0000 14.7784 1.4174 9.7540 9.8202 9.6752
0.90314.7_1.4_48 55901.30829927139712 r 13.7785 0.0013 8.0000 14.7784 1.4174 9.7540 9.8202 9.6752
0.90315.2_1.4_48 55901.30829927139712 g 16.2902 0.0156 8.0000 15.2692 1.4843 10.2606 10.3312 10.2212
0.90315.2_1.4_48 55901.30829927139712 r 14.4144 0.0017 8.0000 15.2692 1.4843 10.2606 10.3312 10.2212
0.90315.2_1.4_48 55901.30829927139712 i 13.9386 0.0150 8.0000 15.2692 1.4843 10.2606 10.3312 10.2212
0.90315.8_1.5_48 55901.30829927139712 g 17.2214 0.0180 8.0000 15.8098 1.5888 10.8298 10.9057 10.7602
0.90315.8_1.5_48 55901.30829927139712 r 15.2320 0.0026 8.0000 15.8098 1.5888 10.8298 10.9057 10.7602
0.90315.8_1.5_48 55901.30829927139712 i 14.6971 0.0146 8.0000 15.8098 1.5888 10.8298 10.9057 10.7602
0.90315.8_1.5_48 55901.30829927139712 z 13.7528 0.0146 8.0000 15.8098 1.5888 10.8298 10.9057 10.7602
0.92913.4_1.2_48 55901.30829927139712 g 13.8898 0.0152 8.5000 13.4062 1.2968 8.2494 8.3852 8.2309
0.92913.8_1.3_48 55901.30829927139712 g 14.1779 0.0151 8.5000 13.8543 1.3102 8.7018 8.8140 8.6828
0.92914.3_1.3_48 55901.30829927139712 g 14.8479 0.0149 8.5000 14.3077 1.3799 9.1825 9.2637 9.1427
0.92914.7_1.4_48 55901.30829927139712 g 15.3259 0.0149 8.5000 14.7784 1.4174 9.6792 9.7603 9.6238
0.92914.7_1.4_48 55901.30829927139712 r 13.5987 0.0012 8.5000 14.7784 1.4174 9.6792 9.7603 9.6238
0.92915.2_1.4_48 55901.30829927139712 g 16.1147 0.0154 8.5000 15.2692 1.4843 10.1726 10.2674 10.1185
0.92915.2_1.4_48 55901.30829927139712 r 14.3184 0.0016 8.5000 15.2692 1.4843 10.1726 10.2674 10.1185
0.92915.2_1.4_48 55901.30829927139712 i 13.8657 0.0151 8.5000 15.2692 1.4843 10.1726 10.2674 10.1185
0.92915.8_1.5_48 55901.30829927139712 g 17.2642 0.0182 8.5000 15.8098 1.5888 10.7797 10.8247 10.6868
0.92915.8_1.5_48 55901.30829927139712 r 15.2333 0.0026 8.5000 15.8098 1.5888 10.7797 10.8247 10.6868
0.92915.8_1.5_48 55901.30829927139712 i 14.6642 0.0146 8.5000 15.8098 1.5888 10.7797 10.8247 10.6868
0.92915.8_1.5_48 55901.30829927139712 z 13.6756 0.0147 8.5000 15.8098 1.5888 10.7797 10.8247 10.6868
0.95413.4_1.2_48 55901.30829927139712 g 13.6486 0.0153 9.0000 13.4062 1.2968 8.1675 8.3006 8.1644
0.95413.8_1.3_48 55901.30829927139712 g 14.0752 0.0151 9.0000 13.8543 1.3102 8.6240 8.7407 8.6131
0.95414.3_1.3_48 55901.30829927139712 g 14.7489 0.0149 9.0000 14.3077 1.3799 9.0984 9.2098 9.0535
0.95414.7_1.4_48 55901.30829927139712 g 15.3124 0.0149 9.0000 14.7784 1.4174 9.5946 9.6739 9.5467
0.95414.7_1.4_48 55901.30829927139712 r 13.5718 0.0012 9.0000 14.7784 1.4174 9.5946 9.6739 9.5467
0.95415.2_1.4_48 55901.30829927139712 g 16.1343 0.0154 9.0000 15.2692 1.4843 10.1030 10.1853 10.0276
0.95415.2_1.4_48 55901.30829927139712 r 14.2686 0.0016 9.0000 15.2692 1.4843 10.1030 10.1853 10.0276
0.95415.2_1.4_48 55901.30829927139712 i 13.8574 0.0151 9.0000 15.2692 1.4843 10.1030 10.1853 10.0276
0.95415.8_1.5_48 55901.30829927139712 g 16.9682 0.0171 9.0000 15.8098 1.5888 10.6961 10.7378 10.5851
0.95415.8_1.5_48 55901.30829927139712 r 15.0449 0.0023 9.0000 15.8098 1.5888 10.6961 10.7378 10.5851
0.95415.8_1.5_48 55901.30829927139712 i 14.5384 0.0146 9.0000 15.8098 1.5888 10.6961 10.7378 10.5851
0.95415.8_1.5_48 55901.30829927139712 z 13.6222 0.0147 9.0000 15.8098 1.5888 10.6961 10.7378 10.5851
0.97713.4_1.2_48 55901.30829927139712 g 13.6222 0.0153 9.5000 13.4062 1.2968 8.1109 8.2009 8.0734
0.97713.8_1.3_48 55901.30829927139712 g 14.1082 0.0151 9.5000 13.8543 1.3102 8.5536 8.6880 8.5278
0.97714.3_1.3_48 55901.30829927139712 g 14.9150 0.0149 9.5000 14.3077 1.3799 9.0295 9.1420 9.0078
0.97714.7_1.4_48 55901.30829927139712 g 15.5049 0.0149 9.5000 14.7784 1.4174 9.5095 9.6014 9.4977
0.97714.7_1.4_48 55901.30829927139712 r 13.6459 0.0012 9.5000 14.7784 1.4174 9.5095 9.6014 9.4977
0.97715.2_1.4_48 55901.30829927139712 g 16.0669 0.0153 9.5000 15.2692 1.4843 10.0403 10.0951 9.9636
0.97715.2_1.4_48 55901.30829927139712 r 14.2028 0.0015 9.5000 15.2692 1.4843 10.0403 10.0951 9.9636
0.97715.2_1.4_48 55901.30829927139712 i 13.7145 0.0152 9.5000 15.2692 1.4843 10.0403 10.0951 9.9636
0.97715.8_1.5_48 55901.30829927139712 g 17.0240 0.0173 9.5000 15.8098 1.5888 10.6126 10.6680 10.5276
0.97715.8_1.5_48 55901.30829927139712 r 15.0380 0.0023 9.5000 15.8098 1.5888 10.6126 10.6680 10.5276
0.97715.8_1.5_48 55901.30829927139712 i 14.5205 0.0146 9.5000 15.8098 1.5888 10.6126 10.6680 10.5276
1.04113.8_1.3_48 55901.30829927139712 g 13.5763 0.0153 11.0000 13.8543 1.3102 8.3490 8.4768 8.3423
1.04114.3_1.3_48 55901.30829927139712 g 14.5382 0.0150 11.0000 14.3077 1.3799 8.8306 8.9351 8.7982
1.04114.7_1.4_48 55901.30829927139712 g 14.9055 0.0149 11.0000 14.7784 1.4174 9.3135 9.4250 9.2800
1.04115.2_1.4_48 55901.30829927139712 g 15.4944 0.0149 11.0000 15.2692 1.4843 9.8485 9.9216 9.7770
1.04115.2_1.4_48 55901.30829927139712 r 13.8234 0.0013 11.0000 15.2692 1.4843 9.8485 9.9216 9.7770
1.04115.8_1.5_48 55901.30829927139712 g 16.4665 0.0159 11.0000 15.8098 1.5888 10.4237 10.4724 10.3340
1.04115.8_1.5_48 55901.30829927139712 r 14.6657 0.0019 11.0000 15.8098 1.5888 10.4237 10.4724 10.3340
1.04115.8_1.5_48 55901.30829927139712 i 14.2524 0.0148 11.0000 15.8098 1.5888 10.4237 10.4724 10.3340
1.06013.8_1.3_48 55901.30829927139712 g 13.7517 0.0152 11.5000 13.8543 1.3102 8.2920 8.4194 8.2707
1.06014.3_1.3_48 55901.30829927139712 g 14.4436 0.0150 11.5000 14.3077 1.3799 8.7895 8.8991 8.7396
1.06014.7_1.4_48 55901.30829927139712 g 14.9034 0.0149 11.5000 14.7784 1.4174 9.2519 9.3599 9.2241
1.06015.2_1.4_48 55901.30829927139712 g 15.6715 0.0150 11.5000 15.2692 1.4843 9.7885 9.8741 9.7284
1.06015.2_1.4_48 55901.30829927139712 r 13.9066 0.0013 11.5000 15.2692 1.4843 9.7885 9.8741 9.7284
1.06015.2_1.4_48 55901.30829927139712 i 13.5222 0.0154 11.5000 15.2692 1.4843 9.7885 9.8741 9.7284
1.06015.8_1.5_48 55901.30829927139712 g 16.4755 0.0159 11.5000 15.8098 1.5888 10.3660 10.4333 10.2620
1.06015.8_1.5_48 55901.30829927139712 r 14.6387 0.0019 11.5000 15.8098 1.5888 10.3660 10.4333 10.2620
1.06015.8_1.5_48 55901.30829927139712 i 14.1955 0.0148 11.5000 15.8098 1.5888 10.3660 10.4333 10.2620
1.07913.8_1.3_48 55901.30829927139712 g 13.5066 0.0153 12.0000 13.8543 1.3102 8.2438 8.3737 8.2252
1.07914.3_1.3_48 55901.30829927139712 g 14.3642 0.0150 12.0000 14.3077 1.3799 8.7323 8.8206 8.6893
1.07914.7_1.4_48 55901.30829927139712 g 14.7943 0.0149 12.0000 14.7784 1.4174 9.2061 9.3119 9.1593
1.07915.2_1.4_48 55901.30829927139712 g 15.6891 0.0150 12.0000 15.2692 1.4843 9.7123 9.7991 9.6670
1.07915.2_1.4_48 55901.30829927139712 r 13.9103 0.0013 12.0000 15.2692 1.4843 9.7123 9.7991 9.6670
1.07915.2_1.4_48 55901.30829927139712 i 13.5610 0.0154 12.0000 15.2692 1.4843 9.7123 9.7991 9.6670
1.07915.8_1.5_48 55901.30829927139712 g 16.5297 0.0160 12.0000 15.8098 1.5888 10.3093 10.3517 10.2100
1.07915.8_1.5_48 55901.30829927139712 r 14.6505 0.0019 12.0000 15.8098 1.5888 10.3093 10.3517 10.2100
1.07915.8_1.5_48 55901.30829927139712 i 14.2000 0.0148 12.0000 15.8098 1.5888 10.3093 10.3517 10.2100
1.09613.8_1.3_48 55901.30829927139712 g 13.5758 0.0153 12.5000 13.8543 1.3102 8.1822 8.2887 8.1617
1.09614.3_1.3_48 55901.30829927139712 g 14.3844 0.0150 12.5000 14.3077 1.3799 8.6527 8.7976 8.6574
1.09614.7_1.4_48 55901.30829927139712 g 14.9398 0.0149 12.5000 14.7784 1.4174 9.1565 9.2621 9.0913
1.09615.2_1.4_48 55901.30829927139712 g 15.6324 0.0150 12.5000 15.2692 1.4843 9.6672 9.7598 9.6086
1.09615.2_1.4_48 55901.30829927139712 r 13.8482 0.0013 12.5000 15.2692 1.4843 9.6672 9.7598 9.6086
1.09615.8_1.5_48 55901.30829927139712 g 16.4717 0.0159 12.5000 15.8098 1.5888 10.2599 10.3278 10.1589
1.09615.8_1.5_48 55901.30829927139712 r 14.6035 0.0018 12.5000 15.8098 1.5888 10.2599 10.3278 10.1589
1.09615.8_1.5_48 55901.30829927139712 i 14.1465 0.0149 12.5000 15.8098 1.5888 10.2599 10.3278 10.1589
1.11313.8_1.3_48 55901.30829927139712 g 13.5434 0.0153 13.0000 13.8543 1.3102 8.1391 8.2419 8.1214
1.11314.3_1.3_48 55901.30829927139712 g 14.0735 0.0151 13.0000 14.3077 1.3799 8.6186 8.7170 8.5836
1.11314.7_1.4_48 55901.30829927139712 g 14.8700 0.0149 13.0000 14.7784 1.4174 9.0851 9.1933 9.0275
1.11315.2_1.4_48 55901.30829927139712 g 15.5296 0.0149 13.0000 15.2692 1.4843 9.6183 9.6986 9.5564
1.11315.2_1.4_48 55901.30829927139712 r 13.7659 0.0013 13.0000 15.2692 1.4843 9.6183 9.6986 9.5564
1.11315.8_1.5_48 55901.30829927139712 g 16.4808 0.0159 13.0000 15.8098 1.5888 10.2063 10.2790 10.1172
1.11315.8_1.5_48 55901.30829927139712 r 14.6033 0.0018 13.0000 15.8098 1.5888 10.2063 10.2790 10.1172
1.11315.8_1.5_48 55901.30829927139712 i 14.1748 0.0148 13.0000 15.8098 1.5888 10.2063 10.2790 10.1172
1.13013.8_1.3_48 55901.30829927139712 g 13.6973 0.0152 13.5000 13.8543 1.3102 8.0960 8.2126 8.0370
1.13014.3_1.3_48 55901.30829927139712 g 14.0743 0.0151 13.5000 14.3077 1.3799 8.5801 8.6616 8.5382
1.13014.7_1.4_48 55901.30829927139712 g 14.8376 0.0149 13.5000 14.7784 1.4174 9.0360 9.1681 9.0329
1.13015.2_1.4_48 55901.30829927139712 g 15.4152 0.0149 13.5000 15.2692 1.4843 9.5755 9.6558 9.5081
1.13015.2_1.4_48 55901.30829927139712 r 13.6733 0.0012 13.5000 15.2692 1.4843 9.5755 9.6558 9.5081
1.13015.8_1.5_48 55901.30829927139712 g 16.4609 0.0159 13.5000 15.8098 1.5888 10.1327 10.2273 10.0695
1.13015.8_1.5_48 55901.30829927139712 r 14.5712 0.0018 13.5000 15.8098 1.5888 10.1327 10.2273 10.0695
1.13015.8_1.5_48 55901.30829927139712 i 14.1238 0.0149 13.5000 15.8098 1.5888 10.1327 10.2273 10.0695
1.14614.3_1.3_48 55901.30829927139712 g 14.1027 0.0151 14.0000 14.3077 1.3799 8.5084 8.6344 8.4779
1.14614.7_1.4_48 55901.30829927139712 g 14.4427 0.0150 14.0000 14.7784 1.4174 9.0153 9.0936 8.9677
1.14615.2_1.4_48 55901.30829927139712 g 15.3308 0.0149 14.0000 15.2692 1.4843 9.5195 9.6097 9.4644
1.14615.2_1.4_48 55901.30829927139712 r 13.5997 0.0012 14.0000 15.2692 1.4843 9.5195 9.6097 9.4644
1.14615.8_1.5_48 55901.30829927139712 g 16.2217 0.0155 14.0000 15.8098 1.5888 10.1008 10.1913 10.0054
1.14615.8_1.5_48 55901.30829927139712 r 14.3779 0.0017 14.0000 15.8098 1.5888 10.1008 10.1913 10.0054
1.14615.8_1.5_48 55901.30829927139712 i 14.0034 0.0150 14.0000 15.8098 1.5888 10.1008 10.1913 10.0054
1.16114.3_1.3_48 55901.30829927139712 g 13.8305 0.0152 14.5000 14.3077 1.3799 8.4744 8.5745 8.4453
1.16114.7_1.4_48 55901.30829927139712 g 14.4151 0.0150 14.5000 14.7784 1.4174 8.9721 9.0823 8.8970
1.16115.2_1.4_48 55901.30829927139712 g 14.9470 0.0149 14.5000 15.2692 1.4843 9.4678 9.5645 9.4101
1.16115.8_1.5_48 55901.30829927139712 g 16.4184 0.0158 14.5000 15.8098 1.5888 10.0485 10.1391 9.9639
1.16115.8_1.5_48 55901.30829927139712 r 14.4468 0.0017 14.5000 15.8098 1.5888 10.0485 10.1391 9.9639
1.16115.8_1.5_48 55901.30829927139712 i 14.0570 0.0149 14.5000 15.8098 1.5888 10.0485 10.1391 9.9639
1.17614.3_1.3_48 55901.30829927139712 g 13.7770 0.0152 15.0000 14.3077 1.3799 8.4315 8.5377 8.3722
1.17614.7_1.4_48 55901.30829927139712 g 14.3786 0.0150 15.0000 14.7784 1.4174 8.9176 9.0090 8.8560
1.17615.2_1.4_48 55901.30829927139712 g 15.3667 0.0149 15.0000 15.2692 1.4843 9.4382 9.5178 9.3733
1.17615.2_1.4_48 55901.30829927139712 r 13.5730 0.0012 15.0000 15.2692 1.4843 9.4382 9.5178 9.3733
1.17615.8_1.5_48 55901.30829927139712 g 15.9648 0.0152 15.0000 15.8098 1.5888 10.0093 10.0824 9.9055
1.17615.8_1.5_48 55901.30829927139712 r 14.2194 0.0015 15.0000 15.8098 1.5888 10.0093 10.0824 9.9055
1.17615.8_1.5_48 55901.30829927139712 i 13.9276 0.0150 15.0000 15.8098 1.5888 10.0093 10.0824 9.9055
1.19014.3_1.3_48 55901.30829927139712 g 13.7106 0.0152 15.5000 14.3077 1.3799 8.3742 8.4931 8.3557
1.19014.7_1.4_48 55901.30829927139712 g 14.4686 0.0150 15.5000 14.7784 1.4174 8.8683 8.9896 8.8288
1.19015.2_1.4_48 55901.30829927139712 g 15.1212 0.0148 15.5000 15.2692 1.4843 9.4087 9.4925 9.3405
1.19015.8_1.5_48 55901.30829927139712 g 16.0138 0.0153 15.5000 15.8098 1.5888 9.9671 10.0352 9.8739
1.19015.8_1.5_48 55901.30829927139712 r 14.1980 0.0015 15.5000 15.8098 1.5888 9.9671 10.0352 9.8739
1.19015.8_1.5_48 55901.30829927139712 i 13.9463 0.0150 15.5000 15.8098 1.5888 9.9671 10.0352 9.8739
1.20414.3_1.3_48 55901.30829927139712 g 13.9942 0.0152 16.0000 14.3077 1.3799 8.3364 8.4505 8.3147
1.20414.7_1.4_48 55901.30829927139712 g 14.2433 0.0151 16.0000 14.7784 1.4174 8.8283 8.9419 8.7783
1.20415.2_1.4_48 55901.30829927139712 g 15.3860 0.0149 16.0000 15.2692 1.4843 9.3330 9.4272 9.2722
1.20415.2_1.4_48 55901.30829927139712 r 13.5581 0.0012 16.0000 15.2692 1.4843 9.3330 9.4272 9.2722
1.20415.8_1.5_48 55901.30829927139712 g 15.8659 0.0151 16.0000 15.8098 1.5888 9.9115 10.0047 9.8267
1.20415.8_1.5_48 55901.30829927139712 r 14.1160 0.0015 16.0000 15.8098 1.5888 9.9115 10.0047 9.8267
1.20415.8_1.5_48 55901.30829927139712 i 13.8215 0.0151 16.0000 15.8098 1.5888 9.9115 10.0047 9.8267
1.21714.3_1.3_48 55901.30829927139712 g 13.6820 0.0152 16.5000 14.3077 1.3799 8.2852 8.4163 8.2517
1.21714.7_1.4_48 55901.30829927139712 g 14.4630 0.0150 16.5000 14.7784 1.4174 8.7813 8.8995 8.7307
1.21715.2_1.4_48 55901.30829927139712 g 15.1648 0.0148 16.5000 15.2692 1.4843 9.2855 9.4001 9.2375
1.21715.8_1.5_48 55901.30829927139712 g 15.8267 0.0151 16.5000 15.8098 1.5888 9.8638 9.9601 9.7738
1.21715.8_1.5_48 55901.30829927139712 r 14.0689 0.0014 16.5000 15.8098 1.5888 9.8638 9.9601 9.7738
1.21715.8_1.5_48 55901.30829927139712 i 13.7645 0.0152 16.5000 15.8098 1.5888 9.8638 9.9601 9.7738
1.23014.3_1.3_48 55901.30829927139712 g 13.8176 0.0152 17.0000 14.3077 1.3799 8.2516 8.3972 8.2103
1.23014.7_1.4_48 55901.30829927139712 g 14.4321 0.0150 17.0000 14.7784 1.4174 8.7537 8.8707 8.7068
1.23015.2_1.4_48 55901.30829927139712 g 15.0294 0.0148 17.0000 15.2692 1.4843 9.2587 9.3690 9.2205
1.23015.8_1.5_48 55901.30829927139712 g 15.7240 0.0150 17.0000 15.8098 1.5888 9.8486 9.9227 9.7433
1.23015.8_1.5_48 55901.30829927139712 r 14.0155 0.0014 17.0000 15.8098 1.5888 9.8486 9.9227 9.7433
1.23015.8_1.5_48 55901.30829927139712 i 13.7427 0.0152 17.0000 15.8098 1.5888 9.8486 9.9227 9.7433
1.24314.3_1.3_48 55901.30829927139712 g 13.7257 0.0152 17.5000 14.3077 1.3799 8.2253 8.3500 8.1705
1.24314.7_1.4_48 55901.30829927139712 g 14.1016 0.0151 17.5000 14.7784 1.4174 8.6952 8.8110 8.6718
1.24315.2_1.4_48 55901.30829927139712 g 15.3351 0.0149 17.5000 15.2692 1.4843 9.2194 9.3346 9.1795
1.24315.8_1.5_48 55901.30829927139712 g 16.0550 0.0153 17.5000 15.8098 1.5888 9.8109 9.8722 9.7306
1.24315.8_1.5_48 55901.30829927139712 r 14.1829 0.0015 17.5000 15.8098 1.5888 9.8109 9.8722 9.7306
1.24315.8_1.5_48 55901.30829927139712 i 13.8320 0.0151 17.5000 15.8098 1.5888 9.8109 9.8722 9.7306
1.25514.7_1.4_48 55901.30829927139712 g 14.4033 0.0150 18.0000 14.7784 1.4174 8.6449 8.7880 8.6252
1.25515.2_1.4_48 55901.30829927139712 g 14.8878 0.0149 18.0000 15.2692 1.4843 9.2022 9.2875 9.1350
1.25515.8_1.5_48 55901.30829927139712 g 15.9495 0.0152 18.0000 15.8098 1.5888 9.7882 9.8565 9.6790
1.25515.8_1.5_48 55901.30829927139712 r 14.1106 0.0015 18.0000 15.8098 1.5888 9.7882 9.8565 9.6790
1.25515.8_1.5_48 55901.30829927139712 i 13.7775 0.0152 18.0000 15.8098 1.5888 9.7882 9.8565 9.6790
1.26714.3_1.3_48 55901.30829927139712 g 13.7628 0.0152 18.5000 14.3077 1.3799 8.1509 8.2774 8.1122
1.26714.7_1.4_48 55901.30829927139712 g 14.4400 0.0150 18.5000 14.7784 1.4174 8.6286 8.7502 8.5812
1.26715.2_1.4_48 55901.30829927139712 g 14.5096 0.0150 18.5000 15.2692 1.4843 9.1442 9.2573 9.0951
1.26715.8_1.5_48 55901.30829927139712 g 15.8563 0.0151 18.5000 15.8098 1.5888 9.7281 9.8063 9.6421
1.26715.8_1.5_48 55901.30829927139712 r 14.0252 0.0014 18.5000 15.8098 1.5888 9.7281 9.8063 9.6421
1.26715.8_1.5_48 55901.30829927139712 i 13.7199 0.0152 18.5000 15.8098 1.5888 9.7281 9.8063 9.6421
1.27814.3_1.3_48 55901.30829927139712 g 13.7684 0.0152 19.0000 14.3077 1.3799 8.1267 8.2459 8.0864
1.27814.7_1.4_48 55901.30829927139712 g 14.2184 0.0151 19.0000 14.7784 1.4174 8.5924 8.7222 8.5425
1.27815.2_1.4_48 55901.30829927139712 g 14.9751 0.0149 19.0000 15.2692 1.4843 9.1407 9.2291 9.0296
1.27815.8_1.5_48 55901.30829927139712 g 16.0817 0.0153 19.0000 15.8098 1.5888 9.6796 9.7919 9.5999
1.27815.8_1.5_48 55901.30829927139712 r 14.1292 0.0015 19.0000 15.8098 1.5888 9.6796 9.7919 9.5999
1.27815.8_1.5_48 55901.30829927139712 i 13.7534 0.0152 19.0000 15.8098 1.5888 9.6796 9.7919 9.5999
1.29014.3_1.3_48 55901.30829927139712 g 13.5105 0.0153 19.5000 14.3077 1.3799 8.0796 8.1940 8.0327
1.29014.7_1.4_48 55901.30829927139712 g 14.3793 0.0150 19.5000 14.7784 1.4174 8.5683 8.6792 8.5097
1.29015.2_1.4_48 55901.30829927139712 g 14.9473 0.0149 19.5000 15.2692 1.4843 9.0846 9.1848 9.0025
1.29015.8_1.5_48 55901.30829927139712 g 15.6958 0.0150 19.5000 15.8098 1.5888 9.6581 9.7404 9.5804
1.29015.8_1.5_48 55901.30829927139712 r 13.9189 0.0013 19.5000 15.8098 1.5888 9.6581 9.7404 9.5804
1.29015.8_1.5_48 55901.30829927139712 i 13.6645 0.0153 19.5000 15.8098 1.5888 9.6581 9.7404 9.5804
1.30114.3_1.3_48 55901.30829927139712 g 13.7701 0.0152 20.0000 14.3077 1.3799 8.0243 8.1585 7.9964
1.30114.7_1.4_48 55901.30829927139712 g 14.3411 0.0150 20.0000 14.7784 1.4174 8.5308 8.6532 8.4902
1.30115.2_1.4_48 55901.30829927139712 g 14.9384 0.0149 20.0000 15.2692 1.4843 9.0462 9.1785 8.9720
1.30115.8_1.5_48 55901.30829927139712 g 15.9384 0.0152 20.0000 15.8098 1.5888 9.6379 9.7157 9.5299
1.30115.8_1.5_48 55901.30829927139712 r 14.0428 0.0014 20.0000 15.8098 1.5888 9.6379 9.7157 9.5299
1.30115.8_1.5_48 55901.30829927139712 i 13.6796 0.0153 20.0000 15.8098 1.5888 9.6379 9.7157 9.5299
1.31114.3_1.3_48 55901.30829927139712 g 13.6087 0.0153 20.5000 14.3077 1.3799 8.0075 8.1418 7.9854
1.31114.7_1.4_48 55901.30829927139712 g 14.2905 0.0151 20.5000 14.7784 1.4174 8.5050 8.6269 8.4454
1.31115.2_1.4_48 55901.30829927139712 g 15.1533 0.0148 20.5000 15.2692 1.4843 9.0196 9.1261 8.9469
1.31115.8_1.5_48 55901.30829927139712 g 15.9221 0.0152 20.5000 15.8098 1.5888 9.6070 9.6668 9.5039
1.31115.8_1.5_48 55901.30829927139712 r 14.0121 0.0014 20.5000 15.8098 1.5888 9.6070 9.6668 9.5039
1.31115.8_1.5_48 55901.30829927139712 i 13.5298 0.0154 20.5000 15.8098 1.5888 9.6070 9.6668 9.5039
1.32214.3_1.3_48 55901.30829927139712 g 13.7380 0.0152 21.0000 14.3077 1.3799 7.9692 8.1122 7.9301
1.32214.7_1.4_48 55901.30829927139712 g 14.1473 0.0151 21.0000 14.7784 1.4174 8.4755 8.5819 8.4140
1.32215.2_1.4_48 55901.30829927139712 g 15.0963 0.0148 21.0000 15.2692 1.4843 8.9724 9.0936 8.9204
1.32215.8_1.5_48 55901.30829927139712 g 15.6454 0.0150 21.0000 15.8098 1.5888 9.5681 9.6438 9.4855
1.32215.8_1.5_48 55901.30829927139712 r 13.8339 0.0013 21.0000 15.8098 1.5888 9.5681 9.6438 9.4855
1.33214.7_1.4_48 55901.30829927139712 g 14.3083 0.0151 21.5000 14.7784 1.4174 8.4259 8.5561 8.3787
1.33215.2_1.4_48 55901.30829927139712 g 15.0237 0.0148 21.5000 15.2692 1.4843 8.9436 9.0599 8.8886
1.33215.8_1.5_48 55901.30829927139712 g 15.9032 0.0152 21.5000 15.8098 1.5888 9.5202 9.6132 9.4463
1.33215.8_1.5_48 55901.30829927139712 r 13.9853 0.0014 21.5000 15.8098 1.5888 9.5202 9.6132 9.4463
1.33215.8_1.5_48 55901.30829927139712 i 13.5024 0.0154 21.5000 15.8098 1.5888 9.5202 9.6132 9.4463
1.34214.3_1.3_48 55901.30829927139712 g 13.5135 0.0153 22.0000 14.3077 1.3799 7.9069 8.0469 7.8727
1.34214.7_1.4_48 55901.30829927139712 g 14.0745 0.0151 22.0000 14.7784 1.4174 8.3903 8.5337 8.3843
1.34215.2_1.4_48 55901.30829927139712 g 14.7802 0.0149 22.0000 15.2692 1.4843 8.9159 9.0335 8.8402
1.34215.8_1.5_48 55901.30829927139712 g 16.2037 0.0155 22.0000 15.8098 1.5888 9.4863 9.6001 9.4123
1.34215.8_1.5_48 55901.30829927139712 r 14.1342 0.0015 22.0000 15.8098 1.5888 9.4863 9.6001 9.4123
1.34215.8_1.5_48 55901.30829927139712 i 13.7119 0.0152 22.0000 15.8098 1.5888 9.4863 9.6001 9.4123
1.35214.3_1.3_48 55901.30829927139712 g 13.6557 0.0152 22.5000 14.3077 1.3799 7.8928 8.0197 7.8594
1.35214.7_1.4_48 55901.30829927139712 g 14.1594 0.0151 22.5000 14.7784 1.4174 8.3599 8.4824 8.3267
1.35215.2_1.4_48 55901.30829927139712 g 14.6980 0.0149 22.5000 15.2692 1.4843 8.8820 9.0027 8.8253
1.35215.8_1.5_48 55901.30829927139712 g 15.8759 0.0151 22.5000 15.8098 1.5888 9.4738 9.5590 9.3786
1.35215.8_1.5_48 55901.30829927139712 r 13.9465 0.0014 22.5000 15.8098 1.5888 9.4738 9.5590 9.3786
1.36114.3_1.3_48 55901.30829927139712 g 13.7510 0.0152 23.0000 14.3077 1.3799 7.8470 7.9887 7.8087
1.36114.7_1.4_48 55901.30829927139712 g 14.4762 0.0150 23.0000 14.7784 1.4174 8.3319 8.4643 8.2813
1.36115.2_1.4_48 55901.30829927139712 g 15.1031 0.0148 23.0000 15.2692 1.4843 8.8465 8.9776 8.7940
1.36115.8_1.5_48 55901.30829927139712 g 15.7233 0.0150 23.0000 15.8098 1.5888 9.4361 9.5294 9.3522
1.36115.8_1.5_48 55901.30829927139712 r 13.8273 0.0013 23.0000 15.8098 1.5888 9.4361 9.5294 9.3522
1.37114.3_1.3_48 55901.30829927139712 g 13.9112 0.0152 23.5000 14.3077 1.3799 7.8196 7.9659 7.7795
1.37114.7_1.4_48 55901.30829927139712 g 14.4309 0.0150 23.5000 14.7784 1.4174 8.2962 8.4376 8.2620
1.37115.2_1.4_48 55901.30829927139712 g 14.9321 0.0149 23.5000 15.2692 1.4843 8.8153 8.9541 8.7521
1.37115.8_1.5_48 55901.30829927139712 g 15.5582 0.0149 23.5000 15.8098 1.5888 9.4130 9.5028 9.3336
1.37115.8_1.5_48 55901.30829927139712 r 13.7240 0.0012 23.5000 15.8098 1.5888 9.4130 9.5028 9.3336
1.38014.3_1.3_48 55901.30829927139712 g 13.7127 0.0152 24.0000 14.3077 1.3799 7.7877 7.9443 7.7695
1.38014.7_1.4_48 55901.30829927139712 g 14.1655 0.0151 24.0000 14.7784 1.4174 8.2821 8.4040 8.2326
1.38015.2_1.4_48 55901.30829927139712 g 15.0177 0.0148 24.0000 15.2692 1.4843 8.7918 8.9159 8.7399
1.38015.8_1.5_48 55901.30829927139712 g 15.7859 0.0151 24.0000 15.8098 1.5888 9.3698 9.4735 9.3231
1.38015.8_1.5_48 55901.30829927139712 r 13.8693 0.0013 24.0000 15.8098 1.5888 9.3698 9.4735 9.3231
1.38914.7_1.4_48 55901.30829927139712 g 14.1956 0.0151 24.5000 14.7784 1.4174 8.2575 8.3836 8.2179
1.38915.2_1.4_48 55901.30829927139712 g 14.7766 0.0149 24.5000 15.2692 1.4843 8.7619 8.8892 8.7203
1.38915.8_1.5_48 55901.30829927139712 g 15.9600 0.0152 24.5000 15.8098 1.5888 9.3368 9.4607 9.2641
1.38915.8_1.5_48 55901.30829927139712 r 13.9457 0.0014 24.5000 15.8098 1.5888 9.3368 9.4607 9.2641
1.39714.7_1.4_48 55901.30829927139712 g 14.0596 0.0151 25.0000 14.7784 1.4174 8.2270 8.3635 8.1804
1.39715.2_1.4_48 55901.30829927139712 g 15.0209 0.0148 25.0000 15.2692 1.4843 8.7501 8.8634 8.6825
1.39715.8_1.5_48 55901.30829927139712 g 15.8155 0.0151 25.0000 15.8098 1.5888 9.3004 9.4114 9.2393
1.39715.8_1.5_48 55901.30829927139712 r 13.8626 0.0013 25.0000 15.8098 1.5888 9.3004 9.4114 9.2393
1.40614.3_1.3_48 55901.30829927139712 g 13.5137 0.0153 25.5000 14.3077 1.3799 7.7179 7.8585 7.6650
1.40614.7_1.4_48 55901.30829927139712 g 14.1731 0.0151 25.5000 14.7784 1.4174 8.1973 8.3327 8.1608
1.40615.2_1.4_48 55901.30829927139712 g 14.5455 0.0150 25.5000 15.2692 1.4843 8.7317 8.8428 8.6652
1.40615.8_1.5_48 55901.30829927139712 g 15.8010 0.0151 25.5000 15.8098 1.5888 9.3067 9.3910 9.2214
1.40615.8_1.5_48 55901.30829927139712 r 13.8184 0.0013 25.5000 15.8098 1.5888 9.3067 9.3910 9.2214
1.41414.3_1.3_48 55901.30829927139712 g 13.7759 0.0152 26.0000 14.3077 1.3799 7.6799 7.8404 7.6483
1.41414.7_1.4_48 55901.30829927139712 g 14.4735 0.0150 26.0000 14.7784 1.4174 8.1998 8.3150 8.1252
1.41415.2_1.4_48 55901.30829927139712 g 14.9662 0.0149 26.0000 15.2692 1.4843 8.6891 8.8084 8.6417
1.41415.8_1.5_48 55901.30829927139712 g 15.7521 0.0150 26.0000 15.8098 1.5888 9.2652 9.3560 9.1700
1.41415.8_1.5_48 55901.30829927139712 r 13.7956 0.0013 26.0000 15.8098 1.5888 9.2652 9.3560 9.1700
1.42314.7_1.4_48 55901.30829927139712 g 14.0181 0.0152 26.5000 14.7784 1.4174 8.1501 8.2693 8.1099
1.42315.2_1.4_48 55901.30829927139712 g 14.8535 0.0149 26.5000 15.2692 1.4843 8.6451 8.7886 8.6423
1.42315.8_1.5_48 55901.30829927139712 g 15.3764 0.0149 26.5000 15.8098 1.5888 9.2659 9.3399 9.1760
1.42315.8_1.5_48 55901.30829927139712 r 13.5552 0.0012 26.5000 15.8098 1.5888 9.2659 9.3399 9.1760
1.43114.7_1.4_48 55901.30829927139712 g 14.1650 0.0151 27.0000 14.7784 1.4174 8.1297 8.2475 8.0844
1.43115.2_1.4_48 55901.30829927139712 g 15.1849 0.0148 27.0000 15.2692 1.4843 8.6566 8.7665 8.5859
1.43115.8_1.5_48 55901.30829927139712 g 15.9620 0.0152 27.0000 15.8098 1.5888 9.2308 9.3300 9.1337
1.43115.8_1.5_48 55901.30829927139712 r 13.9077 0.0013 27.0000 15.8098 1.5888 9.2308 9.3300 9.1337
1.43914.7_1.4_48 55901.30829927139712 g 13.8649 0.0152 27.5000 14.7784 1.4174 8.1031 8.2451 8.0574
1.43915.2_1.4_48 55901.30829927139712 g 14.6261 0.0149 27.5000 15.2692 1.4843 8.6004 8.7504 8.5742
1.43915.8_1.5_48 55901.30829927139712 g 15.5011 0.0149 27.5000 15.8098 1.5888 9.2044 9.2885 9.1066
1.43915.8_1.5_48 55901.30829927139712 r 13.5864 0.0012 27.5000 15.8098 1.5888 9.2044 9.2885 9.1066
1.44714.3_1.3_48 55901.30829927139712 g 13.7838 0.0152 28.0000 14.3077 1.3799 7.5944 7.7243 7.5626
1.44714.7_1.4_48 55901.30829927139712 g 13.9814 0.0152 28.0000 14.7784 1.4174 8.0803 8.2100 8.0421
1.44715.2_1.4_48 55901.30829927139712 g 14.8503 0.0149 28.0000 15.2692 1.4843 8.6058 8.7278 8.5366
1.44715.8_1.5_48 55901.30829927139712 g 15.6121 0.0150 28.0000 15.8098 1.5888 9.1824 9.2677 9.0885
1.44715.8_1.5_48 55901.30829927139712 r 13.6658 0.0012 28.0000 15.8098 1.5888 9.1824 9.2677 9.0885
1.45414.7_1.4_48 55901.30829927139712 g 14.1373 0.0151 28.5000 14.7784 1.4174 8.0679 8.1888 8.0249
1.45415.2_1.4_48 55901.30829927139712 g 14.9350 0.0149 28.5000 15.2692 1.4843 8.5738 8.6887 8.5190
1.45415.8_1.5_48 55901.30829927139712 g 15.4533 0.0149 28.5000 15.8098 1.5888 9.1615 9.2494 9.0795
1.45415.8_1.5_48 55901.30829927139712 r 13.5650 0.0012 28.5000 15.8098 1.5888 9.1615 9.2494 9.0795
1.46214.3_1.3_48 55901.30829927139712 g 13.5117 0.0153 29.0000 14.3077 1.3799 7.5322 7.6857 7.5077
1.46214.7_1.4_48 55901.30829927139712 g 13.5529 0.0153 29.0000 14.7784 1.4174 8.0295 8.1607 8.0074
1.46215.2_1.4_48 55901.30829927139712 g 14.8826 0.0149 29.0000 15.2692 1.4843 8.5361 8.6629 8.4826
1.46215.8_1.5_48 55901.30829927139712 g 15.4902 0.0149 29.0000 15.8098 1.5888 9.1377 9.2303 9.0552
1.46215.8_1.5_48 55901.30829927139712 r 13.5736 0.0012 29.0000 15.8098 1.5888 9.1377 9.2303 9.0552
1.46914.3_1.3_48 55901.30829927139712 g 13.5393 0.0153 29.5000 14.3077 1.3799 7.5175 7.6815 7.4922
1.46914.7_1.4_48 55901.30829927139712 g 14.0502 0.0151 29.5000 14.7784 1.4174 8.0268 8.1349 7.9549
1.46915.2_1.4_48 55901.30829927139712 g 14.6851 0.0149 29.5000 15.2692 1.4843 8.5275 8.6553 8.4636
1.46915.8_1.5_48 55901.30829927139712 g 15.6230 0.0150 29.5000 15.8098 1.5888 9.1004 9.2126 9.0251
1.46915.8_1.5_48 55901.30829927139712 r 13.6509 0.0012 29.5000 15.8098 1.5888 9.1004 9.2126 9.0251
1.47714.7_1.4_48 55901.30829927139712 g 13.9186 0.0152 30.0000 14.7784 1.4174 7.9688 8.1324 7.9525
1.47715.2_1.4_48 55901.30829927139712 g 14.8265 0.0149 30.0000 15.2692 1.4843 8.4876 8.6256 8.4190
1.47715.8_1.5_48 55901.30829927139712 g 15.6169 0.0150 30.0000 15.8098 1.5888 9.0739 9.1771 9.0135
1.47715.8_1.5_48 55901.30829927139712 r 13.6388 0.0012 30.0000 15.8098 1.5888 9.0739 9.1771 9.0135
