# Name Epoch Band Mag eMag period DM E(B-V) KMEAN  W1MEAN W2MEAN
0.47711.4_1.4_09 55389.41325187029724 g 13.6717 0.0152 3.0000 11.4613 1.4034 7.3584 7.5990 7.5422
0.47711.4_1.4_09 55389.42521841580310 g 13.6432 0.0153 3.0000 11.4613 1.4034 7.3584 7.5990 7.5422
0.47711.4_1.4_09 54999.52762850250292 g 13.6360 0.0153 3.0000 11.4613 1.4034 7.3584 7.5990 7.5422
0.47711.4_1.4_09 54999.53791671100043 g 13.6236 0.0153 3.0000 11.4613 1.4034 7.3584 7.5990 7.5422
0.47712.3_1.7_09 55769.40606205489894 g 15.2885 0.0149 3.0000 12.3928 1.7059 8.3260 8.5488 8.4877
0.47712.3_1.7_09 55769.41627147010149 g 15.2829 0.0148 3.0000 12.3928 1.7059 8.3260 8.5488 8.4877
0.47712.3_1.7_09 55389.41325187029724 g 15.5633 0.0149 3.0000 12.3928 1.7059 8.3260 8.5488 8.4877
0.47712.3_1.7_09 55389.42521841580310 g 15.5388 0.0149 3.0000 12.3928 1.7059 8.3260 8.5488 8.4877
0.47712.3_1.7_09 56147.35830764369894 g 15.2726 0.0148 3.0000 12.3928 1.7059 8.3260 8.5488 8.4877
0.47712.3_1.7_09 54999.52762850250292 g 15.5270 0.0149 3.0000 12.3928 1.7059 8.3260 8.5488 8.4877
0.47712.3_1.7_09 54999.53791671100043 g 15.5037 0.0149 3.0000 12.3928 1.7059 8.3260 8.5488 8.4877
0.47712.3_1.7_09 55766.37074672379822 g 15.2695 0.0148 3.0000 12.3928 1.7059 8.3260 8.5488 8.4877
0.47712.3_1.7_09 55766.36041082580050 g 15.2349 0.0148 3.0000 12.3928 1.7059 8.3260 8.5488 8.4877
0.47712.3_1.7_09 56147.34801527119998 g 15.2542 0.0148 3.0000 12.3928 1.7059 8.3260 8.5488 8.4877
0.47712.3_1.7_09 55761.38157239970315 r 13.5379 0.0011 3.0000 12.3928 1.7059 8.3260 8.5488 8.4877
0.47712.3_1.7_09 55761.35378802479681 r 13.5361 0.0011 3.0000 12.3928 1.7059 8.3260 8.5488 8.4877
0.47712.9_1.7_09 55769.40606205489894 g 16.0882 0.0153 3.0000 12.9046 1.7899 8.8478 9.0656 9.0033
0.47712.9_1.7_09 55769.41627147010149 g 16.0645 0.0153 3.0000 12.9046 1.7899 8.8478 9.0656 9.0033
0.47712.9_1.7_09 55389.41325187029724 g 16.3341 0.0157 3.0000 12.9046 1.7899 8.8478 9.0656 9.0033
0.47712.9_1.7_09 55389.42521841580310 g 16.3580 0.0157 3.0000 12.9046 1.7899 8.8478 9.0656 9.0033
0.47712.9_1.7_09 56147.35830764369894 g 16.0084 0.0153 3.0000 12.9046 1.7899 8.8478 9.0656 9.0033
0.47712.9_1.7_09 54999.52762850250292 g 16.3095 0.0156 3.0000 12.9046 1.7899 8.8478 9.0656 9.0033
0.47712.9_1.7_09 54999.53791671100043 g 16.3092 0.0156 3.0000 12.9046 1.7899 8.8478 9.0656 9.0033
0.47712.9_1.7_09 55766.37074672379822 g 16.0558 0.0153 3.0000 12.9046 1.7899 8.8478 9.0656 9.0033
0.47712.9_1.7_09 55766.36041082580050 g 16.0285 0.0153 3.0000 12.9046 1.7899 8.8478 9.0656 9.0033
0.47712.9_1.7_09 56147.34801527119998 g 16.0285 0.0153 3.0000 12.9046 1.7899 8.8478 9.0656 9.0033
0.47712.9_1.7_09 55762.41131990220310 r 13.5669 0.0012 3.0000 12.9046 1.7899 8.8478 9.0656 9.0033
0.47712.9_1.7_09 56147.37928815969644 r 13.9931 0.0014 3.0000 12.9046 1.7899 8.8478 9.0656 9.0033
0.47712.9_1.7_09 55367.42436611880112 r 14.0133 0.0014 3.0000 12.9046 1.7899 8.8478 9.0656 9.0033
0.47712.9_1.7_09 55761.38157239970315 r 14.2406 0.0015 3.0000 12.9046 1.7899 8.8478 9.0656 9.0033
0.47712.9_1.7_09 54995.49343894010235 r 14.0349 0.0014 3.0000 12.9046 1.7899 8.8478 9.0656 9.0033
0.47712.9_1.7_09 56474.46312669310282 r 14.0263 0.0014 3.0000 12.9046 1.7899 8.8478 9.0656 9.0033
0.47712.9_1.7_09 56474.45251717000065 r 14.0218 0.0014 3.0000 12.9046 1.7899 8.8478 9.0656 9.0033
0.47712.9_1.7_09 54995.48054928670172 r 14.0308 0.0014 3.0000 12.9046 1.7899 8.8478 9.0656 9.0033
0.47712.9_1.7_09 55761.35378802479681 r 14.2399 0.0015 3.0000 12.9046 1.7899 8.8478 9.0656 9.0033
0.47712.9_1.7_09 55762.42128467099974 r 13.5709 0.0012 3.0000 12.9046 1.7899 8.8478 9.0656 9.0033
0.47712.9_1.7_09 56147.36917747619736 r 13.9919 0.0014 3.0000 12.9046 1.7899 8.8478 9.0656 9.0033
0.47712.9_1.7_09 55367.43510975880054 r 14.0146 0.0014 3.0000 12.9046 1.7899 8.8478 9.0656 9.0033
0.54411.4_1.4_09 54999.52762850250292 g 13.5316 0.0153 3.5000 11.4613 1.4034 7.1530 7.3992 7.3372
0.54411.4_1.4_09 55766.37074672379822 g 13.5296 0.0153 3.5000 11.4613 1.4034 7.1530 7.3992 7.3372
0.54411.4_1.4_09 55766.36041082580050 g 13.5164 0.0153 3.5000 11.4613 1.4034 7.1530 7.3992 7.3372
0.54412.3_1.7_09 55769.40606205489894 g 15.3809 0.0149 3.5000 12.3928 1.7059 8.1206 8.3489 8.2827
0.54412.3_1.7_09 55769.41627147010149 g 15.4036 0.0149 3.5000 12.3928 1.7059 8.1206 8.3489 8.2827
0.54412.3_1.7_09 55389.41325187029724 g 14.5125 0.0150 3.5000 12.3928 1.7059 8.1206 8.3489 8.2827
0.54412.3_1.7_09 55389.42521841580310 g 14.4721 0.0150 3.5000 12.3928 1.7059 8.1206 8.3489 8.2827
0.54412.3_1.7_09 56147.35830764369894 g 15.3567 0.0149 3.5000 12.3928 1.7059 8.1206 8.3489 8.2827
0.54412.3_1.7_09 54999.52762850250292 g 15.4088 0.0149 3.5000 12.3928 1.7059 8.1206 8.3489 8.2827
0.54412.3_1.7_09 54999.53791671100043 g 15.3956 0.0149 3.5000 12.3928 1.7059 8.1206 8.3489 8.2827
0.54412.3_1.7_09 55766.37074672379822 g 15.4172 0.0149 3.5000 12.3928 1.7059 8.1206 8.3489 8.2827
0.54412.3_1.7_09 55766.36041082580050 g 15.4033 0.0149 3.5000 12.3928 1.7059 8.1206 8.3489 8.2827
0.54412.3_1.7_09 56147.34801527119998 g 15.3955 0.0149 3.5000 12.3928 1.7059 8.1206 8.3489 8.2827
0.54412.9_1.7_09 55769.40606205489894 g 16.1455 0.0154 3.5000 12.9046 1.7899 8.6423 8.8657 8.7983
0.54412.9_1.7_09 55769.41627147010149 g 16.1526 0.0154 3.5000 12.9046 1.7899 8.6423 8.8657 8.7983
0.54412.9_1.7_09 55389.41325187029724 g 15.3005 0.0149 3.5000 12.9046 1.7899 8.6423 8.8657 8.7983
0.54412.9_1.7_09 55389.42521841580310 g 15.3001 0.0149 3.5000 12.9046 1.7899 8.6423 8.8657 8.7983
0.54412.9_1.7_09 56147.35830764369894 g 16.1782 0.0155 3.5000 12.9046 1.7899 8.6423 8.8657 8.7983
0.54412.9_1.7_09 54999.52762850250292 g 16.1946 0.0155 3.5000 12.9046 1.7899 8.6423 8.8657 8.7983
0.54412.9_1.7_09 54999.53791671100043 g 16.1980 0.0155 3.5000 12.9046 1.7899 8.6423 8.8657 8.7983
0.54412.9_1.7_09 55766.37074672379822 g 16.2056 0.0155 3.5000 12.9046 1.7899 8.6423 8.8657 8.7983
0.54412.9_1.7_09 55766.36041082580050 g 16.1918 0.0155 3.5000 12.9046 1.7899 8.6423 8.8657 8.7983
0.54412.9_1.7_09 56147.34801527119998 g 16.1446 0.0154 3.5000 12.9046 1.7899 8.6423 8.8657 8.7983
0.54412.9_1.7_09 55762.41131990220310 r 14.0411 0.0014 3.5000 12.9046 1.7899 8.6423 8.8657 8.7983
0.54412.9_1.7_09 56147.37928815969644 r 14.0373 0.0014 3.5000 12.9046 1.7899 8.6423 8.8657 8.7983
0.54412.9_1.7_09 55367.42436611880112 r 14.0746 0.0014 3.5000 12.9046 1.7899 8.6423 8.8657 8.7983
0.54412.9_1.7_09 55761.38157239970315 r 13.7758 0.0013 3.5000 12.9046 1.7899 8.6423 8.8657 8.7983
0.54412.9_1.7_09 54995.49343894010235 r 13.9550 0.0014 3.5000 12.9046 1.7899 8.6423 8.8657 8.7983
0.54412.9_1.7_09 54995.48054928670172 r 13.9514 0.0014 3.5000 12.9046 1.7899 8.6423 8.8657 8.7983
0.54412.9_1.7_09 55761.35378802479681 r 13.7669 0.0013 3.5000 12.9046 1.7899 8.6423 8.8657 8.7983
0.54412.9_1.7_09 55762.42128467099974 r 14.0444 0.0014 3.5000 12.9046 1.7899 8.6423 8.8657 8.7983
0.54412.9_1.7_09 56147.36917747619736 r 14.0366 0.0014 3.5000 12.9046 1.7899 8.6423 8.8657 8.7983
0.54412.9_1.7_09 55367.43510975880054 r 14.0711 0.0014 3.5000 12.9046 1.7899 8.6423 8.8657 8.7983
0.60212.3_1.7_09 55769.40606205489894 g 14.9012 0.0149 4.0000 12.3928 1.7059 7.9426 8.1758 8.1051
0.60212.3_1.7_09 55769.41627147010149 g 14.8986 0.0149 4.0000 12.3928 1.7059 7.9426 8.1758 8.1051
0.60212.3_1.7_09 55389.41325187029724 g 14.9115 0.0149 4.0000 12.3928 1.7059 7.9426 8.1758 8.1051
0.60212.3_1.7_09 55389.42521841580310 g 14.9299 0.0149 4.0000 12.3928 1.7059 7.9426 8.1758 8.1051
0.60212.3_1.7_09 56147.35830764369894 g 15.2627 0.0148 4.0000 12.3928 1.7059 7.9426 8.1758 8.1051
0.60212.3_1.7_09 54999.52762850250292 g 15.1330 0.0148 4.0000 12.3928 1.7059 7.9426 8.1758 8.1051
0.60212.3_1.7_09 54999.53791671100043 g 15.1220 0.0148 4.0000 12.3928 1.7059 7.9426 8.1758 8.1051
0.60212.3_1.7_09 55766.37074672379822 g 15.2279 0.0148 4.0000 12.3928 1.7059 7.9426 8.1758 8.1051
0.60212.3_1.7_09 55766.36041082580050 g 15.1870 0.0148 4.0000 12.3928 1.7059 7.9426 8.1758 8.1051
0.60212.3_1.7_09 56147.34801527119998 g 15.2481 0.0148 4.0000 12.3928 1.7059 7.9426 8.1758 8.1051
0.60212.9_1.7_09 55769.40606205489894 g 15.6717 0.0150 4.0000 12.9046 1.7899 8.4644 8.6926 8.6207
0.60212.9_1.7_09 55769.41627147010149 g 15.6570 0.0150 4.0000 12.9046 1.7899 8.4644 8.6926 8.6207
0.60212.9_1.7_09 55389.41325187029724 g 15.6747 0.0150 4.0000 12.9046 1.7899 8.4644 8.6926 8.6207
0.60212.9_1.7_09 55389.42521841580310 g 15.6611 0.0150 4.0000 12.9046 1.7899 8.4644 8.6926 8.6207
0.60212.9_1.7_09 56147.35830764369894 g 16.0456 0.0153 4.0000 12.9046 1.7899 8.4644 8.6926 8.6207
0.60212.9_1.7_09 54999.52762850250292 g 15.9199 0.0152 4.0000 12.9046 1.7899 8.4644 8.6926 8.6207
0.60212.9_1.7_09 54999.53791671100043 g 15.9084 0.0152 4.0000 12.9046 1.7899 8.4644 8.6926 8.6207
0.60212.9_1.7_09 55766.37074672379822 g 15.9747 0.0152 4.0000 12.9046 1.7899 8.4644 8.6926 8.6207
0.60212.9_1.7_09 55766.36041082580050 g 15.9806 0.0152 4.0000 12.9046 1.7899 8.4644 8.6926 8.6207
0.60212.9_1.7_09 56147.34801527119998 g 16.0227 0.0153 4.0000 12.9046 1.7899 8.4644 8.6926 8.6207
0.60212.9_1.7_09 55762.41131990220310 r 13.8525 0.0013 4.0000 12.9046 1.7899 8.4644 8.6926 8.6207
0.60212.9_1.7_09 56147.37928815969644 r 13.9235 0.0013 4.0000 12.9046 1.7899 8.4644 8.6926 8.6207
0.60212.9_1.7_09 55367.42436611880112 r 13.9043 0.0013 4.0000 12.9046 1.7899 8.4644 8.6926 8.6207
0.60212.9_1.7_09 55761.38157239970315 r 13.5920 0.0012 4.0000 12.9046 1.7899 8.4644 8.6926 8.6207
0.60212.9_1.7_09 54995.49343894010235 r 13.8708 0.0013 4.0000 12.9046 1.7899 8.4644 8.6926 8.6207
0.60212.9_1.7_09 56474.46312669310282 r 13.8634 0.0013 4.0000 12.9046 1.7899 8.4644 8.6926 8.6207
0.60212.9_1.7_09 56474.45251717000065 r 13.8610 0.0013 4.0000 12.9046 1.7899 8.4644 8.6926 8.6207
0.60212.9_1.7_09 54995.48054928670172 r 13.8788 0.0013 4.0000 12.9046 1.7899 8.4644 8.6926 8.6207
0.60212.9_1.7_09 55761.35378802479681 r 13.5827 0.0012 4.0000 12.9046 1.7899 8.4644 8.6926 8.6207
0.60212.9_1.7_09 55762.42128467099974 r 13.8536 0.0013 4.0000 12.9046 1.7899 8.4644 8.6926 8.6207
0.60212.9_1.7_09 56147.36917747619736 r 13.9258 0.0013 4.0000 12.9046 1.7899 8.4644 8.6926 8.6207
0.60212.9_1.7_09 55367.43510975880054 r 13.8999 0.0013 4.0000 12.9046 1.7899 8.4644 8.6926 8.6207
0.65312.3_1.7_09 55769.40606205489894 g 15.1894 0.0148 4.5000 12.3928 1.7059 7.7856 8.0231 7.9484
0.65312.3_1.7_09 55769.41627147010149 g 15.1852 0.0148 4.5000 12.3928 1.7059 7.7856 8.0231 7.9484
0.65312.3_1.7_09 55389.41325187029724 g 14.5162 0.0150 4.5000 12.3928 1.7059 7.7856 8.0231 7.9484
0.65312.3_1.7_09 55389.42521841580310 g 14.5128 0.0150 4.5000 12.3928 1.7059 7.7856 8.0231 7.9484
0.65312.3_1.7_09 56147.35830764369894 g 15.1348 0.0148 4.5000 12.3928 1.7059 7.7856 8.0231 7.9484
0.65312.3_1.7_09 54999.52762850250292 g 15.0885 0.0148 4.5000 12.3928 1.7059 7.7856 8.0231 7.9484
0.65312.3_1.7_09 54999.53791671100043 g 15.0897 0.0148 4.5000 12.3928 1.7059 7.7856 8.0231 7.9484
0.65312.3_1.7_09 55766.37074672379822 g 14.5255 0.0150 4.5000 12.3928 1.7059 7.7856 8.0231 7.9484
0.65312.3_1.7_09 55766.36041082580050 g 14.5364 0.0150 4.5000 12.3928 1.7059 7.7856 8.0231 7.9484
0.65312.3_1.7_09 56147.34801527119998 g 15.1619 0.0148 4.5000 12.3928 1.7059 7.7856 8.0231 7.9484
0.65312.9_1.7_09 55769.40606205489894 g 15.9321 0.0152 4.5000 12.9046 1.7899 8.3074 8.5399 8.4641
0.65312.9_1.7_09 55769.41627147010149 g 15.9503 0.0152 4.5000 12.9046 1.7899 8.3074 8.5399 8.4641
0.65312.9_1.7_09 55389.41325187029724 g 15.3144 0.0149 4.5000 12.9046 1.7899 8.3074 8.5399 8.4641
0.65312.9_1.7_09 55389.42521841580310 g 15.2503 0.0148 4.5000 12.9046 1.7899 8.3074 8.5399 8.4641
0.65312.9_1.7_09 56147.35830764369894 g 15.9450 0.0152 4.5000 12.9046 1.7899 8.3074 8.5399 8.4641
0.65312.9_1.7_09 54999.52762850250292 g 15.8633 0.0151 4.5000 12.9046 1.7899 8.3074 8.5399 8.4641
0.65312.9_1.7_09 54999.53791671100043 g 15.8916 0.0151 4.5000 12.9046 1.7899 8.3074 8.5399 8.4641
0.65312.9_1.7_09 55766.37074672379822 g 15.3383 0.0149 4.5000 12.9046 1.7899 8.3074 8.5399 8.4641
0.65312.9_1.7_09 55766.36041082580050 g 15.3324 0.0149 4.5000 12.9046 1.7899 8.3074 8.5399 8.4641
0.65312.9_1.7_09 56147.34801527119998 g 15.9282 0.0152 4.5000 12.9046 1.7899 8.3074 8.5399 8.4641
0.65312.9_1.7_09 56147.37928815969644 r 13.7686 0.0013 4.5000 12.9046 1.7899 8.3074 8.5399 8.4641
0.65312.9_1.7_09 55761.38157239970315 r 13.7619 0.0013 4.5000 12.9046 1.7899 8.3074 8.5399 8.4641
0.65312.9_1.7_09 54995.49343894010235 r 13.7835 0.0013 4.5000 12.9046 1.7899 8.3074 8.5399 8.4641
0.65312.9_1.7_09 54995.48054928670172 r 13.7804 0.0013 4.5000 12.9046 1.7899 8.3074 8.5399 8.4641
0.65312.9_1.7_09 55761.35378802479681 r 13.7711 0.0013 4.5000 12.9046 1.7899 8.3074 8.5399 8.4641
0.65312.9_1.7_09 56147.36917747619736 r 13.7654 0.0013 4.5000 12.9046 1.7899 8.3074 8.5399 8.4641
0.69812.3_1.7_09 55769.40606205489894 g 15.1273 0.0148 5.0000 12.3928 1.7059 7.6452 7.8865 7.8083
0.69812.3_1.7_09 55769.41627147010149 g 15.1212 0.0148 5.0000 12.3928 1.7059 7.6452 7.8865 7.8083
0.69812.3_1.7_09 55389.41325187029724 g 15.1370 0.0148 5.0000 12.3928 1.7059 7.6452 7.8865 7.8083
0.69812.3_1.7_09 55389.42521841580310 g 15.1032 0.0148 5.0000 12.3928 1.7059 7.6452 7.8865 7.8083
0.69812.3_1.7_09 56147.35830764369894 g 14.5680 0.0150 5.0000 12.3928 1.7059 7.6452 7.8865 7.8083
0.69812.3_1.7_09 54999.52762850250292 g 15.1119 0.0148 5.0000 12.3928 1.7059 7.6452 7.8865 7.8083
0.69812.3_1.7_09 54999.53791671100043 g 15.1249 0.0148 5.0000 12.3928 1.7059 7.6452 7.8865 7.8083
0.69812.3_1.7_09 55766.37074672379822 g 14.1784 0.0151 5.0000 12.3928 1.7059 7.6452 7.8865 7.8083
0.69812.3_1.7_09 55766.36041082580050 g 14.1878 0.0151 5.0000 12.3928 1.7059 7.6452 7.8865 7.8083
0.69812.3_1.7_09 56147.34801527119998 g 14.5690 0.0150 5.0000 12.3928 1.7059 7.6452 7.8865 7.8083
0.69812.9_1.7_09 55769.40606205489894 g 15.8559 0.0151 5.0000 12.9046 1.7899 8.1670 8.4033 8.3240
0.69812.9_1.7_09 55769.41627147010149 g 15.8836 0.0151 5.0000 12.9046 1.7899 8.1670 8.4033 8.3240
0.69812.9_1.7_09 55389.41325187029724 g 15.8941 0.0151 5.0000 12.9046 1.7899 8.1670 8.4033 8.3240
0.69812.9_1.7_09 55389.42521841580310 g 15.8423 0.0151 5.0000 12.9046 1.7899 8.1670 8.4033 8.3240
0.69812.9_1.7_09 56147.35830764369894 g 15.3590 0.0149 5.0000 12.9046 1.7899 8.1670 8.4033 8.3240
0.69812.9_1.7_09 54999.52762850250292 g 15.9387 0.0152 5.0000 12.9046 1.7899 8.1670 8.4033 8.3240
0.69812.9_1.7_09 54999.53791671100043 g 15.8849 0.0151 5.0000 12.9046 1.7899 8.1670 8.4033 8.3240
0.69812.9_1.7_09 55766.37074672379822 g 14.9686 0.0149 5.0000 12.9046 1.7899 8.1670 8.4033 8.3240
0.69812.9_1.7_09 55766.36041082580050 g 14.9236 0.0149 5.0000 12.9046 1.7899 8.1670 8.4033 8.3240
0.69812.9_1.7_09 56147.34801527119998 g 15.3667 0.0149 5.0000 12.9046 1.7899 8.1670 8.4033 8.3240
0.69812.9_1.7_09 54995.49343894010235 r 13.5337 0.0011 5.0000 12.9046 1.7899 8.1670 8.4033 8.3240
0.69812.9_1.7_09 56474.46312669310282 r 13.6978 0.0012 5.0000 12.9046 1.7899 8.1670 8.4033 8.3240
0.69812.9_1.7_09 56474.45251717000065 r 13.6993 0.0012 5.0000 12.9046 1.7899 8.1670 8.4033 8.3240
0.69812.9_1.7_09 54995.48054928670172 r 13.5423 0.0011 5.0000 12.9046 1.7899 8.1670 8.4033 8.3240
0.74012.3_1.7_09 55769.40606205489894 g 14.8594 0.0149 5.5000 12.3928 1.7059 7.5182 7.7629 7.6816
0.74012.3_1.7_09 55769.41627147010149 g 14.8770 0.0149 5.5000 12.3928 1.7059 7.5182 7.7629 7.6816
0.74012.3_1.7_09 55389.41325187029724 g 14.7287 0.0149 5.5000 12.3928 1.7059 7.5182 7.7629 7.6816
0.74012.3_1.7_09 55389.42521841580310 g 14.7519 0.0149 5.5000 12.3928 1.7059 7.5182 7.7629 7.6816
0.74012.3_1.7_09 56147.35830764369894 g 14.4863 0.0150 5.5000 12.3928 1.7059 7.5182 7.7629 7.6816
0.74012.3_1.7_09 54999.52762850250292 g 14.9315 0.0149 5.5000 12.3928 1.7059 7.5182 7.7629 7.6816
0.74012.3_1.7_09 54999.53791671100043 g 14.8757 0.0149 5.5000 12.3928 1.7059 7.5182 7.7629 7.6816
0.74012.3_1.7_09 55766.37074672379822 g 14.2939 0.0151 5.5000 12.3928 1.7059 7.5182 7.7629 7.6816
0.74012.3_1.7_09 55766.36041082580050 g 14.2813 0.0151 5.5000 12.3928 1.7059 7.5182 7.7629 7.6816
0.74012.3_1.7_09 56147.34801527119998 g 14.4841 0.0150 5.5000 12.3928 1.7059 7.5182 7.7629 7.6816
0.74012.9_1.7_09 55769.40606205489894 g 15.6470 0.0150 5.5000 12.9046 1.7899 8.0400 8.2797 8.1972
0.74012.9_1.7_09 55769.41627147010149 g 15.6686 0.0150 5.5000 12.9046 1.7899 8.0400 8.2797 8.1972
0.74012.9_1.7_09 55389.41325187029724 g 15.5190 0.0149 5.5000 12.9046 1.7899 8.0400 8.2797 8.1972
0.74012.9_1.7_09 55389.42521841580310 g 15.5327 0.0149 5.5000 12.9046 1.7899 8.0400 8.2797 8.1972
0.74012.9_1.7_09 56147.35830764369894 g 15.2743 0.0148 5.5000 12.9046 1.7899 8.0400 8.2797 8.1972
0.74012.9_1.7_09 54999.52762850250292 g 15.6798 0.0150 5.5000 12.9046 1.7899 8.0400 8.2797 8.1972
0.74012.9_1.7_09 54999.53791671100043 g 15.6738 0.0150 5.5000 12.9046 1.7899 8.0400 8.2797 8.1972
0.74012.9_1.7_09 55766.37074672379822 g 15.0770 0.0148 5.5000 12.9046 1.7899 8.0400 8.2797 8.1972
0.74012.9_1.7_09 55766.36041082580050 g 15.0782 0.0148 5.5000 12.9046 1.7899 8.0400 8.2797 8.1972
0.74012.9_1.7_09 56147.34801527119998 g 15.2341 0.0148 5.5000 12.9046 1.7899 8.0400 8.2797 8.1972
0.74012.9_1.7_09 54995.49343894010235 r 13.6227 0.0012 5.5000 12.9046 1.7899 8.0400 8.2797 8.1972
0.74012.9_1.7_09 56474.46312669310282 r 13.6446 0.0012 5.5000 12.9046 1.7899 8.0400 8.2797 8.1972
0.74012.9_1.7_09 56474.45251717000065 r 13.6429 0.0012 5.5000 12.9046 1.7899 8.0400 8.2797 8.1972
0.74012.9_1.7_09 54995.48054928670172 r 13.6268 0.0012 5.5000 12.9046 1.7899 8.0400 8.2797 8.1972
0.77812.3_1.7_09 55769.40606205489894 g 14.4031 0.0150 6.0000 12.3928 1.7059 7.4022 7.6501 7.5658
0.77812.3_1.7_09 55769.41627147010149 g 14.4145 0.0150 6.0000 12.3928 1.7059 7.4022 7.6501 7.5658
0.77812.3_1.7_09 55389.41325187029724 g 14.5849 0.0149 6.0000 12.3928 1.7059 7.4022 7.6501 7.5658
0.77812.3_1.7_09 55389.42521841580310 g 14.5406 0.0150 6.0000 12.3928 1.7059 7.4022 7.6501 7.5658
0.77812.3_1.7_09 56147.35830764369894 g 14.3696 0.0150 6.0000 12.3928 1.7059 7.4022 7.6501 7.5658
0.77812.3_1.7_09 54999.52762850250292 g 14.4723 0.0150 6.0000 12.3928 1.7059 7.4022 7.6501 7.5658
0.77812.3_1.7_09 54999.53791671100043 g 14.4898 0.0150 6.0000 12.3928 1.7059 7.4022 7.6501 7.5658
0.77812.3_1.7_09 55766.37074672379822 g 15.0375 0.0148 6.0000 12.3928 1.7059 7.4022 7.6501 7.5658
0.77812.3_1.7_09 55766.36041082580050 g 15.0016 0.0148 6.0000 12.3928 1.7059 7.4022 7.6501 7.5658
0.77812.3_1.7_09 56147.34801527119998 g 14.3792 0.0150 6.0000 12.3928 1.7059 7.4022 7.6501 7.5658
0.77812.9_1.7_09 55769.40606205489894 g 15.1589 0.0148 6.0000 12.9046 1.7899 7.9240 8.1669 8.0815
0.77812.9_1.7_09 55769.41627147010149 g 15.1703 0.0148 6.0000 12.9046 1.7899 7.9240 8.1669 8.0815
0.77812.9_1.7_09 55389.41325187029724 g 15.3699 0.0149 6.0000 12.9046 1.7899 7.9240 8.1669 8.0815
0.77812.9_1.7_09 55389.42521841580310 g 15.3621 0.0149 6.0000 12.9046 1.7899 7.9240 8.1669 8.0815
0.77812.9_1.7_09 56147.35830764369894 g 15.1607 0.0148 6.0000 12.9046 1.7899 7.9240 8.1669 8.0815
0.77812.9_1.7_09 54999.52762850250292 g 15.2492 0.0148 6.0000 12.9046 1.7899 7.9240 8.1669 8.0815
0.77812.9_1.7_09 54999.53791671100043 g 15.2767 0.0148 6.0000 12.9046 1.7899 7.9240 8.1669 8.0815
0.77812.9_1.7_09 55766.37074672379822 g 15.8018 0.0151 6.0000 12.9046 1.7899 7.9240 8.1669 8.0815
0.77812.9_1.7_09 55766.36041082580050 g 15.8257 0.0151 6.0000 12.9046 1.7899 7.9240 8.1669 8.0815
0.77812.9_1.7_09 56147.34801527119998 g 15.1524 0.0148 6.0000 12.9046 1.7899 7.9240 8.1669 8.0815
0.77812.9_1.7_09 56474.46312669310282 r 13.5638 0.0012 6.0000 12.9046 1.7899 7.9240 8.1669 8.0815
0.77812.9_1.7_09 56474.45251717000065 r 13.5663 0.0012 6.0000 12.9046 1.7899 7.9240 8.1669 8.0815
0.81212.3_1.7_09 55769.40606205489894 g 14.7949 0.0149 6.5000 12.3928 1.7059 7.2955 7.5463 7.4594
0.81212.3_1.7_09 55769.41627147010149 g 14.8252 0.0149 6.5000 12.3928 1.7059 7.2955 7.5463 7.4594
0.81212.3_1.7_09 55389.41325187029724 g 14.5369 0.0150 6.5000 12.3928 1.7059 7.2955 7.5463 7.4594
0.81212.3_1.7_09 55389.42521841580310 g 14.5525 0.0150 6.5000 12.3928 1.7059 7.2955 7.5463 7.4594
0.81212.3_1.7_09 56147.35830764369894 g 14.0959 0.0151 6.5000 12.3928 1.7059 7.2955 7.5463 7.4594
0.81212.3_1.7_09 54999.52762850250292 g 14.5551 0.0150 6.5000 12.3928 1.7059 7.2955 7.5463 7.4594
0.81212.3_1.7_09 54999.53791671100043 g 14.5472 0.0150 6.5000 12.3928 1.7059 7.2955 7.5463 7.4594
0.81212.3_1.7_09 55766.37074672379822 g 14.5149 0.0150 6.5000 12.3928 1.7059 7.2955 7.5463 7.4594
0.81212.3_1.7_09 55766.36041082580050 g 14.5187 0.0150 6.5000 12.3928 1.7059 7.2955 7.5463 7.4594
0.81212.3_1.7_09 56147.34801527119998 g 14.1258 0.0151 6.5000 12.3928 1.7059 7.2955 7.5463 7.4594
0.81212.9_1.7_09 55769.40606205489894 g 15.5846 0.0149 6.5000 12.9046 1.7899 7.8173 8.0631 7.9750
0.81212.9_1.7_09 55769.41627147010149 g 15.6238 0.0150 6.5000 12.9046 1.7899 7.8173 8.0631 7.9750
0.81212.9_1.7_09 55389.41325187029724 g 15.3144 0.0149 6.5000 12.9046 1.7899 7.8173 8.0631 7.9750
0.81212.9_1.7_09 55389.42521841580310 g 15.2845 0.0148 6.5000 12.9046 1.7899 7.8173 8.0631 7.9750
0.81212.9_1.7_09 56147.35830764369894 g 14.8754 0.0149 6.5000 12.9046 1.7899 7.8173 8.0631 7.9750
0.81212.9_1.7_09 54999.52762850250292 g 15.3537 0.0149 6.5000 12.9046 1.7899 7.8173 8.0631 7.9750
0.81212.9_1.7_09 54999.53791671100043 g 15.3246 0.0149 6.5000 12.9046 1.7899 7.8173 8.0631 7.9750
0.81212.9_1.7_09 55766.37074672379822 g 15.2919 0.0149 6.5000 12.9046 1.7899 7.8173 8.0631 7.9750
0.81212.9_1.7_09 55766.36041082580050 g 15.3316 0.0149 6.5000 12.9046 1.7899 7.8173 8.0631 7.9750
0.81212.9_1.7_09 56147.34801527119998 g 14.8988 0.0149 6.5000 12.9046 1.7899 7.8173 8.0631 7.9750
0.84512.3_1.7_09 55769.40606205489894 g 14.4379 0.0150 7.0000 12.3928 1.7059 7.1968 7.4502 7.3608
0.84512.3_1.7_09 55769.41627147010149 g 14.4688 0.0150 7.0000 12.3928 1.7059 7.1968 7.4502 7.3608
0.84512.3_1.7_09 55389.41325187029724 g 13.9030 0.0152 7.0000 12.3928 1.7059 7.1968 7.4502 7.3608
0.84512.3_1.7_09 55389.42521841580310 g 13.9378 0.0152 7.0000 12.3928 1.7059 7.1968 7.4502 7.3608
0.84512.3_1.7_09 56147.35830764369894 g 14.4528 0.0150 7.0000 12.3928 1.7059 7.1968 7.4502 7.3608
0.84512.3_1.7_09 54999.52762850250292 g 14.4535 0.0150 7.0000 12.3928 1.7059 7.1968 7.4502 7.3608
0.84512.3_1.7_09 54999.53791671100043 g 14.4491 0.0150 7.0000 12.3928 1.7059 7.1968 7.4502 7.3608
0.84512.3_1.7_09 55766.37074672379822 g 14.3881 0.0150 7.0000 12.3928 1.7059 7.1968 7.4502 7.3608
0.84512.3_1.7_09 55766.36041082580050 g 14.4083 0.0150 7.0000 12.3928 1.7059 7.1968 7.4502 7.3608
0.84512.3_1.7_09 56147.34801527119998 g 14.4379 0.0150 7.0000 12.3928 1.7059 7.1968 7.4502 7.3608
0.84512.9_1.7_09 55769.40606205489894 g 15.2096 0.0148 7.0000 12.9046 1.7899 7.7186 7.9670 7.8765
0.84512.9_1.7_09 55769.41627147010149 g 15.2165 0.0148 7.0000 12.9046 1.7899 7.7186 7.9670 7.8765
0.84512.9_1.7_09 55389.41325187029724 g 14.7230 0.0149 7.0000 12.9046 1.7899 7.7186 7.9670 7.8765
0.84512.9_1.7_09 55389.42521841580310 g 14.7122 0.0149 7.0000 12.9046 1.7899 7.7186 7.9670 7.8765
0.84512.9_1.7_09 56147.35830764369894 g 15.2426 0.0148 7.0000 12.9046 1.7899 7.7186 7.9670 7.8765
0.84512.9_1.7_09 54999.52762850250292 g 15.2549 0.0148 7.0000 12.9046 1.7899 7.7186 7.9670 7.8765
0.84512.9_1.7_09 54999.53791671100043 g 15.2495 0.0148 7.0000 12.9046 1.7899 7.7186 7.9670 7.8765
0.84512.9_1.7_09 55766.37074672379822 g 15.1631 0.0148 7.0000 12.9046 1.7899 7.7186 7.9670 7.8765
0.84512.9_1.7_09 55766.36041082580050 g 15.1679 0.0148 7.0000 12.9046 1.7899 7.7186 7.9670 7.8765
0.84512.9_1.7_09 56147.34801527119998 g 15.2050 0.0148 7.0000 12.9046 1.7899 7.7186 7.9670 7.8765
0.87512.3_1.7_09 55769.40606205489894 g 14.7993 0.0149 7.5000 12.3928 1.7059 7.1048 7.3608 7.2691
0.87512.3_1.7_09 55769.41627147010149 g 14.7810 0.0149 7.5000 12.3928 1.7059 7.1048 7.3608 7.2691
0.87512.3_1.7_09 55389.41325187029724 g 14.0367 0.0152 7.5000 12.3928 1.7059 7.1048 7.3608 7.2691
0.87512.3_1.7_09 55389.42521841580310 g 14.0610 0.0151 7.5000 12.3928 1.7059 7.1048 7.3608 7.2691
0.87512.3_1.7_09 56147.35830764369894 g 14.1330 0.0151 7.5000 12.3928 1.7059 7.1048 7.3608 7.2691
0.87512.3_1.7_09 54999.52762850250292 g 14.0699 0.0151 7.5000 12.3928 1.7059 7.1048 7.3608 7.2691
0.87512.3_1.7_09 54999.53791671100043 g 14.0935 0.0151 7.5000 12.3928 1.7059 7.1048 7.3608 7.2691
0.87512.3_1.7_09 55766.37074672379822 g 14.3825 0.0150 7.5000 12.3928 1.7059 7.1048 7.3608 7.2691
0.87512.3_1.7_09 55766.36041082580050 g 14.4039 0.0150 7.5000 12.3928 1.7059 7.1048 7.3608 7.2691
0.87512.3_1.7_09 56147.34801527119998 g 14.1454 0.0151 7.5000 12.3928 1.7059 7.1048 7.3608 7.2691
0.87512.9_1.7_09 55769.40606205489894 g 15.5556 0.0149 7.5000 12.9046 1.7899 7.6266 7.8776 7.7847
0.87512.9_1.7_09 55769.41627147010149 g 15.5773 0.0149 7.5000 12.9046 1.7899 7.6266 7.8776 7.7847
0.87512.9_1.7_09 55389.41325187029724 g 14.8494 0.0149 7.5000 12.9046 1.7899 7.6266 7.8776 7.7847
0.87512.9_1.7_09 55389.42521841580310 g 14.8262 0.0149 7.5000 12.9046 1.7899 7.6266 7.8776 7.7847
0.87512.9_1.7_09 56147.35830764369894 g 14.9127 0.0149 7.5000 12.9046 1.7899 7.6266 7.8776 7.7847
0.87512.9_1.7_09 54999.52762850250292 g 14.8312 0.0149 7.5000 12.9046 1.7899 7.6266 7.8776 7.7847
0.87512.9_1.7_09 54999.53791671100043 g 14.8549 0.0149 7.5000 12.9046 1.7899 7.6266 7.8776 7.7847
0.87512.9_1.7_09 55766.37074672379822 g 15.1398 0.0148 7.5000 12.9046 1.7899 7.6266 7.8776 7.7847
0.87512.9_1.7_09 55766.36041082580050 g 15.1765 0.0148 7.5000 12.9046 1.7899 7.6266 7.8776 7.7847
0.87512.9_1.7_09 56147.34801527119998 g 14.9156 0.0149 7.5000 12.9046 1.7899 7.6266 7.8776 7.7847
0.90312.3_1.7_09 55769.40606205489894 g 14.0748 0.0151 8.0000 12.3928 1.7059 7.0188 7.2771 7.1832
0.90312.3_1.7_09 55769.41627147010149 g 14.0735 0.0151 8.0000 12.3928 1.7059 7.0188 7.2771 7.1832
0.90312.3_1.7_09 55389.41325187029724 g 14.8246 0.0149 8.0000 12.3928 1.7059 7.0188 7.2771 7.1832
0.90312.3_1.7_09 55389.42521841580310 g 14.8153 0.0149 8.0000 12.3928 1.7059 7.0188 7.2771 7.1832
0.90312.3_1.7_09 56147.35830764369894 g 14.4263 0.0150 8.0000 12.3928 1.7059 7.0188 7.2771 7.1832
0.90312.3_1.7_09 54999.52762850250292 g 14.0635 0.0151 8.0000 12.3928 1.7059 7.0188 7.2771 7.1832
0.90312.3_1.7_09 54999.53791671100043 g 14.1109 0.0151 8.0000 12.3928 1.7059 7.0188 7.2771 7.1832
0.90312.3_1.7_09 55766.37074672379822 g 14.6941 0.0149 8.0000 12.3928 1.7059 7.0188 7.2771 7.1832
0.90312.3_1.7_09 55766.36041082580050 g 14.7346 0.0149 8.0000 12.3928 1.7059 7.0188 7.2771 7.1832
0.90312.3_1.7_09 56147.34801527119998 g 14.4440 0.0150 8.0000 12.3928 1.7059 7.0188 7.2771 7.1832
0.90312.9_1.7_09 55769.40606205489894 g 14.8578 0.0149 8.0000 12.9046 1.7899 7.5406 7.7939 7.6989
0.90312.9_1.7_09 55769.41627147010149 g 14.8791 0.0149 8.0000 12.9046 1.7899 7.5406 7.7939 7.6989
0.90312.9_1.7_09 55389.41325187029724 g 15.5824 0.0149 8.0000 12.9046 1.7899 7.5406 7.7939 7.6989
0.90312.9_1.7_09 55389.42521841580310 g 15.6023 0.0149 8.0000 12.9046 1.7899 7.5406 7.7939 7.6989
0.90312.9_1.7_09 56147.35830764369894 g 15.2220 0.0148 8.0000 12.9046 1.7899 7.5406 7.7939 7.6989
0.90312.9_1.7_09 54999.52762850250292 g 14.8751 0.0149 8.0000 12.9046 1.7899 7.5406 7.7939 7.6989
0.90312.9_1.7_09 54999.53791671100043 g 14.8670 0.0149 8.0000 12.9046 1.7899 7.5406 7.7939 7.6989
0.90312.9_1.7_09 55766.37074672379822 g 15.5002 0.0149 8.0000 12.9046 1.7899 7.5406 7.7939 7.6989
0.90312.9_1.7_09 55766.36041082580050 g 15.4920 0.0149 8.0000 12.9046 1.7899 7.5406 7.7939 7.6989
0.90312.9_1.7_09 56147.34801527119998 g 15.2100 0.0148 8.0000 12.9046 1.7899 7.5406 7.7939 7.6989
0.92912.3_1.7_09 55769.40606205489894 g 14.5677 0.0150 8.5000 12.3928 1.7059 6.9380 7.1985 7.1026
0.92912.3_1.7_09 55769.41627147010149 g 14.5467 0.0150 8.5000 12.3928 1.7059 6.9380 7.1985 7.1026
0.92912.3_1.7_09 55389.41325187029724 g 14.6044 0.0149 8.5000 12.3928 1.7059 6.9380 7.1985 7.1026
0.92912.3_1.7_09 55389.42521841580310 g 14.6066 0.0149 8.5000 12.3928 1.7059 6.9380 7.1985 7.1026
0.92912.3_1.7_09 56147.35830764369894 g 13.8663 0.0152 8.5000 12.3928 1.7059 6.9380 7.1985 7.1026
0.92912.3_1.7_09 54999.52762850250292 g 14.0288 0.0152 8.5000 12.3928 1.7059 6.9380 7.1985 7.1026
0.92912.3_1.7_09 54999.53791671100043 g 14.0386 0.0152 8.5000 12.3928 1.7059 6.9380 7.1985 7.1026
0.92912.3_1.7_09 55766.37074672379822 g 14.0235 0.0152 8.5000 12.3928 1.7059 6.9380 7.1985 7.1026
0.92912.3_1.7_09 55766.36041082580050 g 14.0181 0.0152 8.5000 12.3928 1.7059 6.9380 7.1985 7.1026
0.92912.3_1.7_09 56147.34801527119998 g 13.8643 0.0152 8.5000 12.3928 1.7059 6.9380 7.1985 7.1026
0.92912.9_1.7_09 55769.40606205489894 g 15.3545 0.0149 8.5000 12.9046 1.7899 7.4598 7.7153 7.6183
0.92912.9_1.7_09 55769.41627147010149 g 15.3348 0.0149 8.5000 12.9046 1.7899 7.4598 7.7153 7.6183
0.92912.9_1.7_09 55389.41325187029724 g 15.4042 0.0149 8.5000 12.9046 1.7899 7.4598 7.7153 7.6183
0.92912.9_1.7_09 55389.42521841580310 g 15.4057 0.0149 8.5000 12.9046 1.7899 7.4598 7.7153 7.6183
0.92912.9_1.7_09 56147.35830764369894 g 14.6355 0.0149 8.5000 12.9046 1.7899 7.4598 7.7153 7.6183
0.92912.9_1.7_09 54999.52762850250292 g 14.8054 0.0149 8.5000 12.9046 1.7899 7.4598 7.7153 7.6183
0.92912.9_1.7_09 54999.53791671100043 g 14.8081 0.0149 8.5000 12.9046 1.7899 7.4598 7.7153 7.6183
0.92912.9_1.7_09 55766.37074672379822 g 14.7750 0.0149 8.5000 12.9046 1.7899 7.4598 7.7153 7.6183
0.92912.9_1.7_09 55766.36041082580050 g 14.8028 0.0149 8.5000 12.9046 1.7899 7.4598 7.7153 7.6183
0.92912.9_1.7_09 56147.34801527119998 g 14.6254 0.0149 8.5000 12.9046 1.7899 7.4598 7.7153 7.6183
0.95412.3_1.7_09 55769.40606205489894 g 14.5424 0.0150 9.0000 12.3928 1.7059 6.8618 7.1244 7.0266
0.95412.3_1.7_09 55769.41627147010149 g 14.5246 0.0150 9.0000 12.3928 1.7059 6.8618 7.1244 7.0266
0.95412.3_1.7_09 55389.41325187029724 g 14.6435 0.0149 9.0000 12.3928 1.7059 6.8618 7.1244 7.0266
0.95412.3_1.7_09 55389.42521841580310 g 14.6249 0.0149 9.0000 12.3928 1.7059 6.8618 7.1244 7.0266
0.95412.3_1.7_09 56147.35830764369894 g 14.5320 0.0150 9.0000 12.3928 1.7059 6.8618 7.1244 7.0266
0.95412.3_1.7_09 54999.52762850250292 g 14.0609 0.0151 9.0000 12.3928 1.7059 6.8618 7.1244 7.0266
0.95412.3_1.7_09 54999.53791671100043 g 14.0732 0.0151 9.0000 12.3928 1.7059 6.8618 7.1244 7.0266
0.95412.3_1.7_09 55766.37074672379822 g 14.4897 0.0150 9.0000 12.3928 1.7059 6.8618 7.1244 7.0266
0.95412.3_1.7_09 55766.36041082580050 g 14.4489 0.0150 9.0000 12.3928 1.7059 6.8618 7.1244 7.0266
0.95412.3_1.7_09 56147.34801527119998 g 14.5161 0.0150 9.0000 12.3928 1.7059 6.8618 7.1244 7.0266
0.95412.9_1.7_09 55769.40606205489894 g 15.3083 0.0149 9.0000 12.9046 1.7899 7.3836 7.6412 7.5423
0.95412.9_1.7_09 55769.41627147010149 g 15.3018 0.0149 9.0000 12.9046 1.7899 7.3836 7.6412 7.5423
0.95412.9_1.7_09 55389.41325187029724 g 15.4249 0.0149 9.0000 12.9046 1.7899 7.3836 7.6412 7.5423
0.95412.9_1.7_09 55389.42521841580310 g 15.3985 0.0149 9.0000 12.9046 1.7899 7.3836 7.6412 7.5423
0.95412.9_1.7_09 56147.35830764369894 g 15.3123 0.0149 9.0000 12.9046 1.7899 7.3836 7.6412 7.5423
0.95412.9_1.7_09 54999.52762850250292 g 14.8429 0.0149 9.0000 12.9046 1.7899 7.3836 7.6412 7.5423
0.95412.9_1.7_09 54999.53791671100043 g 14.8610 0.0149 9.0000 12.9046 1.7899 7.3836 7.6412 7.5423
0.95412.9_1.7_09 55766.37074672379822 g 15.2328 0.0148 9.0000 12.9046 1.7899 7.3836 7.6412 7.5423
0.95412.9_1.7_09 55766.36041082580050 g 15.2428 0.0148 9.0000 12.9046 1.7899 7.3836 7.6412 7.5423
0.95412.9_1.7_09 56147.34801527119998 g 15.2990 0.0149 9.0000 12.9046 1.7899 7.3836 7.6412 7.5423
0.97712.3_1.7_09 55769.40606205489894 g 13.8288 0.0152 9.5000 12.3928 1.7059 6.7898 7.0543 6.9547
0.97712.3_1.7_09 55769.41627147010149 g 13.7987 0.0152 9.5000 12.3928 1.7059 6.7898 7.0543 6.9547
0.97712.3_1.7_09 55389.41325187029724 g 13.8062 0.0152 9.5000 12.3928 1.7059 6.7898 7.0543 6.9547
0.97712.3_1.7_09 55389.42521841580310 g 13.8042 0.0152 9.5000 12.3928 1.7059 6.7898 7.0543 6.9547
0.97712.3_1.7_09 56147.35830764369894 g 14.2488 0.0151 9.5000 12.3928 1.7059 6.7898 7.0543 6.9547
0.97712.3_1.7_09 54999.52762850250292 g 13.7203 0.0152 9.5000 12.3928 1.7059 6.7898 7.0543 6.9547
0.97712.3_1.7_09 54999.53791671100043 g 13.7472 0.0152 9.5000 12.3928 1.7059 6.7898 7.0543 6.9547
0.97712.3_1.7_09 55766.37074672379822 g 14.6097 0.0149 9.5000 12.3928 1.7059 6.7898 7.0543 6.9547
0.97712.3_1.7_09 55766.36041082580050 g 14.5990 0.0149 9.5000 12.3928 1.7059 6.7898 7.0543 6.9547
0.97712.3_1.7_09 56147.34801527119998 g 14.2521 0.0151 9.5000 12.3928 1.7059 6.7898 7.0543 6.9547
0.97712.9_1.7_09 55769.40606205489894 g 14.6064 0.0149 9.5000 12.9046 1.7899 7.3116 7.5711 7.4704
0.97712.9_1.7_09 55769.41627147010149 g 14.5701 0.0150 9.5000 12.9046 1.7899 7.3116 7.5711 7.4704
0.97712.9_1.7_09 55389.41325187029724 g 14.5826 0.0149 9.5000 12.9046 1.7899 7.3116 7.5711 7.4704
0.97712.9_1.7_09 55389.42521841580310 g 14.5937 0.0149 9.5000 12.9046 1.7899 7.3116 7.5711 7.4704
0.97712.9_1.7_09 56147.35830764369894 g 15.0095 0.0148 9.5000 12.9046 1.7899 7.3116 7.5711 7.4704
0.97712.9_1.7_09 54999.52762850250292 g 14.5559 0.0150 9.5000 12.9046 1.7899 7.3116 7.5711 7.4704
0.97712.9_1.7_09 54999.53791671100043 g 14.5352 0.0150 9.5000 12.9046 1.7899 7.3116 7.5711 7.4704
0.97712.9_1.7_09 55766.37074672379822 g 15.4020 0.0149 9.5000 12.9046 1.7899 7.3116 7.5711 7.4704
0.97712.9_1.7_09 55766.36041082580050 g 15.3927 0.0149 9.5000 12.9046 1.7899 7.3116 7.5711 7.4704
0.97712.9_1.7_09 56147.34801527119998 g 15.0247 0.0148 9.5000 12.9046 1.7899 7.3116 7.5711 7.4704
1.04112.3_1.7_09 55769.40606205489894 g 14.2451 0.0151 11.0000 12.3928 1.7059 6.5944 6.8642 6.7597
1.04112.3_1.7_09 55769.41627147010149 g 14.2798 0.0151 11.0000 12.3928 1.7059 6.5944 6.8642 6.7597
1.04112.3_1.7_09 55389.41325187029724 g 13.8901 0.0152 11.0000 12.3928 1.7059 6.5944 6.8642 6.7597
1.04112.3_1.7_09 55389.42521841580310 g 13.8905 0.0152 11.0000 12.3928 1.7059 6.5944 6.8642 6.7597
1.04112.3_1.7_09 56147.35830764369894 g 13.6161 0.0153 11.0000 12.3928 1.7059 6.5944 6.8642 6.7597
1.04112.3_1.7_09 54999.52762850250292 g 14.2109 0.0151 11.0000 12.3928 1.7059 6.5944 6.8642 6.7597
1.04112.3_1.7_09 54999.53791671100043 g 14.2209 0.0151 11.0000 12.3928 1.7059 6.5944 6.8642 6.7597
1.04112.3_1.7_09 55766.37074672379822 g 14.5741 0.0150 11.0000 12.3928 1.7059 6.5944 6.8642 6.7597
1.04112.3_1.7_09 55766.36041082580050 g 14.5798 0.0150 11.0000 12.3928 1.7059 6.5944 6.8642 6.7597
1.04112.3_1.7_09 56147.34801527119998 g 13.6237 0.0153 11.0000 12.3928 1.7059 6.5944 6.8642 6.7597
1.04112.9_1.7_09 55769.40606205489894 g 15.0370 0.0148 11.0000 12.9046 1.7899 7.1162 7.3810 7.2754
1.04112.9_1.7_09 55769.41627147010149 g 15.0574 0.0148 11.0000 12.9046 1.7899 7.1162 7.3810 7.2754
1.04112.9_1.7_09 55389.41325187029724 g 14.6935 0.0149 11.0000 12.9046 1.7899 7.1162 7.3810 7.2754
1.04112.9_1.7_09 55389.42521841580310 g 14.6834 0.0149 11.0000 12.9046 1.7899 7.1162 7.3810 7.2754
1.04112.9_1.7_09 56147.35830764369894 g 14.4034 0.0150 11.0000 12.9046 1.7899 7.1162 7.3810 7.2754
1.04112.9_1.7_09 54999.52762850250292 g 15.0108 0.0148 11.0000 12.9046 1.7899 7.1162 7.3810 7.2754
1.04112.9_1.7_09 54999.53791671100043 g 14.9729 0.0149 11.0000 12.9046 1.7899 7.1162 7.3810 7.2754
1.04112.9_1.7_09 55766.37074672379822 g 15.3403 0.0149 11.0000 12.9046 1.7899 7.1162 7.3810 7.2754
1.04112.9_1.7_09 55766.36041082580050 g 15.3510 0.0149 11.0000 12.9046 1.7899 7.1162 7.3810 7.2754
1.04112.9_1.7_09 56147.34801527119998 g 14.4268 0.0150 11.0000 12.9046 1.7899 7.1162 7.3810 7.2754
1.06012.3_1.7_09 55769.40606205489894 g 13.6259 0.0153 11.5000 12.3928 1.7059 6.5351 6.8066 6.7006
1.06012.3_1.7_09 55769.41627147010149 g 13.6270 0.0153 11.5000 12.3928 1.7059 6.5351 6.8066 6.7006
1.06012.3_1.7_09 55389.41325187029724 g 13.8675 0.0152 11.5000 12.3928 1.7059 6.5351 6.8066 6.7006
1.06012.3_1.7_09 55389.42521841580310 g 13.8673 0.0152 11.5000 12.3928 1.7059 6.5351 6.8066 6.7006
1.06012.3_1.7_09 56147.35830764369894 g 14.0727 0.0151 11.5000 12.3928 1.7059 6.5351 6.8066 6.7006
1.06012.3_1.7_09 55766.37074672379822 g 14.5000 0.0150 11.5000 12.3928 1.7059 6.5351 6.8066 6.7006
1.06012.3_1.7_09 55766.36041082580050 g 14.5003 0.0150 11.5000 12.3928 1.7059 6.5351 6.8066 6.7006
1.06012.3_1.7_09 56147.34801527119998 g 14.0755 0.0151 11.5000 12.3928 1.7059 6.5351 6.8066 6.7006
1.06012.9_1.7_09 55769.40606205489894 g 14.3760 0.0150 11.5000 12.9046 1.7899 7.0569 7.3234 7.2163
1.06012.9_1.7_09 55769.41627147010149 g 14.3767 0.0150 11.5000 12.9046 1.7899 7.0569 7.3234 7.2163
1.06012.9_1.7_09 55389.41325187029724 g 14.6713 0.0149 11.5000 12.9046 1.7899 7.0569 7.3234 7.2163
1.06012.9_1.7_09 55389.42521841580310 g 14.6494 0.0149 11.5000 12.9046 1.7899 7.0569 7.3234 7.2163
1.06012.9_1.7_09 56147.35830764369894 g 14.8478 0.0149 11.5000 12.9046 1.7899 7.0569 7.3234 7.2163
1.06012.9_1.7_09 54999.52762850250292 g 14.0356 0.0152 11.5000 12.9046 1.7899 7.0569 7.3234 7.2163
1.06012.9_1.7_09 54999.53791671100043 g 14.0317 0.0152 11.5000 12.9046 1.7899 7.0569 7.3234 7.2163
1.06012.9_1.7_09 55766.37074672379822 g 15.3112 0.0149 11.5000 12.9046 1.7899 7.0569 7.3234 7.2163
1.06012.9_1.7_09 55766.36041082580050 g 15.2810 0.0148 11.5000 12.9046 1.7899 7.0569 7.3234 7.2163
1.06012.9_1.7_09 56147.34801527119998 g 14.8608 0.0149 11.5000 12.9046 1.7899 7.0569 7.3234 7.2163
1.07912.3_1.7_09 55769.40606205489894 g 13.5743 0.0153 12.0000 12.3928 1.7059 6.4784 6.7514 6.6440
1.07912.3_1.7_09 55769.41627147010149 g 13.5579 0.0153 12.0000 12.3928 1.7059 6.4784 6.7514 6.6440
1.07912.3_1.7_09 55389.41325187029724 g 14.4281 0.0150 12.0000 12.3928 1.7059 6.4784 6.7514 6.6440
1.07912.3_1.7_09 55389.42521841580310 g 14.4022 0.0150 12.0000 12.3928 1.7059 6.4784 6.7514 6.6440
1.07912.3_1.7_09 56147.35830764369894 g 14.5981 0.0149 12.0000 12.3928 1.7059 6.4784 6.7514 6.6440
1.07912.3_1.7_09 55766.37074672379822 g 13.9367 0.0152 12.0000 12.3928 1.7059 6.4784 6.7514 6.6440
1.07912.3_1.7_09 55766.36041082580050 g 13.9441 0.0152 12.0000 12.3928 1.7059 6.4784 6.7514 6.6440
1.07912.3_1.7_09 56147.34801527119998 g 14.6050 0.0149 12.0000 12.3928 1.7059 6.4784 6.7514 6.6440
1.07912.9_1.7_09 55769.40606205489894 g 14.3317 0.0150 12.0000 12.9046 1.7899 7.0002 7.2682 7.1597
1.07912.9_1.7_09 55769.41627147010149 g 14.3441 0.0150 12.0000 12.9046 1.7899 7.0002 7.2682 7.1597
1.07912.9_1.7_09 55389.41325187029724 g 15.2008 0.0148 12.0000 12.9046 1.7899 7.0002 7.2682 7.1597
1.07912.9_1.7_09 55389.42521841580310 g 15.2002 0.0148 12.0000 12.9046 1.7899 7.0002 7.2682 7.1597
1.07912.9_1.7_09 56147.35830764369894 g 15.4168 0.0149 12.0000 12.9046 1.7899 7.0002 7.2682 7.1597
1.07912.9_1.7_09 54999.52762850250292 g 14.2379 0.0151 12.0000 12.9046 1.7899 7.0002 7.2682 7.1597
1.07912.9_1.7_09 54999.53791671100043 g 14.2265 0.0151 12.0000 12.9046 1.7899 7.0002 7.2682 7.1597
1.07912.9_1.7_09 55766.37074672379822 g 14.6967 0.0149 12.0000 12.9046 1.7899 7.0002 7.2682 7.1597
1.07912.9_1.7_09 55766.36041082580050 g 14.7211 0.0149 12.0000 12.9046 1.7899 7.0002 7.2682 7.1597
1.07912.9_1.7_09 56147.34801527119998 g 15.3972 0.0149 12.0000 12.9046 1.7899 7.0002 7.2682 7.1597
1.09612.3_1.7_09 55769.40606205489894 g 13.9155 0.0152 12.5000 12.3928 1.7059 6.4240 6.6985 6.5897
1.09612.3_1.7_09 55769.41627147010149 g 13.9573 0.0152 12.5000 12.3928 1.7059 6.4240 6.6985 6.5897
1.09612.3_1.7_09 55389.41325187029724 g 13.8804 0.0152 12.5000 12.3928 1.7059 6.4240 6.6985 6.5897
1.09612.3_1.7_09 55389.42521841580310 g 13.9061 0.0152 12.5000 12.3928 1.7059 6.4240 6.6985 6.5897
1.09612.3_1.7_09 56147.35830764369894 g 14.5494 0.0150 12.5000 12.3928 1.7059 6.4240 6.6985 6.5897
1.09612.3_1.7_09 54999.52762850250292 g 14.4166 0.0150 12.5000 12.3928 1.7059 6.4240 6.6985 6.5897
1.09612.3_1.7_09 54999.53791671100043 g 14.4463 0.0150 12.5000 12.3928 1.7059 6.4240 6.6985 6.5897
1.09612.3_1.7_09 56147.34801527119998 g 14.4956 0.0150 12.5000 12.3928 1.7059 6.4240 6.6985 6.5897
1.09612.9_1.7_09 55769.40606205489894 g 14.7006 0.0149 12.5000 12.9046 1.7899 6.9458 7.2153 7.1054
1.09612.9_1.7_09 55769.41627147010149 g 14.7227 0.0149 12.5000 12.9046 1.7899 6.9458 7.2153 7.1054
1.09612.9_1.7_09 55389.41325187029724 g 14.6958 0.0149 12.5000 12.9046 1.7899 6.9458 7.2153 7.1054
1.09612.9_1.7_09 55389.42521841580310 g 14.6745 0.0149 12.5000 12.9046 1.7899 6.9458 7.2153 7.1054
1.09612.9_1.7_09 56147.35830764369894 g 15.3120 0.0149 12.5000 12.9046 1.7899 6.9458 7.2153 7.1054
1.09612.9_1.7_09 54999.52762850250292 g 15.2091 0.0148 12.5000 12.9046 1.7899 6.9458 7.2153 7.1054
1.09612.9_1.7_09 54999.53791671100043 g 15.2292 0.0148 12.5000 12.9046 1.7899 6.9458 7.2153 7.1054
1.09612.9_1.7_09 55766.37074672379822 g 13.9395 0.0152 12.5000 12.9046 1.7899 6.9458 7.2153 7.1054
1.09612.9_1.7_09 55766.36041082580050 g 13.9767 0.0152 12.5000 12.9046 1.7899 6.9458 7.2153 7.1054
1.09612.9_1.7_09 56147.34801527119998 g 15.2823 0.0148 12.5000 12.9046 1.7899 6.9458 7.2153 7.1054
1.11312.3_1.7_09 55769.40606205489894 g 14.2814 0.0151 13.0000 12.3928 1.7059 6.3717 6.6476 6.5376
1.11312.3_1.7_09 55769.41627147010149 g 14.2789 0.0151 13.0000 12.3928 1.7059 6.3717 6.6476 6.5376
1.11312.3_1.7_09 55389.41325187029724 g 13.6595 0.0152 13.0000 12.3928 1.7059 6.3717 6.6476 6.5376
1.11312.3_1.7_09 55389.42521841580310 g 13.6501 0.0153 13.0000 12.3928 1.7059 6.3717 6.6476 6.5376
1.11312.3_1.7_09 56147.35830764369894 g 14.4404 0.0150 13.0000 12.3928 1.7059 6.3717 6.6476 6.5376
1.11312.3_1.7_09 54999.52762850250292 g 13.6912 0.0152 13.0000 12.3928 1.7059 6.3717 6.6476 6.5376
1.11312.3_1.7_09 54999.53791671100043 g 13.6737 0.0152 13.0000 12.3928 1.7059 6.3717 6.6476 6.5376
1.11312.3_1.7_09 55766.37074672379822 g 13.6466 0.0153 13.0000 12.3928 1.7059 6.3717 6.6476 6.5376
1.11312.3_1.7_09 55766.36041082580050 g 13.6375 0.0153 13.0000 12.3928 1.7059 6.3717 6.6476 6.5376
1.11312.3_1.7_09 56147.34801527119998 g 14.4624 0.0150 13.0000 12.3928 1.7059 6.3717 6.6476 6.5376
1.11312.9_1.7_09 55769.40606205489894 g 15.0399 0.0148 13.0000 12.9046 1.7899 6.8935 7.1644 7.0532
1.11312.9_1.7_09 55769.41627147010149 g 15.0517 0.0148 13.0000 12.9046 1.7899 6.8935 7.1644 7.0532
1.11312.9_1.7_09 55389.41325187029724 g 14.4310 0.0150 13.0000 12.9046 1.7899 6.8935 7.1644 7.0532
1.11312.9_1.7_09 55389.42521841580310 g 14.4426 0.0150 13.0000 12.9046 1.7899 6.8935 7.1644 7.0532
1.11312.9_1.7_09 56147.35830764369894 g 15.2483 0.0148 13.0000 12.9046 1.7899 6.8935 7.1644 7.0532
1.11312.9_1.7_09 54999.52762850250292 g 14.4765 0.0150 13.0000 12.9046 1.7899 6.8935 7.1644 7.0532
1.11312.9_1.7_09 54999.53791671100043 g 14.4587 0.0150 13.0000 12.9046 1.7899 6.8935 7.1644 7.0532
1.11312.9_1.7_09 55766.37074672379822 g 14.4505 0.0150 13.0000 12.9046 1.7899 6.8935 7.1644 7.0532
1.11312.9_1.7_09 55766.36041082580050 g 14.4070 0.0150 13.0000 12.9046 1.7899 6.8935 7.1644 7.0532
1.11312.9_1.7_09 56147.34801527119998 g 15.2031 0.0148 13.0000 12.9046 1.7899 6.8935 7.1644 7.0532
1.13012.3_1.7_09 55769.40606205489894 g 14.5297 0.0150 13.5000 12.3928 1.7059 6.3214 6.5987 6.4874
1.13012.3_1.7_09 55769.41627147010149 g 14.4815 0.0150 13.5000 12.3928 1.7059 6.3214 6.5987 6.4874
1.13012.3_1.7_09 55389.41325187029724 g 14.2089 0.0151 13.5000 12.3928 1.7059 6.3214 6.5987 6.4874
1.13012.3_1.7_09 55389.42521841580310 g 14.1979 0.0151 13.5000 12.3928 1.7059 6.3214 6.5987 6.4874
1.13012.3_1.7_09 56147.35830764369894 g 14.4758 0.0150 13.5000 12.3928 1.7059 6.3214 6.5987 6.4874
1.13012.3_1.7_09 54999.52762850250292 g 14.4974 0.0150 13.5000 12.3928 1.7059 6.3214 6.5987 6.4874
1.13012.3_1.7_09 54999.53791671100043 g 14.4748 0.0150 13.5000 12.3928 1.7059 6.3214 6.5987 6.4874
1.13012.3_1.7_09 55766.37074672379822 g 14.0026 0.0152 13.5000 12.3928 1.7059 6.3214 6.5987 6.4874
1.13012.3_1.7_09 55766.36041082580050 g 14.0013 0.0152 13.5000 12.3928 1.7059 6.3214 6.5987 6.4874
1.13012.3_1.7_09 56147.34801527119998 g 14.5035 0.0150 13.5000 12.3928 1.7059 6.3214 6.5987 6.4874
1.13012.9_1.7_09 55769.40606205489894 g 15.2757 0.0148 13.5000 12.9046 1.7899 6.8432 7.1155 7.0030
1.13012.9_1.7_09 55769.41627147010149 g 15.2898 0.0149 13.5000 12.9046 1.7899 6.8432 7.1155 7.0030
1.13012.9_1.7_09 55389.41325187029724 g 14.9799 0.0149 13.5000 12.9046 1.7899 6.8432 7.1155 7.0030
1.13012.9_1.7_09 55389.42521841580310 g 14.9872 0.0149 13.5000 12.9046 1.7899 6.8432 7.1155 7.0030
1.13012.9_1.7_09 56147.35830764369894 g 15.3073 0.0149 13.5000 12.9046 1.7899 6.8432 7.1155 7.0030
1.13012.9_1.7_09 54999.52762850250292 g 15.2465 0.0148 13.5000 12.9046 1.7899 6.8432 7.1155 7.0030
1.13012.9_1.7_09 54999.53791671100043 g 15.2661 0.0148 13.5000 12.9046 1.7899 6.8432 7.1155 7.0030
1.13012.9_1.7_09 55766.37074672379822 g 14.7650 0.0149 13.5000 12.9046 1.7899 6.8432 7.1155 7.0030
1.13012.9_1.7_09 55766.36041082580050 g 14.7646 0.0149 13.5000 12.9046 1.7899 6.8432 7.1155 7.0030
1.13012.9_1.7_09 56147.34801527119998 g 15.2772 0.0148 13.5000 12.9046 1.7899 6.8432 7.1155 7.0030
1.14612.3_1.7_09 55769.40606205489894 g 14.4227 0.0150 14.0000 12.3928 1.7059 6.2730 6.5515 6.4390
1.14612.3_1.7_09 55769.41627147010149 g 14.4702 0.0150 14.0000 12.3928 1.7059 6.2730 6.5515 6.4390
1.14612.3_1.7_09 55389.41325187029724 g 14.3353 0.0150 14.0000 12.3928 1.7059 6.2730 6.5515 6.4390
1.14612.3_1.7_09 55389.42521841580310 g 14.3391 0.0150 14.0000 12.3928 1.7059 6.2730 6.5515 6.4390
1.14612.3_1.7_09 56147.35830764369894 g 14.4891 0.0150 14.0000 12.3928 1.7059 6.2730 6.5515 6.4390
1.14612.3_1.7_09 54999.52762850250292 g 14.4428 0.0150 14.0000 12.3928 1.7059 6.2730 6.5515 6.4390
1.14612.3_1.7_09 54999.53791671100043 g 14.4680 0.0150 14.0000 12.3928 1.7059 6.2730 6.5515 6.4390
1.14612.3_1.7_09 55766.37074672379822 g 14.1749 0.0151 14.0000 12.3928 1.7059 6.2730 6.5515 6.4390
1.14612.3_1.7_09 55766.36041082580050 g 14.1835 0.0151 14.0000 12.3928 1.7059 6.2730 6.5515 6.4390
1.14612.3_1.7_09 56147.34801527119998 g 14.4533 0.0150 14.0000 12.3928 1.7059 6.2730 6.5515 6.4390
1.14612.9_1.7_09 55769.40606205489894 g 15.2313 0.0148 14.0000 12.9046 1.7899 6.7948 7.0684 6.9547
1.14612.9_1.7_09 55769.41627147010149 g 15.2213 0.0148 14.0000 12.9046 1.7899 6.7948 7.0684 6.9547
1.14612.9_1.7_09 55389.41325187029724 g 15.0961 0.0148 14.0000 12.9046 1.7899 6.7948 7.0684 6.9547
1.14612.9_1.7_09 55389.42521841580310 g 15.0941 0.0148 14.0000 12.9046 1.7899 6.7948 7.0684 6.9547
1.14612.9_1.7_09 56147.35830764369894 g 15.2370 0.0148 14.0000 12.9046 1.7899 6.7948 7.0684 6.9547
1.14612.9_1.7_09 54999.52762850250292 g 15.1886 0.0148 14.0000 12.9046 1.7899 6.7948 7.0684 6.9547
1.14612.9_1.7_09 54999.53791671100043 g 15.1931 0.0148 14.0000 12.9046 1.7899 6.7948 7.0684 6.9547
1.14612.9_1.7_09 55766.37074672379822 g 14.9721 0.0149 14.0000 12.9046 1.7899 6.7948 7.0684 6.9547
1.14612.9_1.7_09 55766.36041082580050 g 14.9705 0.0149 14.0000 12.9046 1.7899 6.7948 7.0684 6.9547
1.14612.9_1.7_09 56147.34801527119998 g 15.2543 0.0148 14.0000 12.9046 1.7899 6.7948 7.0684 6.9547
1.16112.3_1.7_09 55769.40606205489894 g 14.1225 0.0151 14.5000 12.3928 1.7059 6.2262 6.5060 6.3923
1.16112.3_1.7_09 55769.41627147010149 g 14.1517 0.0151 14.5000 12.3928 1.7059 6.2262 6.5060 6.3923
1.16112.3_1.7_09 55389.41325187029724 g 14.4162 0.0150 14.5000 12.3928 1.7059 6.2262 6.5060 6.3923
1.16112.3_1.7_09 55389.42521841580310 g 14.3911 0.0150 14.5000 12.3928 1.7059 6.2262 6.5060 6.3923
1.16112.3_1.7_09 56147.35830764369894 g 13.9455 0.0152 14.5000 12.3928 1.7059 6.2262 6.5060 6.3923
1.16112.3_1.7_09 54999.52762850250292 g 14.3926 0.0150 14.5000 12.3928 1.7059 6.2262 6.5060 6.3923
1.16112.3_1.7_09 54999.53791671100043 g 14.4117 0.0150 14.5000 12.3928 1.7059 6.2262 6.5060 6.3923
1.16112.3_1.7_09 55766.37074672379822 g 14.3895 0.0150 14.5000 12.3928 1.7059 6.2262 6.5060 6.3923
1.16112.3_1.7_09 55766.36041082580050 g 14.3873 0.0150 14.5000 12.3928 1.7059 6.2262 6.5060 6.3923
1.16112.3_1.7_09 56147.34801527119998 g 13.9637 0.0152 14.5000 12.3928 1.7059 6.2262 6.5060 6.3923
1.16112.9_1.7_09 55769.40606205489894 g 14.8711 0.0149 14.5000 12.9046 1.7899 6.7480 7.0229 6.9080
1.16112.9_1.7_09 55769.41627147010149 g 14.9106 0.0149 14.5000 12.9046 1.7899 6.7480 7.0229 6.9080
1.16112.9_1.7_09 55389.41325187029724 g 15.1818 0.0148 14.5000 12.9046 1.7899 6.7480 7.0229 6.9080
1.16112.9_1.7_09 55389.42521841580310 g 15.2190 0.0148 14.5000 12.9046 1.7899 6.7480 7.0229 6.9080
1.16112.9_1.7_09 56147.35830764369894 g 14.7732 0.0149 14.5000 12.9046 1.7899 6.7480 7.0229 6.9080
1.16112.9_1.7_09 54999.52762850250292 g 15.2045 0.0148 14.5000 12.9046 1.7899 6.7480 7.0229 6.9080
1.16112.9_1.7_09 54999.53791671100043 g 15.1666 0.0148 14.5000 12.9046 1.7899 6.7480 7.0229 6.9080
1.16112.9_1.7_09 55766.37074672379822 g 15.1622 0.0148 14.5000 12.9046 1.7899 6.7480 7.0229 6.9080
1.16112.9_1.7_09 55766.36041082580050 g 15.1855 0.0148 14.5000 12.9046 1.7899 6.7480 7.0229 6.9080
1.16112.9_1.7_09 56147.34801527119998 g 14.7383 0.0149 14.5000 12.9046 1.7899 6.7480 7.0229 6.9080
1.17612.3_1.7_09 55769.40606205489894 g 13.9277 0.0152 15.0000 12.3928 1.7059 6.1810 6.4621 6.3472
1.17612.3_1.7_09 55769.41627147010149 g 13.9399 0.0152 15.0000 12.3928 1.7059 6.1810 6.4621 6.3472
1.17612.3_1.7_09 55389.41325187029724 g 14.3574 0.0150 15.0000 12.3928 1.7059 6.1810 6.4621 6.3472
1.17612.3_1.7_09 55389.42521841580310 g 14.3569 0.0150 15.0000 12.3928 1.7059 6.1810 6.4621 6.3472
1.17612.3_1.7_09 54999.52762850250292 g 14.3525 0.0150 15.0000 12.3928 1.7059 6.1810 6.4621 6.3472
1.17612.3_1.7_09 54999.53791671100043 g 14.3399 0.0150 15.0000 12.3928 1.7059 6.1810 6.4621 6.3472
1.17612.3_1.7_09 55766.37074672379822 g 14.3400 0.0150 15.0000 12.3928 1.7059 6.1810 6.4621 6.3472
1.17612.3_1.7_09 55766.36041082580050 g 14.3637 0.0150 15.0000 12.3928 1.7059 6.1810 6.4621 6.3472
1.17612.9_1.7_09 55769.40606205489894 g 14.7176 0.0149 15.0000 12.9046 1.7899 6.7028 6.9789 6.8629
1.17612.9_1.7_09 55769.41627147010149 g 14.6816 0.0149 15.0000 12.9046 1.7899 6.7028 6.9789 6.8629
1.17612.9_1.7_09 55389.41325187029724 g 15.1578 0.0148 15.0000 12.9046 1.7899 6.7028 6.9789 6.8629
1.17612.9_1.7_09 55389.42521841580310 g 15.1292 0.0148 15.0000 12.9046 1.7899 6.7028 6.9789 6.8629
1.17612.9_1.7_09 56147.35830764369894 g 14.0430 0.0152 15.0000 12.9046 1.7899 6.7028 6.9789 6.8629
1.17612.9_1.7_09 54999.52762850250292 g 15.1382 0.0148 15.0000 12.9046 1.7899 6.7028 6.9789 6.8629
1.17612.9_1.7_09 54999.53791671100043 g 15.1162 0.0148 15.0000 12.9046 1.7899 6.7028 6.9789 6.8629
1.17612.9_1.7_09 55766.37074672379822 g 15.1505 0.0148 15.0000 12.9046 1.7899 6.7028 6.9789 6.8629
1.17612.9_1.7_09 55766.36041082580050 g 15.1403 0.0148 15.0000 12.9046 1.7899 6.7028 6.9789 6.8629
1.17612.9_1.7_09 56147.34801527119998 g 14.0522 0.0151 15.0000 12.9046 1.7899 6.7028 6.9789 6.8629
1.19012.3_1.7_09 55389.41325187029724 g 14.1410 0.0151 15.5000 12.3928 1.7059 6.1373 6.4196 6.3036
1.19012.3_1.7_09 55389.42521841580310 g 14.1456 0.0151 15.5000 12.3928 1.7059 6.1373 6.4196 6.3036
1.19012.3_1.7_09 56147.35830764369894 g 13.9456 0.0152 15.5000 12.3928 1.7059 6.1373 6.4196 6.3036
1.19012.3_1.7_09 54999.52762850250292 g 13.7989 0.0152 15.5000 12.3928 1.7059 6.1373 6.4196 6.3036
1.19012.3_1.7_09 54999.53791671100043 g 13.7987 0.0152 15.5000 12.3928 1.7059 6.1373 6.4196 6.3036
1.19012.3_1.7_09 55766.37074672379822 g 14.0239 0.0152 15.5000 12.3928 1.7059 6.1373 6.4196 6.3036
1.19012.3_1.7_09 55766.36041082580050 g 14.0116 0.0152 15.5000 12.3928 1.7059 6.1373 6.4196 6.3036
1.19012.3_1.7_09 56147.34801527119998 g 13.9141 0.0152 15.5000 12.3928 1.7059 6.1373 6.4196 6.3036
1.19012.9_1.7_09 55769.40606205489894 g 13.7824 0.0152 15.5000 12.9046 1.7899 6.6591 6.9364 6.8193
1.19012.9_1.7_09 55769.41627147010149 g 13.7898 0.0152 15.5000 12.9046 1.7899 6.6591 6.9364 6.8193
1.19012.9_1.7_09 55389.41325187029724 g 14.9120 0.0149 15.5000 12.9046 1.7899 6.6591 6.9364 6.8193
1.19012.9_1.7_09 55389.42521841580310 g 14.9314 0.0149 15.5000 12.9046 1.7899 6.6591 6.9364 6.8193
1.19012.9_1.7_09 56147.35830764369894 g 14.7183 0.0149 15.5000 12.9046 1.7899 6.6591 6.9364 6.8193
1.19012.9_1.7_09 54999.52762850250292 g 14.5568 0.0150 15.5000 12.9046 1.7899 6.6591 6.9364 6.8193
1.19012.9_1.7_09 54999.53791671100043 g 14.5873 0.0149 15.5000 12.9046 1.7899 6.6591 6.9364 6.8193
1.19012.9_1.7_09 55766.37074672379822 g 14.7969 0.0149 15.5000 12.9046 1.7899 6.6591 6.9364 6.8193
1.19012.9_1.7_09 55766.36041082580050 g 14.8185 0.0149 15.5000 12.9046 1.7899 6.6591 6.9364 6.8193
1.19012.9_1.7_09 56147.34801527119998 g 14.7213 0.0149 15.5000 12.9046 1.7899 6.6591 6.9364 6.8193
1.20412.3_1.7_09 55389.41325187029724 g 13.8049 0.0152 16.0000 12.3928 1.7059 6.0950 6.3784 6.2614
1.20412.3_1.7_09 55389.42521841580310 g 13.8091 0.0152 16.0000 12.3928 1.7059 6.0950 6.3784 6.2614
1.20412.3_1.7_09 56147.35830764369894 g 14.3122 0.0150 16.0000 12.3928 1.7059 6.0950 6.3784 6.2614
1.20412.3_1.7_09 55766.37074672379822 g 13.9398 0.0152 16.0000 12.3928 1.7059 6.0950 6.3784 6.2614
1.20412.3_1.7_09 55766.36041082580050 g 13.9333 0.0152 16.0000 12.3928 1.7059 6.0950 6.3784 6.2614
1.20412.3_1.7_09 56147.34801527119998 g 14.3348 0.0150 16.0000 12.3928 1.7059 6.0950 6.3784 6.2614
1.20412.9_1.7_09 55769.40606205489894 g 13.9978 0.0152 16.0000 12.9046 1.7899 6.6168 6.8952 6.7771
1.20412.9_1.7_09 55769.41627147010149 g 13.9562 0.0152 16.0000 12.9046 1.7899 6.6168 6.8952 6.7771
1.20412.9_1.7_09 55389.41325187029724 g 14.5786 0.0150 16.0000 12.9046 1.7899 6.6168 6.8952 6.7771
1.20412.9_1.7_09 55389.42521841580310 g 14.5789 0.0150 16.0000 12.9046 1.7899 6.6168 6.8952 6.7771
1.20412.9_1.7_09 56147.35830764369894 g 15.0865 0.0148 16.0000 12.9046 1.7899 6.6168 6.8952 6.7771
1.20412.9_1.7_09 54999.52762850250292 g 13.9565 0.0152 16.0000 12.9046 1.7899 6.6168 6.8952 6.7771
1.20412.9_1.7_09 54999.53791671100043 g 13.9283 0.0152 16.0000 12.9046 1.7899 6.6168 6.8952 6.7771
1.20412.9_1.7_09 55766.37074672379822 g 14.6808 0.0149 16.0000 12.9046 1.7899 6.6168 6.8952 6.7771
1.20412.9_1.7_09 55766.36041082580050 g 14.7070 0.0149 16.0000 12.9046 1.7899 6.6168 6.8952 6.7771
1.20412.9_1.7_09 56147.34801527119998 g 15.0519 0.0148 16.0000 12.9046 1.7899 6.6168 6.8952 6.7771
1.21712.3_1.7_09 54999.52762850250292 g 14.1530 0.0151 16.5000 12.3928 1.7059 6.0540 6.3385 6.2205
1.21712.3_1.7_09 54999.53791671100043 g 14.1622 0.0151 16.5000 12.3928 1.7059 6.0540 6.3385 6.2205
1.21712.9_1.7_09 55769.40606205489894 g 14.1508 0.0151 16.5000 12.9046 1.7899 6.5758 6.8553 6.7361
1.21712.9_1.7_09 55769.41627147010149 g 14.1626 0.0151 16.5000 12.9046 1.7899 6.5758 6.8553 6.7361
1.21712.9_1.7_09 55389.41325187029724 g 14.0522 0.0151 16.5000 12.9046 1.7899 6.5758 6.8553 6.7361
1.21712.9_1.7_09 55389.42521841580310 g 14.0442 0.0152 16.5000 12.9046 1.7899 6.5758 6.8553 6.7361
1.21712.9_1.7_09 56147.35830764369894 g 13.9461 0.0152 16.5000 12.9046 1.7899 6.5758 6.8553 6.7361
1.21712.9_1.7_09 54999.52762850250292 g 14.9320 0.0149 16.5000 12.9046 1.7899 6.5758 6.8553 6.7361
1.21712.9_1.7_09 54999.53791671100043 g 14.9391 0.0149 16.5000 12.9046 1.7899 6.5758 6.8553 6.7361
1.21712.9_1.7_09 55766.37074672379822 g 13.7222 0.0152 16.5000 12.9046 1.7899 6.5758 6.8553 6.7361
1.21712.9_1.7_09 55766.36041082580050 g 13.7611 0.0152 16.5000 12.9046 1.7899 6.5758 6.8553 6.7361
1.21712.9_1.7_09 56147.34801527119998 g 13.9476 0.0152 16.5000 12.9046 1.7899 6.5758 6.8553 6.7361
1.23012.3_1.7_09 55769.40606205489894 g 13.5533 0.0153 17.0000 12.3928 1.7059 6.0142 6.2998 6.1808
1.23012.3_1.7_09 55769.41627147010149 g 13.5783 0.0153 17.0000 12.3928 1.7059 6.0142 6.2998 6.1808
1.23012.3_1.7_09 55389.41325187029724 g 13.7879 0.0152 17.0000 12.3928 1.7059 6.0142 6.2998 6.1808
1.23012.3_1.7_09 55389.42521841580310 g 13.8192 0.0152 17.0000 12.3928 1.7059 6.0142 6.2998 6.1808
1.23012.3_1.7_09 56147.35830764369894 g 14.0850 0.0151 17.0000 12.3928 1.7059 6.0142 6.2998 6.1808
1.23012.3_1.7_09 56147.34801527119998 g 14.0682 0.0151 17.0000 12.3928 1.7059 6.0142 6.2998 6.1808
1.23012.9_1.7_09 55769.40606205489894 g 14.3522 0.0150 17.0000 12.9046 1.7899 6.5360 6.8166 6.6964
1.23012.9_1.7_09 55769.41627147010149 g 14.3131 0.0150 17.0000 12.9046 1.7899 6.5360 6.8166 6.6964
1.23012.9_1.7_09 55389.41325187029724 g 14.5836 0.0149 17.0000 12.9046 1.7899 6.5360 6.8166 6.6964
1.23012.9_1.7_09 55389.42521841580310 g 14.6089 0.0149 17.0000 12.9046 1.7899 6.5360 6.8166 6.6964
1.23012.9_1.7_09 56147.35830764369894 g 14.9166 0.0149 17.0000 12.9046 1.7899 6.5360 6.8166 6.6964
1.23012.9_1.7_09 54999.52762850250292 g 13.8767 0.0152 17.0000 12.9046 1.7899 6.5360 6.8166 6.6964
1.23012.9_1.7_09 54999.53791671100043 g 13.8813 0.0152 17.0000 12.9046 1.7899 6.5360 6.8166 6.6964
1.23012.9_1.7_09 55766.37074672379822 g 13.9144 0.0152 17.0000 12.9046 1.7899 6.5360 6.8166 6.6964
1.23012.9_1.7_09 55766.36041082580050 g 13.9220 0.0152 17.0000 12.9046 1.7899 6.5360 6.8166 6.6964
1.23012.9_1.7_09 56147.34801527119998 g 14.8734 0.0149 17.0000 12.9046 1.7899 6.5360 6.8166 6.6964
1.24312.3_1.7_09 55769.40606205489894 g 13.7396 0.0152 17.5000 12.3928 1.7059 5.9756 6.2622 6.1422
1.24312.3_1.7_09 55769.41627147010149 g 13.7592 0.0152 17.5000 12.3928 1.7059 5.9756 6.2622 6.1422
1.24312.3_1.7_09 55389.41325187029724 g 14.2747 0.0151 17.5000 12.3928 1.7059 5.9756 6.2622 6.1422
1.24312.3_1.7_09 55389.42521841580310 g 14.2459 0.0151 17.5000 12.3928 1.7059 5.9756 6.2622 6.1422
1.24312.3_1.7_09 54999.52762850250292 g 13.7585 0.0152 17.5000 12.3928 1.7059 5.9756 6.2622 6.1422
1.24312.3_1.7_09 54999.53791671100043 g 13.7870 0.0152 17.5000 12.3928 1.7059 5.9756 6.2622 6.1422
1.24312.3_1.7_09 56147.34801527119998 g 13.5116 0.0153 17.5000 12.3928 1.7059 5.9756 6.2622 6.1422
1.24312.9_1.7_09 55769.40606205489894 g 14.5614 0.0150 17.5000 12.9046 1.7899 6.4974 6.7790 6.6579
1.24312.9_1.7_09 55769.41627147010149 g 14.4853 0.0150 17.5000 12.9046 1.7899 6.4974 6.7790 6.6579
1.24312.9_1.7_09 55389.41325187029724 g 15.0567 0.0148 17.5000 12.9046 1.7899 6.4974 6.7790 6.6579
1.24312.9_1.7_09 55389.42521841580310 g 15.0413 0.0148 17.5000 12.9046 1.7899 6.4974 6.7790 6.6579
1.24312.9_1.7_09 56147.35830764369894 g 14.2551 0.0151 17.5000 12.9046 1.7899 6.4974 6.7790 6.6579
1.24312.9_1.7_09 54999.52762850250292 g 14.5124 0.0150 17.5000 12.9046 1.7899 6.4974 6.7790 6.6579
1.24312.9_1.7_09 54999.53791671100043 g 14.5525 0.0150 17.5000 12.9046 1.7899 6.4974 6.7790 6.6579
1.24312.9_1.7_09 55766.37074672379822 g 14.0730 0.0151 17.5000 12.9046 1.7899 6.4974 6.7790 6.6579
1.24312.9_1.7_09 55766.36041082580050 g 14.0693 0.0151 17.5000 12.9046 1.7899 6.4974 6.7790 6.6579
1.24312.9_1.7_09 56147.34801527119998 g 14.2992 0.0151 17.5000 12.9046 1.7899 6.4974 6.7790 6.6579
1.25512.3_1.7_09 55769.40606205489894 g 13.8409 0.0152 18.0000 12.3928 1.7059 5.9380 6.2257 6.1048
1.25512.3_1.7_09 55769.41627147010149 g 13.8549 0.0152 18.0000 12.3928 1.7059 5.9380 6.2257 6.1048
1.25512.3_1.7_09 55389.41325187029724 g 13.6100 0.0153 18.0000 12.3928 1.7059 5.9380 6.2257 6.1048
1.25512.3_1.7_09 55389.42521841580310 g 13.6152 0.0153 18.0000 12.3928 1.7059 5.9380 6.2257 6.1048
1.25512.3_1.7_09 56147.35830764369894 g 13.8295 0.0152 18.0000 12.3928 1.7059 5.9380 6.2257 6.1048
1.25512.3_1.7_09 54999.52762850250292 g 14.2382 0.0151 18.0000 12.3928 1.7059 5.9380 6.2257 6.1048
1.25512.3_1.7_09 54999.53791671100043 g 14.2326 0.0151 18.0000 12.3928 1.7059 5.9380 6.2257 6.1048
1.25512.3_1.7_09 56147.34801527119998 g 13.8560 0.0152 18.0000 12.3928 1.7059 5.9380 6.2257 6.1048
1.25512.9_1.7_09 55769.40606205489894 g 14.6387 0.0149 18.0000 12.9046 1.7899 6.4598 6.7425 6.6204
1.25512.9_1.7_09 55769.41627147010149 g 14.6256 0.0149 18.0000 12.9046 1.7899 6.4598 6.7425 6.6204
1.25512.9_1.7_09 55389.41325187029724 g 14.3820 0.0150 18.0000 12.9046 1.7899 6.4598 6.7425 6.6204
1.25512.9_1.7_09 55389.42521841580310 g 14.3825 0.0150 18.0000 12.9046 1.7899 6.4598 6.7425 6.6204
1.25512.9_1.7_09 56147.35830764369894 g 14.6118 0.0149 18.0000 12.9046 1.7899 6.4598 6.7425 6.6204
1.25512.9_1.7_09 54999.52762850250292 g 15.0546 0.0148 18.0000 12.9046 1.7899 6.4598 6.7425 6.6204
1.25512.9_1.7_09 54999.53791671100043 g 15.0279 0.0148 18.0000 12.9046 1.7899 6.4598 6.7425 6.6204
1.25512.9_1.7_09 55766.37074672379822 g 14.2387 0.0151 18.0000 12.9046 1.7899 6.4598 6.7425 6.6204
1.25512.9_1.7_09 55766.36041082580050 g 14.2572 0.0151 18.0000 12.9046 1.7899 6.4598 6.7425 6.6204
1.25512.9_1.7_09 56147.34801527119998 g 14.6247 0.0149 18.0000 12.9046 1.7899 6.4598 6.7425 6.6204
1.26712.3_1.7_09 55769.40606205489894 g 13.9858 0.0152 18.5000 12.3928 1.7059 5.9015 6.1902 6.0683
1.26712.3_1.7_09 55769.41627147010149 g 14.0264 0.0152 18.5000 12.3928 1.7059 5.9015 6.1902 6.0683
1.26712.3_1.7_09 56147.35830764369894 g 13.6865 0.0152 18.5000 12.3928 1.7059 5.9015 6.1902 6.0683
1.26712.3_1.7_09 54999.52762850250292 g 13.8587 0.0152 18.5000 12.3928 1.7059 5.9015 6.1902 6.0683
1.26712.3_1.7_09 54999.53791671100043 g 13.8864 0.0152 18.5000 12.3928 1.7059 5.9015 6.1902 6.0683
1.26712.3_1.7_09 55766.37074672379822 g 13.6637 0.0152 18.5000 12.3928 1.7059 5.9015 6.1902 6.0683
1.26712.3_1.7_09 55766.36041082580050 g 13.6330 0.0153 18.5000 12.3928 1.7059 5.9015 6.1902 6.0683
1.26712.3_1.7_09 56147.34801527119998 g 13.6896 0.0152 18.5000 12.3928 1.7059 5.9015 6.1902 6.0683
1.26712.9_1.7_09 55769.40606205489894 g 14.8313 0.0149 18.5000 12.9046 1.7899 6.4233 6.7070 6.5840
1.26712.9_1.7_09 55769.41627147010149 g 14.7721 0.0149 18.5000 12.9046 1.7899 6.4233 6.7070 6.5840
1.26712.9_1.7_09 55389.41325187029724 g 14.1685 0.0151 18.5000 12.9046 1.7899 6.4233 6.7070 6.5840
1.26712.9_1.7_09 55389.42521841580310 g 14.1317 0.0151 18.5000 12.9046 1.7899 6.4233 6.7070 6.5840
1.26712.9_1.7_09 56147.35830764369894 g 14.4707 0.0150 18.5000 12.9046 1.7899 6.4233 6.7070 6.5840
1.26712.9_1.7_09 54999.52762850250292 g 14.6501 0.0149 18.5000 12.9046 1.7899 6.4233 6.7070 6.5840
1.26712.9_1.7_09 54999.53791671100043 g 14.6784 0.0149 18.5000 12.9046 1.7899 6.4233 6.7070 6.5840
1.26712.9_1.7_09 55766.37074672379822 g 14.4019 0.0150 18.5000 12.9046 1.7899 6.4233 6.7070 6.5840
1.26712.9_1.7_09 55766.36041082580050 g 14.4319 0.0150 18.5000 12.9046 1.7899 6.4233 6.7070 6.5840
1.26712.9_1.7_09 56147.34801527119998 g 14.4680 0.0150 18.5000 12.9046 1.7899 6.4233 6.7070 6.5840
1.27812.3_1.7_09 55769.40606205489894 g 14.0706 0.0151 19.0000 12.3928 1.7059 5.8660 6.1556 6.0329
1.27812.3_1.7_09 55769.41627147010149 g 14.0560 0.0151 19.0000 12.3928 1.7059 5.8660 6.1556 6.0329
1.27812.3_1.7_09 55389.41325187029724 g 14.0763 0.0151 19.0000 12.3928 1.7059 5.8660 6.1556 6.0329
1.27812.3_1.7_09 55389.42521841580310 g 14.0910 0.0151 19.0000 12.3928 1.7059 5.8660 6.1556 6.0329
1.27812.3_1.7_09 56147.35830764369894 g 13.8708 0.0152 19.0000 12.3928 1.7059 5.8660 6.1556 6.0329
1.27812.3_1.7_09 55766.37074672379822 g 13.7629 0.0152 19.0000 12.3928 1.7059 5.8660 6.1556 6.0329
1.27812.3_1.7_09 55766.36041082580050 g 13.7605 0.0152 19.0000 12.3928 1.7059 5.8660 6.1556 6.0329
1.27812.3_1.7_09 56147.34801527119998 g 13.8421 0.0152 19.0000 12.3928 1.7059 5.8660 6.1556 6.0329
1.27812.9_1.7_09 55769.40606205489894 g 14.8827 0.0149 19.0000 12.9046 1.7899 6.3878 6.6724 6.5485
1.27812.9_1.7_09 55769.41627147010149 g 14.8518 0.0149 19.0000 12.9046 1.7899 6.3878 6.6724 6.5485
1.27812.9_1.7_09 55389.41325187029724 g 14.8570 0.0149 19.0000 12.9046 1.7899 6.3878 6.6724 6.5485
1.27812.9_1.7_09 55389.42521841580310 g 14.8766 0.0149 19.0000 12.9046 1.7899 6.3878 6.6724 6.5485
1.27812.9_1.7_09 56147.35830764369894 g 14.6162 0.0149 19.0000 12.9046 1.7899 6.3878 6.6724 6.5485
1.27812.9_1.7_09 54999.52762850250292 g 13.6024 0.0153 19.0000 12.9046 1.7899 6.3878 6.6724 6.5485
1.27812.9_1.7_09 54999.53791671100043 g 13.6111 0.0153 19.0000 12.9046 1.7899 6.3878 6.6724 6.5485
1.27812.9_1.7_09 55766.37074672379822 g 14.5624 0.0150 19.0000 12.9046 1.7899 6.3878 6.6724 6.5485
1.27812.9_1.7_09 55766.36041082580050 g 14.5592 0.0150 19.0000 12.9046 1.7899 6.3878 6.6724 6.5485
1.27812.9_1.7_09 56147.34801527119998 g 14.6722 0.0149 19.0000 12.9046 1.7899 6.3878 6.6724 6.5485
1.29012.3_1.7_09 55769.40606205489894 g 14.1951 0.0151 19.5000 12.3928 1.7059 5.8314 6.1219 5.9983
1.29012.3_1.7_09 55769.41627147010149 g 14.1546 0.0151 19.5000 12.3928 1.7059 5.8314 6.1219 5.9983
1.29012.3_1.7_09 55766.37074672379822 g 13.8732 0.0152 19.5000 12.3928 1.7059 5.8314 6.1219 5.9983
1.29012.3_1.7_09 55766.36041082580050 g 13.9006 0.0152 19.5000 12.3928 1.7059 5.8314 6.1219 5.9983
1.29012.9_1.7_09 55769.40606205489894 g 14.9577 0.0149 19.5000 12.9046 1.7899 6.3532 6.6387 6.5140
1.29012.9_1.7_09 55769.41627147010149 g 14.9692 0.0149 19.5000 12.9046 1.7899 6.3532 6.6387 6.5140
1.29012.9_1.7_09 55389.41325187029724 g 13.8732 0.0152 19.5000 12.9046 1.7899 6.3532 6.6387 6.5140
1.29012.9_1.7_09 55389.42521841580310 g 13.8752 0.0152 19.5000 12.9046 1.7899 6.3532 6.6387 6.5140
1.29012.9_1.7_09 56147.35830764369894 g 13.5799 0.0153 19.5000 12.9046 1.7899 6.3532 6.6387 6.5140
1.29012.9_1.7_09 54999.52762850250292 g 13.9063 0.0152 19.5000 12.9046 1.7899 6.3532 6.6387 6.5140
1.29012.9_1.7_09 54999.53791671100043 g 13.8964 0.0152 19.5000 12.9046 1.7899 6.3532 6.6387 6.5140
1.29012.9_1.7_09 55766.37074672379822 g 14.6599 0.0149 19.5000 12.9046 1.7899 6.3532 6.6387 6.5140
1.29012.9_1.7_09 55766.36041082580050 g 14.6730 0.0149 19.5000 12.9046 1.7899 6.3532 6.6387 6.5140
1.29012.9_1.7_09 56147.34801527119998 g 13.5940 0.0153 19.5000 12.9046 1.7899 6.3532 6.6387 6.5140
1.30112.3_1.7_09 55769.40606205489894 g 14.1777 0.0151 20.0000 12.3928 1.7059 5.7976 6.0891 5.9646
1.30112.3_1.7_09 55769.41627147010149 g 14.1605 0.0151 20.0000 12.3928 1.7059 5.7976 6.0891 5.9646
1.30112.3_1.7_09 55389.41325187029724 g 14.1551 0.0151 20.0000 12.3928 1.7059 5.7976 6.0891 5.9646
1.30112.3_1.7_09 55389.42521841580310 g 14.1394 0.0151 20.0000 12.3928 1.7059 5.7976 6.0891 5.9646
1.30112.3_1.7_09 56147.35830764369894 g 14.0956 0.0151 20.0000 12.3928 1.7059 5.7976 6.0891 5.9646
1.30112.3_1.7_09 55766.37074672379822 g 13.9990 0.0152 20.0000 12.3928 1.7059 5.7976 6.0891 5.9646
1.30112.3_1.7_09 55766.36041082580050 g 14.0245 0.0152 20.0000 12.3928 1.7059 5.7976 6.0891 5.9646
1.30112.3_1.7_09 56147.34801527119998 g 14.0540 0.0151 20.0000 12.3928 1.7059 5.7976 6.0891 5.9646
1.30112.9_1.7_09 55769.40606205489894 g 14.9250 0.0149 20.0000 12.9046 1.7899 6.3194 6.6059 6.4803
1.30112.9_1.7_09 55769.41627147010149 g 14.9304 0.0149 20.0000 12.9046 1.7899 6.3194 6.6059 6.4803
1.30112.9_1.7_09 55389.41325187029724 g 14.9470 0.0149 20.0000 12.9046 1.7899 6.3194 6.6059 6.4803
1.30112.9_1.7_09 55389.42521841580310 g 14.9391 0.0149 20.0000 12.9046 1.7899 6.3194 6.6059 6.4803
1.30112.9_1.7_09 56147.35830764369894 g 14.8570 0.0149 20.0000 12.9046 1.7899 6.3194 6.6059 6.4803
1.30112.9_1.7_09 54999.52762850250292 g 14.0112 0.0152 20.0000 12.9046 1.7899 6.3194 6.6059 6.4803
1.30112.9_1.7_09 54999.53791671100043 g 14.0087 0.0152 20.0000 12.9046 1.7899 6.3194 6.6059 6.4803
1.30112.9_1.7_09 55766.37074672379822 g 14.7862 0.0149 20.0000 12.9046 1.7899 6.3194 6.6059 6.4803
1.30112.9_1.7_09 55766.36041082580050 g 14.7963 0.0149 20.0000 12.9046 1.7899 6.3194 6.6059 6.4803
1.30112.9_1.7_09 56147.34801527119998 g 14.8417 0.0149 20.0000 12.9046 1.7899 6.3194 6.6059 6.4803
1.31112.3_1.7_09 55769.40606205489894 g 14.1330 0.0151 20.5000 12.3928 1.7059 5.7647 6.0571 5.9318
1.31112.3_1.7_09 55769.41627147010149 g 14.1212 0.0151 20.5000 12.3928 1.7059 5.7647 6.0571 5.9318
1.31112.3_1.7_09 55766.37074672379822 g 14.0070 0.0152 20.5000 12.3928 1.7059 5.7647 6.0571 5.9318
1.31112.3_1.7_09 55766.36041082580050 g 14.0166 0.0152 20.5000 12.3928 1.7059 5.7647 6.0571 5.9318
1.31112.9_1.7_09 55769.40606205489894 g 14.9215 0.0149 20.5000 12.9046 1.7899 6.2865 6.5739 6.4475
1.31112.9_1.7_09 55769.41627147010149 g 14.9046 0.0149 20.5000 12.9046 1.7899 6.2865 6.5739 6.4475
1.31112.9_1.7_09 55389.41325187029724 g 14.0162 0.0152 20.5000 12.9046 1.7899 6.2865 6.5739 6.4475
1.31112.9_1.7_09 55389.42521841580310 g 14.0099 0.0152 20.5000 12.9046 1.7899 6.2865 6.5739 6.4475
1.31112.9_1.7_09 56147.35830764369894 g 13.9051 0.0152 20.5000 12.9046 1.7899 6.2865 6.5739 6.4475
1.31112.9_1.7_09 54999.52762850250292 g 13.9493 0.0152 20.5000 12.9046 1.7899 6.2865 6.5739 6.4475
1.31112.9_1.7_09 54999.53791671100043 g 13.9494 0.0152 20.5000 12.9046 1.7899 6.2865 6.5739 6.4475
1.31112.9_1.7_09 55766.37074672379822 g 14.8349 0.0149 20.5000 12.9046 1.7899 6.2865 6.5739 6.4475
1.31112.9_1.7_09 55766.36041082580050 g 14.8077 0.0149 20.5000 12.9046 1.7899 6.2865 6.5739 6.4475
1.31112.9_1.7_09 56147.34801527119998 g 13.9406 0.0152 20.5000 12.9046 1.7899 6.2865 6.5739 6.4475
1.32212.3_1.7_09 55769.40606205489894 g 14.0119 0.0152 21.0000 12.3928 1.7059 5.7326 6.0258 5.8998
1.32212.3_1.7_09 55769.41627147010149 g 14.0281 0.0152 21.0000 12.3928 1.7059 5.7326 6.0258 5.8998
1.32212.3_1.7_09 55389.41325187029724 g 14.1048 0.0151 21.0000 12.3928 1.7059 5.7326 6.0258 5.8998
1.32212.3_1.7_09 55389.42521841580310 g 14.1155 0.0151 21.0000 12.3928 1.7059 5.7326 6.0258 5.8998
1.32212.3_1.7_09 56147.35830764369894 g 13.9880 0.0152 21.0000 12.3928 1.7059 5.7326 6.0258 5.8998
1.32212.3_1.7_09 55766.37074672379822 g 14.1001 0.0151 21.0000 12.3928 1.7059 5.7326 6.0258 5.8998
1.32212.3_1.7_09 55766.36041082580050 g 14.0891 0.0151 21.0000 12.3928 1.7059 5.7326 6.0258 5.8998
1.32212.3_1.7_09 56147.34801527119998 g 14.0285 0.0152 21.0000 12.3928 1.7059 5.7326 6.0258 5.8998
1.32212.9_1.7_09 55769.40606205489894 g 14.7692 0.0149 21.0000 12.9046 1.7899 6.2544 6.5427 6.4154
1.32212.9_1.7_09 55769.41627147010149 g 14.7516 0.0149 21.0000 12.9046 1.7899 6.2544 6.5427 6.4154
1.32212.9_1.7_09 55389.41325187029724 g 14.8847 0.0149 21.0000 12.9046 1.7899 6.2544 6.5427 6.4154
1.32212.9_1.7_09 55389.42521841580310 g 14.9069 0.0149 21.0000 12.9046 1.7899 6.2544 6.5427 6.4154
1.32212.9_1.7_09 56147.35830764369894 g 14.8020 0.0149 21.0000 12.9046 1.7899 6.2544 6.5427 6.4154
1.32212.9_1.7_09 54999.52762850250292 g 13.7912 0.0152 21.0000 12.9046 1.7899 6.2544 6.5427 6.4154
1.32212.9_1.7_09 54999.53791671100043 g 13.7915 0.0152 21.0000 12.9046 1.7899 6.2544 6.5427 6.4154
1.32212.9_1.7_09 55766.37074672379822 g 14.8594 0.0149 21.0000 12.9046 1.7899 6.2544 6.5427 6.4154
1.32212.9_1.7_09 55766.36041082580050 g 14.8532 0.0149 21.0000 12.9046 1.7899 6.2544 6.5427 6.4154
1.32212.9_1.7_09 56147.34801527119998 g 14.8152 0.0149 21.0000 12.9046 1.7899 6.2544 6.5427 6.4154
1.33212.3_1.7_09 55769.40606205489894 g 13.8930 0.0152 21.5000 12.3928 1.7059 5.7012 5.9953 5.8685
1.33212.3_1.7_09 55769.41627147010149 g 13.8839 0.0152 21.5000 12.3928 1.7059 5.7012 5.9953 5.8685
1.33212.3_1.7_09 56147.35830764369894 g 13.6451 0.0153 21.5000 12.3928 1.7059 5.7012 5.9953 5.8685
1.33212.3_1.7_09 55766.37074672379822 g 14.0989 0.0151 21.5000 12.3928 1.7059 5.7012 5.9953 5.8685
1.33212.3_1.7_09 55766.36041082580050 g 14.0747 0.0151 21.5000 12.3928 1.7059 5.7012 5.9953 5.8685
1.33212.3_1.7_09 56147.34801527119998 g 13.6330 0.0153 21.5000 12.3928 1.7059 5.7012 5.9953 5.8685
1.33212.9_1.7_09 55769.40606205489894 g 14.6501 0.0149 21.5000 12.9046 1.7899 6.2230 6.5121 6.3841
1.33212.9_1.7_09 55769.41627147010149 g 14.6537 0.0149 21.5000 12.9046 1.7899 6.2230 6.5121 6.3841
1.33212.9_1.7_09 55389.41325187029724 g 13.8544 0.0152 21.5000 12.9046 1.7899 6.2230 6.5121 6.3841
1.33212.9_1.7_09 55389.42521841580310 g 13.8569 0.0152 21.5000 12.9046 1.7899 6.2230 6.5121 6.3841
1.33212.9_1.7_09 56147.35830764369894 g 14.4042 0.0150 21.5000 12.9046 1.7899 6.2230 6.5121 6.3841
1.33212.9_1.7_09 55766.37074672379822 g 14.8390 0.0149 21.5000 12.9046 1.7899 6.2230 6.5121 6.3841
1.33212.9_1.7_09 55766.36041082580050 g 14.8788 0.0149 21.5000 12.9046 1.7899 6.2230 6.5121 6.3841
1.33212.9_1.7_09 56147.34801527119998 g 14.4024 0.0150 21.5000 12.9046 1.7899 6.2230 6.5121 6.3841
1.34212.3_1.7_09 55769.40606205489894 g 13.8633 0.0152 22.0000 12.3928 1.7059 5.6706 5.9655 5.8379
1.34212.3_1.7_09 55769.41627147010149 g 13.8278 0.0152 22.0000 12.3928 1.7059 5.6706 5.9655 5.8379
1.34212.3_1.7_09 55389.41325187029724 g 14.0297 0.0152 22.0000 12.3928 1.7059 5.6706 5.9655 5.8379
1.34212.3_1.7_09 55389.42521841580310 g 14.0270 0.0152 22.0000 12.3928 1.7059 5.6706 5.9655 5.8379
1.34212.3_1.7_09 54999.52762850250292 g 13.8398 0.0152 22.0000 12.3928 1.7059 5.6706 5.9655 5.8379
1.34212.3_1.7_09 54999.53791671100043 g 13.8159 0.0152 22.0000 12.3928 1.7059 5.6706 5.9655 5.8379
1.34212.3_1.7_09 55766.37074672379822 g 14.0500 0.0151 22.0000 12.3928 1.7059 5.6706 5.9655 5.8379
1.34212.3_1.7_09 55766.36041082580050 g 14.0221 0.0152 22.0000 12.3928 1.7059 5.6706 5.9655 5.8379
1.34212.9_1.7_09 55769.40606205489894 g 14.6419 0.0149 22.0000 12.9046 1.7899 6.1924 6.4823 6.3535
1.34212.9_1.7_09 55769.41627147010149 g 14.6654 0.0149 22.0000 12.9046 1.7899 6.1924 6.4823 6.3535
1.34212.9_1.7_09 55389.41325187029724 g 14.8385 0.0149 22.0000 12.9046 1.7899 6.1924 6.4823 6.3535
1.34212.9_1.7_09 55389.42521841580310 g 14.8244 0.0149 22.0000 12.9046 1.7899 6.1924 6.4823 6.3535
1.34212.9_1.7_09 56147.35830764369894 g 13.6348 0.0153 22.0000 12.9046 1.7899 6.1924 6.4823 6.3535
1.34212.9_1.7_09 54999.52762850250292 g 14.6252 0.0149 22.0000 12.9046 1.7899 6.1924 6.4823 6.3535
1.34212.9_1.7_09 54999.53791671100043 g 14.6270 0.0149 22.0000 12.9046 1.7899 6.1924 6.4823 6.3535
1.34212.9_1.7_09 55766.37074672379822 g 14.8639 0.0149 22.0000 12.9046 1.7899 6.1924 6.4823 6.3535
1.34212.9_1.7_09 55766.36041082580050 g 14.8073 0.0149 22.0000 12.9046 1.7899 6.1924 6.4823 6.3535
1.34212.9_1.7_09 56147.34801527119998 g 13.6107 0.0153 22.0000 12.9046 1.7899 6.1924 6.4823 6.3535
1.35212.3_1.7_09 56147.35830764369894 g 14.0377 0.0152 22.5000 12.3928 1.7059 5.6406 5.9364 5.8080
1.35212.3_1.7_09 54999.52762850250292 g 14.0709 0.0151 22.5000 12.3928 1.7059 5.6406 5.9364 5.8080
1.35212.3_1.7_09 54999.53791671100043 g 14.0797 0.0151 22.5000 12.3928 1.7059 5.6406 5.9364 5.8080
1.35212.3_1.7_09 55766.37074672379822 g 13.9094 0.0152 22.5000 12.3928 1.7059 5.6406 5.9364 5.8080
1.35212.3_1.7_09 55766.36041082580050 g 13.9042 0.0152 22.5000 12.3928 1.7059 5.6406 5.9364 5.8080
1.35212.3_1.7_09 56147.34801527119998 g 14.0809 0.0151 22.5000 12.3928 1.7059 5.6406 5.9364 5.8080
1.35212.9_1.7_09 55769.40606205489894 g 14.2477 0.0151 22.5000 12.9046 1.7899 6.1624 6.4532 6.3237
1.35212.9_1.7_09 55769.41627147010149 g 14.2213 0.0151 22.5000 12.9046 1.7899 6.1624 6.4532 6.3237
1.35212.9_1.7_09 55389.41325187029724 g 13.5020 0.0153 22.5000 12.9046 1.7899 6.1624 6.4532 6.3237
1.35212.9_1.7_09 55389.42521841580310 g 13.5284 0.0153 22.5000 12.9046 1.7899 6.1624 6.4532 6.3237
1.35212.9_1.7_09 56147.35830764369894 g 14.8488 0.0149 22.5000 12.9046 1.7899 6.1624 6.4532 6.3237
1.35212.9_1.7_09 54999.52762850250292 g 14.8205 0.0149 22.5000 12.9046 1.7899 6.1624 6.4532 6.3237
1.35212.9_1.7_09 54999.53791671100043 g 14.8336 0.0149 22.5000 12.9046 1.7899 6.1624 6.4532 6.3237
1.35212.9_1.7_09 55766.37074672379822 g 14.6885 0.0149 22.5000 12.9046 1.7899 6.1624 6.4532 6.3237
1.35212.9_1.7_09 55766.36041082580050 g 14.6961 0.0149 22.5000 12.9046 1.7899 6.1624 6.4532 6.3237
1.35212.9_1.7_09 56147.34801527119998 g 14.8189 0.0149 22.5000 12.9046 1.7899 6.1624 6.4532 6.3237
1.36112.3_1.7_09 55389.41325187029724 g 13.6673 0.0152 23.0000 12.3928 1.7059 5.6114 5.9079 5.7788
1.36112.3_1.7_09 55389.42521841580310 g 13.6898 0.0152 23.0000 12.3928 1.7059 5.6114 5.9079 5.7788
1.36112.3_1.7_09 56147.35830764369894 g 13.5839 0.0153 23.0000 12.3928 1.7059 5.6114 5.9079 5.7788
1.36112.3_1.7_09 54999.52762850250292 g 13.7803 0.0152 23.0000 12.3928 1.7059 5.6114 5.9079 5.7788
1.36112.3_1.7_09 54999.53791671100043 g 13.8232 0.0152 23.0000 12.3928 1.7059 5.6114 5.9079 5.7788
1.36112.3_1.7_09 55766.37074672379822 g 13.8178 0.0152 23.0000 12.3928 1.7059 5.6114 5.9079 5.7788
1.36112.3_1.7_09 55766.36041082580050 g 13.8108 0.0152 23.0000 12.3928 1.7059 5.6114 5.9079 5.7788
1.36112.3_1.7_09 56147.34801527119998 g 13.5771 0.0153 23.0000 12.3928 1.7059 5.6114 5.9079 5.7788
1.36112.9_1.7_09 55769.40606205489894 g 13.6344 0.0153 23.0000 12.9046 1.7899 6.1331 6.4247 6.2944
1.36112.9_1.7_09 55769.41627147010149 g 13.6289 0.0153 23.0000 12.9046 1.7899 6.1331 6.4247 6.2944
1.36112.9_1.7_09 55389.41325187029724 g 14.4567 0.0150 23.0000 12.9046 1.7899 6.1331 6.4247 6.2944
1.36112.9_1.7_09 55389.42521841580310 g 14.4816 0.0150 23.0000 12.9046 1.7899 6.1331 6.4247 6.2944
1.36112.9_1.7_09 56147.35830764369894 g 14.3499 0.0150 23.0000 12.9046 1.7899 6.1331 6.4247 6.2944
1.36112.9_1.7_09 54999.52762850250292 g 14.5507 0.0150 23.0000 12.9046 1.7899 6.1331 6.4247 6.2944
1.36112.9_1.7_09 54999.53791671100043 g 14.5674 0.0150 23.0000 12.9046 1.7899 6.1331 6.4247 6.2944
1.36112.9_1.7_09 55766.37074672379822 g 14.5930 0.0149 23.0000 12.9046 1.7899 6.1331 6.4247 6.2944
1.36112.9_1.7_09 55766.36041082580050 g 14.6012 0.0149 23.0000 12.9046 1.7899 6.1331 6.4247 6.2944
1.36112.9_1.7_09 56147.34801527119998 g 14.3475 0.0150 23.0000 12.9046 1.7899 6.1331 6.4247 6.2944
1.37112.3_1.7_09 55389.41325187029724 g 13.8057 0.0152 23.5000 12.3928 1.7059 5.5827 5.8800 5.7502
1.37112.3_1.7_09 55389.42521841580310 g 13.8305 0.0152 23.5000 12.3928 1.7059 5.5827 5.8800 5.7502
1.37112.3_1.7_09 55766.37074672379822 g 13.8128 0.0152 23.5000 12.3928 1.7059 5.5827 5.8800 5.7502
1.37112.3_1.7_09 55766.36041082580050 g 13.7539 0.0152 23.5000 12.3928 1.7059 5.5827 5.8800 5.7502
1.37112.9_1.7_09 55389.41325187029724 g 14.5844 0.0149 23.5000 12.9046 1.7899 6.1045 6.3968 6.2658
1.37112.9_1.7_09 55389.42521841580310 g 14.6023 0.0149 23.5000 12.9046 1.7899 6.1045 6.3968 6.2658
1.37112.9_1.7_09 56147.35830764369894 g 13.6810 0.0152 23.5000 12.9046 1.7899 6.1045 6.3968 6.2658
1.37112.9_1.7_09 54999.52762850250292 g 14.0354 0.0152 23.5000 12.9046 1.7899 6.1045 6.3968 6.2658
1.37112.9_1.7_09 54999.53791671100043 g 14.0304 0.0152 23.5000 12.9046 1.7899 6.1045 6.3968 6.2658
1.37112.9_1.7_09 55766.37074672379822 g 14.5600 0.0150 23.5000 12.9046 1.7899 6.1045 6.3968 6.2658
1.37112.9_1.7_09 55766.36041082580050 g 14.5724 0.0150 23.5000 12.9046 1.7899 6.1045 6.3968 6.2658
1.37112.9_1.7_09 56147.34801527119998 g 13.6862 0.0152 23.5000 12.9046 1.7899 6.1045 6.3968 6.2658
1.38012.3_1.7_09 56147.35830764369894 g 13.8413 0.0152 24.0000 12.3928 1.7059 5.5546 5.8527 5.7222
1.38012.3_1.7_09 56147.34801527119998 g 13.8149 0.0152 24.0000 12.3928 1.7059 5.5546 5.8527 5.7222
1.38012.9_1.7_09 55769.40606205489894 g 13.5406 0.0153 24.0000 12.9046 1.7899 6.0764 6.3695 6.2378
1.38012.9_1.7_09 55769.41627147010149 g 13.5429 0.0153 24.0000 12.9046 1.7899 6.0764 6.3695 6.2378
1.38012.9_1.7_09 55389.41325187029724 g 13.9522 0.0152 24.0000 12.9046 1.7899 6.0764 6.3695 6.2378
1.38012.9_1.7_09 55389.42521841580310 g 13.9782 0.0152 24.0000 12.9046 1.7899 6.0764 6.3695 6.2378
1.38012.9_1.7_09 56147.35830764369894 g 14.5675 0.0150 24.0000 12.9046 1.7899 6.0764 6.3695 6.2378
1.38012.9_1.7_09 54999.52762850250292 g 13.5382 0.0153 24.0000 12.9046 1.7899 6.0764 6.3695 6.2378
1.38012.9_1.7_09 54999.53791671100043 g 13.5208 0.0153 24.0000 12.9046 1.7899 6.0764 6.3695 6.2378
1.38012.9_1.7_09 55766.37074672379822 g 14.1435 0.0151 24.0000 12.9046 1.7899 6.0764 6.3695 6.2378
1.38012.9_1.7_09 55766.36041082580050 g 14.1325 0.0151 24.0000 12.9046 1.7899 6.0764 6.3695 6.2378
1.38012.9_1.7_09 56147.34801527119998 g 14.5997 0.0149 24.0000 12.9046 1.7899 6.0764 6.3695 6.2378
1.38912.3_1.7_09 55389.41325187029724 g 13.9190 0.0152 24.5000 12.3928 1.7059 5.5272 5.8260 5.6947
1.38912.3_1.7_09 55389.42521841580310 g 13.9151 0.0152 24.5000 12.3928 1.7059 5.5272 5.8260 5.6947
1.38912.3_1.7_09 56147.35830764369894 g 13.7746 0.0152 24.5000 12.3928 1.7059 5.5272 5.8260 5.6947
1.38912.3_1.7_09 54999.52762850250292 g 14.0042 0.0152 24.5000 12.3928 1.7059 5.5272 5.8260 5.6947
1.38912.3_1.7_09 54999.53791671100043 g 13.9507 0.0152 24.5000 12.3928 1.7059 5.5272 5.8260 5.6947
1.38912.3_1.7_09 56147.34801527119998 g 13.7679 0.0152 24.5000 12.3928 1.7059 5.5272 5.8260 5.6947
1.38912.9_1.7_09 55769.40606205489894 g 13.6477 0.0153 24.5000 12.9046 1.7899 6.0489 6.3428 6.2104
1.38912.9_1.7_09 55769.41627147010149 g 13.6389 0.0153 24.5000 12.9046 1.7899 6.0489 6.3428 6.2104
1.38912.9_1.7_09 55389.41325187029724 g 14.6840 0.0149 24.5000 12.9046 1.7899 6.0489 6.3428 6.2104
1.38912.9_1.7_09 55389.42521841580310 g 14.6935 0.0149 24.5000 12.9046 1.7899 6.0489 6.3428 6.2104
1.38912.9_1.7_09 56147.35830764369894 g 14.5369 0.0150 24.5000 12.9046 1.7899 6.0489 6.3428 6.2104
1.38912.9_1.7_09 54999.52762850250292 g 14.7335 0.0149 24.5000 12.9046 1.7899 6.0489 6.3428 6.2104
1.38912.9_1.7_09 54999.53791671100043 g 14.7567 0.0149 24.5000 12.9046 1.7899 6.0489 6.3428 6.2104
1.38912.9_1.7_09 55766.37074672379822 g 13.5344 0.0153 24.5000 12.9046 1.7899 6.0489 6.3428 6.2104
1.38912.9_1.7_09 55766.36041082580050 g 13.5747 0.0153 24.5000 12.9046 1.7899 6.0489 6.3428 6.2104
1.38912.9_1.7_09 56147.34801527119998 g 14.5456 0.0150 24.5000 12.9046 1.7899 6.0489 6.3428 6.2104
1.39712.9_1.7_09 55769.40606205489894 g 13.6951 0.0152 25.0000 12.9046 1.7899 6.0220 6.3166 6.1835
1.39712.9_1.7_09 55769.41627147010149 g 13.6827 0.0152 25.0000 12.9046 1.7899 6.0220 6.3166 6.1835
1.39712.9_1.7_09 55389.41325187029724 g 14.0569 0.0151 25.0000 12.9046 1.7899 6.0220 6.3166 6.1835
1.39712.9_1.7_09 55389.42521841580310 g 14.0272 0.0152 25.0000 12.9046 1.7899 6.0220 6.3166 6.1835
1.39712.9_1.7_09 56147.35830764369894 g 13.9660 0.0152 25.0000 12.9046 1.7899 6.0220 6.3166 6.1835
1.39712.9_1.7_09 54999.52762850250292 g 14.1914 0.0151 25.0000 12.9046 1.7899 6.0220 6.3166 6.1835
1.39712.9_1.7_09 54999.53791671100043 g 14.1897 0.0151 25.0000 12.9046 1.7899 6.0220 6.3166 6.1835
1.39712.9_1.7_09 56147.34801527119998 g 13.9650 0.0152 25.0000 12.9046 1.7899 6.0220 6.3166 6.1835
1.40612.9_1.7_09 55769.40606205489894 g 13.7701 0.0152 25.5000 12.9046 1.7899 5.9956 6.2909 6.1572
1.40612.9_1.7_09 55769.41627147010149 g 13.8124 0.0152 25.5000 12.9046 1.7899 5.9956 6.2909 6.1572
1.40612.9_1.7_09 55389.41325187029724 g 14.0066 0.0152 25.5000 12.9046 1.7899 5.9956 6.2909 6.1572
1.40612.9_1.7_09 55389.42521841580310 g 13.9717 0.0152 25.5000 12.9046 1.7899 5.9956 6.2909 6.1572
1.41412.3_1.7_09 55389.41325187029724 g 13.8777 0.0152 26.0000 12.3928 1.7059 5.4480 5.7489 5.6157
1.41412.3_1.7_09 55389.42521841580310 g 13.8750 0.0152 26.0000 12.3928 1.7059 5.4480 5.7489 5.6157
1.41412.3_1.7_09 56147.35830764369894 g 13.9361 0.0152 26.0000 12.3928 1.7059 5.4480 5.7489 5.6157
1.41412.3_1.7_09 54999.52762850250292 g 13.9030 0.0152 26.0000 12.3928 1.7059 5.4480 5.7489 5.6157
1.41412.3_1.7_09 54999.53791671100043 g 13.8867 0.0152 26.0000 12.3928 1.7059 5.4480 5.7489 5.6157
1.41412.3_1.7_09 56147.34801527119998 g 13.9402 0.0152 26.0000 12.3928 1.7059 5.4480 5.7489 5.6157
1.41412.9_1.7_09 55769.40606205489894 g 13.8755 0.0152 26.0000 12.9046 1.7899 5.9697 6.2658 6.1314
1.41412.9_1.7_09 55769.41627147010149 g 13.8842 0.0152 26.0000 12.9046 1.7899 5.9697 6.2658 6.1314
1.41412.9_1.7_09 55389.41325187029724 g 14.6801 0.0149 26.0000 12.9046 1.7899 5.9697 6.2658 6.1314
1.41412.9_1.7_09 55389.42521841580310 g 14.6584 0.0149 26.0000 12.9046 1.7899 5.9697 6.2658 6.1314
1.41412.9_1.7_09 56147.35830764369894 g 14.7001 0.0149 26.0000 12.9046 1.7899 5.9697 6.2658 6.1314
1.41412.9_1.7_09 54999.52762850250292 g 14.6918 0.0149 26.0000 12.9046 1.7899 5.9697 6.2658 6.1314
1.41412.9_1.7_09 54999.53791671100043 g 14.6623 0.0149 26.0000 12.9046 1.7899 5.9697 6.2658 6.1314
1.41412.9_1.7_09 55766.37074672379822 g 13.5883 0.0153 26.0000 12.9046 1.7899 5.9697 6.2658 6.1314
1.41412.9_1.7_09 55766.36041082580050 g 13.5832 0.0153 26.0000 12.9046 1.7899 5.9697 6.2658 6.1314
1.41412.9_1.7_09 56147.34801527119998 g 14.6903 0.0149 26.0000 12.9046 1.7899 5.9697 6.2658 6.1314
1.42312.3_1.7_09 55389.41325187029724 g 13.5849 0.0153 26.5000 12.3928 1.7059 5.4226 5.7242 5.5904
1.42312.3_1.7_09 55389.42521841580310 g 13.5991 0.0153 26.5000 12.3928 1.7059 5.4226 5.7242 5.5904
1.42312.3_1.7_09 56147.35830764369894 g 13.6985 0.0152 26.5000 12.3928 1.7059 5.4226 5.7242 5.5904
1.42312.3_1.7_09 56147.34801527119998 g 13.7032 0.0152 26.5000 12.3928 1.7059 5.4226 5.7242 5.5904
1.42312.9_1.7_09 55769.40606205489894 g 13.9226 0.0152 26.5000 12.9046 1.7899 5.9444 6.2411 6.1060
1.42312.9_1.7_09 55769.41627147010149 g 13.9123 0.0152 26.5000 12.9046 1.7899 5.9444 6.2411 6.1060
1.42312.9_1.7_09 55389.41325187029724 g 14.3559 0.0150 26.5000 12.9046 1.7899 5.9444 6.2411 6.1060
1.42312.9_1.7_09 55389.42521841580310 g 14.3540 0.0150 26.5000 12.9046 1.7899 5.9444 6.2411 6.1060
1.42312.9_1.7_09 56147.35830764369894 g 14.4597 0.0150 26.5000 12.9046 1.7899 5.9444 6.2411 6.1060
1.42312.9_1.7_09 54999.52762850250292 g 13.7951 0.0152 26.5000 12.9046 1.7899 5.9444 6.2411 6.1060
1.42312.9_1.7_09 54999.53791671100043 g 13.8480 0.0152 26.5000 12.9046 1.7899 5.9444 6.2411 6.1060
1.42312.9_1.7_09 55766.37074672379822 g 13.6415 0.0153 26.5000 12.9046 1.7899 5.9444 6.2411 6.1060
1.42312.9_1.7_09 55766.36041082580050 g 13.6199 0.0153 26.5000 12.9046 1.7899 5.9444 6.2411 6.1060
1.42312.9_1.7_09 56147.34801527119998 g 14.4699 0.0150 26.5000 12.9046 1.7899 5.9444 6.2411 6.1060
1.43112.3_1.7_09 54999.52762850250292 g 13.8424 0.0152 27.0000 12.3928 1.7059 5.3977 5.7000 5.5655
1.43112.3_1.7_09 54999.53791671100043 g 13.8607 0.0152 27.0000 12.3928 1.7059 5.3977 5.7000 5.5655
1.43112.9_1.7_09 55769.40606205489894 g 13.9480 0.0152 27.0000 12.9046 1.7899 5.9195 6.2168 6.0812
1.43112.9_1.7_09 55769.41627147010149 g 13.9745 0.0152 27.0000 12.9046 1.7899 5.9195 6.2168 6.0812
1.43112.9_1.7_09 55389.41325187029724 g 13.8170 0.0152 27.0000 12.9046 1.7899 5.9195 6.2168 6.0812
1.43112.9_1.7_09 55389.42521841580310 g 13.8345 0.0152 27.0000 12.9046 1.7899 5.9195 6.2168 6.0812
1.43112.9_1.7_09 56147.35830764369894 g 13.9503 0.0152 27.0000 12.9046 1.7899 5.9195 6.2168 6.0812
1.43112.9_1.7_09 54999.52762850250292 g 14.6454 0.0149 27.0000 12.9046 1.7899 5.9195 6.2168 6.0812
1.43112.9_1.7_09 54999.53791671100043 g 14.6455 0.0149 27.0000 12.9046 1.7899 5.9195 6.2168 6.0812
1.43112.9_1.7_09 55766.37074672379822 g 13.7009 0.0152 27.0000 12.9046 1.7899 5.9195 6.2168 6.0812
1.43112.9_1.7_09 55766.36041082580050 g 13.6890 0.0152 27.0000 12.9046 1.7899 5.9195 6.2168 6.0812
1.43112.9_1.7_09 56147.34801527119998 g 13.9359 0.0152 27.0000 12.9046 1.7899 5.9195 6.2168 6.0812
1.43912.3_1.7_09 55389.41325187029724 g 13.6123 0.0153 27.5000 12.3928 1.7059 5.3732 5.6762 5.5411
1.43912.3_1.7_09 55389.42521841580310 g 13.6202 0.0153 27.5000 12.3928 1.7059 5.3732 5.6762 5.5411
1.43912.9_1.7_09 55769.40606205489894 g 14.0346 0.0152 27.5000 12.9046 1.7899 5.8950 6.1930 6.0568
1.43912.9_1.7_09 55769.41627147010149 g 14.0419 0.0152 27.5000 12.9046 1.7899 5.8950 6.1930 6.0568
1.43912.9_1.7_09 55389.41325187029724 g 14.4112 0.0150 27.5000 12.9046 1.7899 5.8950 6.1930 6.0568
1.43912.9_1.7_09 55389.42521841580310 g 14.4258 0.0150 27.5000 12.9046 1.7899 5.8950 6.1930 6.0568
1.43912.9_1.7_09 54999.52762850250292 g 14.0297 0.0152 27.5000 12.9046 1.7899 5.8950 6.1930 6.0568
1.43912.9_1.7_09 54999.53791671100043 g 14.0436 0.0152 27.5000 12.9046 1.7899 5.8950 6.1930 6.0568
1.43912.9_1.7_09 55766.37074672379822 g 13.7829 0.0152 27.5000 12.9046 1.7899 5.8950 6.1930 6.0568
1.43912.9_1.7_09 55766.36041082580050 g 13.7904 0.0152 27.5000 12.9046 1.7899 5.8950 6.1930 6.0568
1.44712.3_1.7_09 55389.41325187029724 g 13.7952 0.0152 28.0000 12.3928 1.7059 5.3492 5.6528 5.5172
1.44712.3_1.7_09 55389.42521841580310 g 13.7847 0.0152 28.0000 12.3928 1.7059 5.3492 5.6528 5.5172
1.44712.3_1.7_09 56147.35830764369894 g 13.6543 0.0153 28.0000 12.3928 1.7059 5.3492 5.6528 5.5172
1.44712.3_1.7_09 54999.52762850250292 g 13.6638 0.0152 28.0000 12.3928 1.7059 5.3492 5.6528 5.5172
1.44712.3_1.7_09 54999.53791671100043 g 13.6589 0.0152 28.0000 12.3928 1.7059 5.3492 5.6528 5.5172
1.44712.3_1.7_09 56147.34801527119998 g 13.6658 0.0152 28.0000 12.3928 1.7059 5.3492 5.6528 5.5172
1.44712.9_1.7_09 55769.40606205489894 g 14.0727 0.0151 28.0000 12.9046 1.7899 5.8710 6.1697 6.0328
1.44712.9_1.7_09 55769.41627147010149 g 14.0667 0.0151 28.0000 12.9046 1.7899 5.8710 6.1697 6.0328
1.44712.9_1.7_09 55389.41325187029724 g 14.5756 0.0150 28.0000 12.9046 1.7899 5.8710 6.1697 6.0328
1.44712.9_1.7_09 55389.42521841580310 g 14.6238 0.0149 28.0000 12.9046 1.7899 5.8710 6.1697 6.0328
1.44712.9_1.7_09 56147.35830764369894 g 14.4763 0.0150 28.0000 12.9046 1.7899 5.8710 6.1697 6.0328
1.44712.9_1.7_09 54999.52762850250292 g 14.4509 0.0150 28.0000 12.9046 1.7899 5.8710 6.1697 6.0328
1.44712.9_1.7_09 54999.53791671100043 g 14.4423 0.0150 28.0000 12.9046 1.7899 5.8710 6.1697 6.0328
1.44712.9_1.7_09 55766.37074672379822 g 13.8572 0.0152 28.0000 12.9046 1.7899 5.8710 6.1697 6.0328
1.44712.9_1.7_09 55766.36041082580050 g 13.8352 0.0152 28.0000 12.9046 1.7899 5.8710 6.1697 6.0328
1.44712.9_1.7_09 56147.34801527119998 g 14.4327 0.0150 28.0000 12.9046 1.7899 5.8710 6.1697 6.0328
1.45412.3_1.7_09 56147.35830764369894 g 13.8342 0.0152 28.5000 12.3928 1.7059 5.3256 5.6299 5.4936
1.45412.3_1.7_09 56147.34801527119998 g 13.8695 0.0152 28.5000 12.3928 1.7059 5.3256 5.6299 5.4936
1.45412.9_1.7_09 55769.40606205489894 g 14.1290 0.0151 28.5000 12.9046 1.7899 5.8474 6.1467 6.0093
1.45412.9_1.7_09 55769.41627147010149 g 14.1335 0.0151 28.5000 12.9046 1.7899 5.8474 6.1467 6.0093
1.45412.9_1.7_09 56147.35830764369894 g 14.6558 0.0149 28.5000 12.9046 1.7899 5.8474 6.1467 6.0093
1.45412.9_1.7_09 54999.52762850250292 g 14.1131 0.0151 28.5000 12.9046 1.7899 5.8474 6.1467 6.0093
1.45412.9_1.7_09 54999.53791671100043 g 14.1226 0.0151 28.5000 12.9046 1.7899 5.8474 6.1467 6.0093
1.45412.9_1.7_09 55766.37074672379822 g 13.8688 0.0152 28.5000 12.9046 1.7899 5.8474 6.1467 6.0093
1.45412.9_1.7_09 55766.36041082580050 g 13.8977 0.0152 28.5000 12.9046 1.7899 5.8474 6.1467 6.0093
1.45412.9_1.7_09 56147.34801527119998 g 14.6446 0.0149 28.5000 12.9046 1.7899 5.8474 6.1467 6.0093
1.46212.3_1.7_09 54999.52762850250292 g 13.6568 0.0152 29.0000 12.3928 1.7059 5.3024 5.6073 5.4705
1.46212.3_1.7_09 54999.53791671100043 g 13.6683 0.0152 29.0000 12.3928 1.7059 5.3024 5.6073 5.4705
1.46212.9_1.7_09 55769.40606205489894 g 14.1191 0.0151 29.0000 12.9046 1.7899 5.8242 6.1242 5.9861
1.46212.9_1.7_09 55769.41627147010149 g 14.1438 0.0151 29.0000 12.9046 1.7899 5.8242 6.1242 5.9861
1.46212.9_1.7_09 55389.41325187029724 g 13.9287 0.0152 29.0000 12.9046 1.7899 5.8242 6.1242 5.9861
1.46212.9_1.7_09 55389.42521841580310 g 13.9426 0.0152 29.0000 12.9046 1.7899 5.8242 6.1242 5.9861
1.46212.9_1.7_09 56147.35830764369894 g 14.2064 0.0151 29.0000 12.9046 1.7899 5.8242 6.1242 5.9861
1.46212.9_1.7_09 54999.52762850250292 g 14.4123 0.0150 29.0000 12.9046 1.7899 5.8242 6.1242 5.9861
1.46212.9_1.7_09 54999.53791671100043 g 14.4258 0.0150 29.0000 12.9046 1.7899 5.8242 6.1242 5.9861
1.46212.9_1.7_09 55766.37074672379822 g 13.9234 0.0152 29.0000 12.9046 1.7899 5.8242 6.1242 5.9861
1.46212.9_1.7_09 55766.36041082580050 g 13.9253 0.0152 29.0000 12.9046 1.7899 5.8242 6.1242 5.9861
1.46212.9_1.7_09 56147.34801527119998 g 14.2198 0.0151 29.0000 12.9046 1.7899 5.8242 6.1242 5.9861
1.46912.3_1.7_09 55389.41325187029724 g 13.6439 0.0153 29.5000 12.3928 1.7059 5.2796 5.5852 5.4478
1.46912.3_1.7_09 55389.42521841580310 g 13.6333 0.0153 29.5000 12.3928 1.7059 5.2796 5.5852 5.4478
1.46912.9_1.7_09 55769.40606205489894 g 14.1861 0.0151 29.5000 12.9046 1.7899 5.8014 6.1020 5.9634
1.46912.9_1.7_09 55769.41627147010149 g 14.1813 0.0151 29.5000 12.9046 1.7899 5.8014 6.1020 5.9634
1.46912.9_1.7_09 55389.41325187029724 g 14.4437 0.0150 29.5000 12.9046 1.7899 5.8014 6.1020 5.9634
1.46912.9_1.7_09 55389.42521841580310 g 14.4294 0.0150 29.5000 12.9046 1.7899 5.8014 6.1020 5.9634
1.46912.9_1.7_09 56147.35830764369894 g 13.8082 0.0152 29.5000 12.9046 1.7899 5.8014 6.1020 5.9634
1.46912.9_1.7_09 54999.52762850250292 g 14.0261 0.0152 29.5000 12.9046 1.7899 5.8014 6.1020 5.9634
1.46912.9_1.7_09 54999.53791671100043 g 14.0232 0.0152 29.5000 12.9046 1.7899 5.8014 6.1020 5.9634
1.46912.9_1.7_09 55766.37074672379822 g 13.9819 0.0152 29.5000 12.9046 1.7899 5.8014 6.1020 5.9634
1.46912.9_1.7_09 55766.36041082580050 g 13.9892 0.0152 29.5000 12.9046 1.7899 5.8014 6.1020 5.9634
1.46912.9_1.7_09 56147.34801527119998 g 13.7915 0.0152 29.5000 12.9046 1.7899 5.8014 6.1020 5.9634
1.47712.3_1.7_09 55389.41325187029724 g 13.7066 0.0152 30.0000 12.3928 1.7059 5.2572 5.5634 5.4254
1.47712.3_1.7_09 55389.42521841580310 g 13.7006 0.0152 30.0000 12.3928 1.7059 5.2572 5.5634 5.4254
1.47712.3_1.7_09 54999.52762850250292 g 13.6710 0.0152 30.0000 12.3928 1.7059 5.2572 5.5634 5.4254
1.47712.3_1.7_09 54999.53791671100043 g 13.6866 0.0152 30.0000 12.3928 1.7059 5.2572 5.5634 5.4254
1.47712.9_1.7_09 55769.40606205489894 g 14.2503 0.0151 30.0000 12.9046 1.7899 5.7790 6.0802 5.9411
1.47712.9_1.7_09 55769.41627147010149 g 14.2479 0.0151 30.0000 12.9046 1.7899 5.7790 6.0802 5.9411
1.47712.9_1.7_09 55389.41325187029724 g 14.4736 0.0150 30.0000 12.9046 1.7899 5.7790 6.0802 5.9411
1.47712.9_1.7_09 55389.42521841580310 g 14.4898 0.0150 30.0000 12.9046 1.7899 5.7790 6.0802 5.9411
1.47712.9_1.7_09 54999.52762850250292 g 14.4763 0.0150 30.0000 12.9046 1.7899 5.7790 6.0802 5.9411
1.47712.9_1.7_09 54999.53791671100043 g 14.4683 0.0150 30.0000 12.9046 1.7899 5.7790 6.0802 5.9411
1.47712.9_1.7_09 55766.37074672379822 g 14.0575 0.0151 30.0000 12.9046 1.7899 5.7790 6.0802 5.9411
1.47712.9_1.7_09 55766.36041082580050 g 14.0386 0.0152 30.0000 12.9046 1.7899 5.7790 6.0802 5.9411
