# Name Epoch Band Mag eMag period DM E(B-V) KMEAN  W1MEAN W2MEAN
0.47713.0_1.2_39 55492.38094812350027 g 13.9393 0.0152 3.0000 13.0533 1.2244 9.2601 9.3529 9.2448
0.47713.4_1.2_39 55492.38094812350027 g 14.3529 0.0150 3.0000 13.4062 1.2968 9.6250 9.7145 9.6090
0.47713.8_1.3_39 55492.38094812350027 g 14.8808 0.0149 3.0000 13.8543 1.3102 10.1016 10.1635 10.0774
0.47713.8_1.3_39 56284.27468259770103 r 13.5133 0.0011 3.0000 13.8543 1.3102 10.1016 10.1635 10.0774
0.47714.3_1.3_39 55492.38094812350027 g 15.5440 0.0149 3.0000 14.3077 1.3799 10.5589 10.6199 10.5209
0.47714.3_1.3_39 56284.27468259770103 r 14.1110 0.0015 3.0000 14.3077 1.3799 10.5589 10.6199 10.5209
0.47714.3_1.3_39 56201.42093513299915 i 13.9057 0.0151 3.0000 14.3077 1.3799 10.5589 10.6199 10.5209
0.47714.3_1.3_39 56201.43440423860011 i 13.8539 0.0151 3.0000 14.3077 1.3799 10.5589 10.6199 10.5209
0.47714.3_1.3_39 55517.32123562280321 i 13.8167 0.0151 3.0000 14.3077 1.3799 10.5589 10.6199 10.5209
0.47714.3_1.3_39 55517.33462539320317 i 13.8483 0.0151 3.0000 14.3077 1.3799 10.5589 10.6199 10.5209
0.47714.3_1.3_39 55492.38094812350027 i 13.6926 0.0152 3.0000 14.3077 1.3799 10.5589 10.6199 10.5209
0.47714.7_1.4_39 55492.38094812350027 g 16.2329 0.0155 3.0000 14.7784 1.4174 11.0508 11.0925 10.9967
0.47714.7_1.4_39 56284.27468259770103 r 14.7552 0.0020 3.0000 14.7784 1.4174 11.0508 11.0925 10.9967
0.47714.7_1.4_39 56201.42093513299915 i 14.4118 0.0147 3.0000 14.7784 1.4174 11.0508 11.0925 10.9967
0.47714.7_1.4_39 56201.43440423860011 i 14.4642 0.0147 3.0000 14.7784 1.4174 11.0508 11.0925 10.9967
0.47714.7_1.4_39 55517.32123562280321 i 14.3864 0.0147 3.0000 14.7784 1.4174 11.0508 11.0925 10.9967
0.47714.7_1.4_39 55517.33462539320317 i 14.3978 0.0147 3.0000 14.7784 1.4174 11.0508 11.0925 10.9967
0.47714.7_1.4_39 55492.38094812350027 i 14.2540 0.0148 3.0000 14.7784 1.4174 11.0508 11.0925 10.9967
0.47714.7_1.4_39 56291.21866381160362 z 13.5320 0.0147 3.0000 14.7784 1.4174 11.0508 11.0925 10.9967
0.47714.7_1.4_39 55814.54817683529836 z 13.5828 0.0147 3.0000 14.7784 1.4174 11.0508 11.0925 10.9967
0.47714.7_1.4_39 55814.55647553739982 z 13.5923 0.0147 3.0000 14.7784 1.4174 11.0508 11.0925 10.9967
0.47715.2_1.4_39 55492.38094812350027 g 16.9337 0.0170 3.0000 15.2692 1.4843 11.5735 11.6201 11.5072
0.47715.2_1.4_39 56284.27468259770103 r 15.4058 0.0028 3.0000 15.2692 1.4843 11.5735 11.6201 11.5072
0.47715.2_1.4_39 56201.42093513299915 i 15.0576 0.0146 3.0000 15.2692 1.4843 11.5735 11.6201 11.5072
0.47715.2_1.4_39 56201.43440423860011 i 15.0570 0.0146 3.0000 15.2692 1.4843 11.5735 11.6201 11.5072
0.47715.2_1.4_39 55517.32123562280321 i 15.0004 0.0146 3.0000 15.2692 1.4843 11.5735 11.6201 11.5072
0.47715.2_1.4_39 55517.33462539320317 i 15.0147 0.0146 3.0000 15.2692 1.4843 11.5735 11.6201 11.5072
0.47715.2_1.4_39 55492.38094812350027 i 14.9236 0.0145 3.0000 15.2692 1.4843 11.5735 11.6201 11.5072
0.47715.2_1.4_39 56291.21866381160362 z 14.0650 0.0146 3.0000 15.2692 1.4843 11.5735 11.6201 11.5072
0.47715.2_1.4_39 55814.54817683529836 z 14.1919 0.0146 3.0000 15.2692 1.4843 11.5735 11.6201 11.5072
0.47715.2_1.4_39 55814.55647553739982 z 14.2044 0.0146 3.0000 15.2692 1.4843 11.5735 11.6201 11.5072
0.47715.2_1.4_39 55903.33042754780035 z 14.1058 0.0146 3.0000 15.2692 1.4843 11.5735 11.6201 11.5072
0.47715.2_1.4_39 55903.33743409850285 z 14.1072 0.0146 3.0000 15.2692 1.4843 11.5735 11.6201 11.5072
0.47715.2_1.4_39 55438.63410446189664 y 13.7635 0.0149 3.0000 15.2692 1.4843 11.5735 11.6201 11.5072
0.47715.2_1.4_39 55076.58270919180359 y 13.7811 0.0149 3.0000 15.2692 1.4843 11.5735 11.6201 11.5072
0.47715.8_1.5_39 55492.38094812350027 g 17.7965 0.0208 3.0000 15.8098 1.5888 12.1695 12.1834 12.0476
0.47715.8_1.5_39 56284.27468259770103 r 16.1659 0.0044 3.0000 15.8098 1.5888 12.1695 12.1834 12.0476
0.47715.8_1.5_39 56201.42093513299915 i 15.8590 0.0153 3.0000 15.8098 1.5888 12.1695 12.1834 12.0476
0.47715.8_1.5_39 56201.43440423860011 i 15.7649 0.0151 3.0000 15.8098 1.5888 12.1695 12.1834 12.0476
0.47715.8_1.5_39 55517.32123562280321 i 15.7360 0.0151 3.0000 15.8098 1.5888 12.1695 12.1834 12.0476
0.47715.8_1.5_39 55517.33462539320317 i 15.7568 0.0151 3.0000 15.8098 1.5888 12.1695 12.1834 12.0476
0.47715.8_1.5_39 55492.38094812350027 i 15.6030 0.0149 3.0000 15.8098 1.5888 12.1695 12.1834 12.0476
0.47715.8_1.5_39 56291.21866381160362 z 14.8029 0.0148 3.0000 15.8098 1.5888 12.1695 12.1834 12.0476
0.47715.8_1.5_39 55814.54817683529836 z 14.8320 0.0148 3.0000 15.8098 1.5888 12.1695 12.1834 12.0476
0.47715.8_1.5_39 55814.55647553739982 z 14.8593 0.0149 3.0000 15.8098 1.5888 12.1695 12.1834 12.0476
0.47715.8_1.5_39 55903.33042754780035 z 14.7652 0.0148 3.0000 15.8098 1.5888 12.1695 12.1834 12.0476
0.47715.8_1.5_39 55903.33743409850285 z 14.7501 0.0148 3.0000 15.8098 1.5888 12.1695 12.1834 12.0476
0.47715.8_1.5_39 55438.63410446189664 y 14.4241 0.0157 3.0000 15.8098 1.5888 12.1695 12.1834 12.0476
0.47715.8_1.5_39 55076.58270919180359 y 14.4403 0.0158 3.0000 15.8098 1.5888 12.1695 12.1834 12.0476
0.54413.0_1.2_39 55492.38094812350027 g 13.8036 0.0152 3.5000 13.0533 1.2244 9.0350 9.1447 9.0249
0.54413.4_1.2_39 55492.38094812350027 g 14.4162 0.0150 3.5000 13.4062 1.2968 9.4281 9.4916 9.4199
0.54413.8_1.3_39 55492.38094812350027 g 14.7326 0.0149 3.5000 13.8543 1.3102 9.8701 9.9631 9.8630
0.54413.8_1.3_39 56284.27468259770103 r 13.6733 0.0012 3.5000 13.8543 1.3102 9.8701 9.9631 9.8630
0.54414.3_1.3_39 55492.38094812350027 g 15.6069 0.0149 3.5000 14.3077 1.3799 10.3529 10.4602 10.3308
0.54414.3_1.3_39 56284.27468259770103 r 14.3241 0.0016 3.5000 14.3077 1.3799 10.3529 10.4602 10.3308
0.54414.3_1.3_39 56201.42093513299915 i 13.8946 0.0151 3.5000 14.3077 1.3799 10.3529 10.4602 10.3308
0.54414.3_1.3_39 56201.43440423860011 i 13.9677 0.0150 3.5000 14.3077 1.3799 10.3529 10.4602 10.3308
0.54414.3_1.3_39 55517.32123562280321 i 13.7259 0.0152 3.5000 14.3077 1.3799 10.3529 10.4602 10.3308
0.54414.3_1.3_39 55517.33462539320317 i 13.7406 0.0152 3.5000 14.3077 1.3799 10.3529 10.4602 10.3308
0.54414.3_1.3_39 55492.38094812350027 i 13.6260 0.0153 3.5000 14.3077 1.3799 10.3529 10.4602 10.3308
0.54414.7_1.4_39 55492.38094812350027 g 16.0639 0.0153 3.5000 14.7784 1.4174 10.8490 10.9046 10.7926
0.54414.7_1.4_39 56284.27468259770103 r 14.8560 0.0021 3.5000 14.7784 1.4174 10.8490 10.9046 10.7926
0.54414.7_1.4_39 56201.42093513299915 i 14.5416 0.0146 3.5000 14.7784 1.4174 10.8490 10.9046 10.7926
0.54414.7_1.4_39 56201.43440423860011 i 14.5125 0.0146 3.5000 14.7784 1.4174 10.8490 10.9046 10.7926
0.54414.7_1.4_39 55517.32123562280321 i 14.1565 0.0149 3.5000 14.7784 1.4174 10.8490 10.9046 10.7926
0.54414.7_1.4_39 55517.33462539320317 i 14.2133 0.0148 3.5000 14.7784 1.4174 10.8490 10.9046 10.7926
0.54414.7_1.4_39 55492.38094812350027 i 14.1120 0.0149 3.5000 14.7784 1.4174 10.8490 10.9046 10.7926
0.54415.2_1.4_39 55492.38094812350027 g 16.7787 0.0166 3.5000 15.2692 1.4843 11.3610 11.3996 11.2946
0.54415.2_1.4_39 56284.27468259770103 r 15.5050 0.0030 3.5000 15.2692 1.4843 11.3610 11.3996 11.2946
0.54415.2_1.4_39 56201.42093513299915 i 15.0721 0.0146 3.5000 15.2692 1.4843 11.3610 11.3996 11.2946
0.54415.2_1.4_39 56201.43440423860011 i 15.1345 0.0146 3.5000 15.2692 1.4843 11.3610 11.3996 11.2946
0.54415.2_1.4_39 55517.32123562280321 i 14.7887 0.0146 3.5000 15.2692 1.4843 11.3610 11.3996 11.2946
0.54415.2_1.4_39 55517.33462539320317 i 14.7975 0.0146 3.5000 15.2692 1.4843 11.3610 11.3996 11.2946
0.54415.2_1.4_39 55492.38094812350027 i 14.7329 0.0146 3.5000 15.2692 1.4843 11.3610 11.3996 11.2946
0.54415.2_1.4_39 56291.21866381160362 z 13.9157 0.0146 3.5000 15.2692 1.4843 11.3610 11.3996 11.2946
0.54415.2_1.4_39 55814.54817683529836 z 13.9058 0.0146 3.5000 15.2692 1.4843 11.3610 11.3996 11.2946
0.54415.2_1.4_39 55814.55647553739982 z 13.8813 0.0146 3.5000 15.2692 1.4843 11.3610 11.3996 11.2946
0.54415.2_1.4_39 55903.33042754780035 z 13.9616 0.0146 3.5000 15.2692 1.4843 11.3610 11.3996 11.2946
0.54415.2_1.4_39 55903.33743409850285 z 13.9890 0.0146 3.5000 15.2692 1.4843 11.3610 11.3996 11.2946
0.54415.2_1.4_39 55438.63410446189664 y 13.6796 0.0149 3.5000 15.2692 1.4843 11.3610 11.3996 11.2946
0.54415.2_1.4_39 55076.58270919180359 y 13.5854 0.0148 3.5000 15.2692 1.4843 11.3610 11.3996 11.2946
0.54415.8_1.5_39 55492.38094812350027 g 17.6938 0.0202 3.5000 15.8098 1.5888 11.9279 11.9817 11.8736
0.54415.8_1.5_39 56284.27468259770103 r 16.3114 0.0048 3.5000 15.8098 1.5888 11.9279 11.9817 11.8736
0.54415.8_1.5_39 56201.42093513299915 i 15.8494 0.0153 3.5000 15.8098 1.5888 11.9279 11.9817 11.8736
0.54415.8_1.5_39 56201.43440423860011 i 15.8367 0.0153 3.5000 15.8098 1.5888 11.9279 11.9817 11.8736
0.54415.8_1.5_39 55517.32123562280321 i 15.5773 0.0149 3.5000 15.8098 1.5888 11.9279 11.9817 11.8736
0.54415.8_1.5_39 55517.33462539320317 i 15.5105 0.0148 3.5000 15.8098 1.5888 11.9279 11.9817 11.8736
0.54415.8_1.5_39 55492.38094812350027 i 15.4897 0.0148 3.5000 15.8098 1.5888 11.9279 11.9817 11.8736
0.54415.8_1.5_39 56291.21866381160362 z 14.6190 0.0147 3.5000 15.8098 1.5888 11.9279 11.9817 11.8736
0.54415.8_1.5_39 55814.54817683529836 z 14.6084 0.0147 3.5000 15.8098 1.5888 11.9279 11.9817 11.8736
0.54415.8_1.5_39 55814.55647553739982 z 14.5667 0.0147 3.5000 15.8098 1.5888 11.9279 11.9817 11.8736
0.54415.8_1.5_39 55903.33042754780035 z 14.6534 0.0147 3.5000 15.8098 1.5888 11.9279 11.9817 11.8736
0.54415.8_1.5_39 55903.33743409850285 z 14.6807 0.0147 3.5000 15.8098 1.5888 11.9279 11.9817 11.8736
0.54415.8_1.5_39 55438.63410446189664 y 14.3864 0.0157 3.5000 15.8098 1.5888 11.9279 11.9817 11.8736
0.54415.8_1.5_39 55076.58270919180359 y 14.2382 0.0154 3.5000 15.8098 1.5888 11.9279 11.9817 11.8736
0.60213.0_1.2_39 55492.38094812350027 g 13.6578 0.0152 4.0000 13.0533 1.2244 8.8757 8.9686 8.8861
0.60213.4_1.2_39 55492.38094812350027 g 14.2918 0.0151 4.0000 13.4062 1.2968 9.2674 9.3568 9.2472
0.60213.8_1.3_39 55492.38094812350027 g 14.8083 0.0149 4.0000 13.8543 1.3102 9.7192 9.7902 9.6834
0.60214.3_1.3_39 55492.38094812350027 g 15.3430 0.0149 4.0000 14.3077 1.3799 10.1774 10.2676 10.1590
0.60214.3_1.3_39 56284.27468259770103 r 13.8385 0.0013 4.0000 14.3077 1.3799 10.1774 10.2676 10.1590
0.60214.3_1.3_39 56201.42093513299915 i 13.5991 0.0153 4.0000 14.3077 1.3799 10.1774 10.2676 10.1590
0.60214.3_1.3_39 56201.43440423860011 i 13.5451 0.0154 4.0000 14.3077 1.3799 10.1774 10.2676 10.1590
0.60214.3_1.3_39 55517.32123562280321 i 13.5330 0.0154 4.0000 14.3077 1.3799 10.1774 10.2676 10.1590
0.60214.3_1.3_39 55517.33462539320317 i 13.5481 0.0154 4.0000 14.3077 1.3799 10.1774 10.2676 10.1590
0.60214.7_1.4_39 55492.38094812350027 g 15.8626 0.0151 4.0000 14.7784 1.4174 10.6677 10.7551 10.6205
0.60214.7_1.4_39 56284.27468259770103 r 14.3209 0.0016 4.0000 14.7784 1.4174 10.6677 10.7551 10.6205
0.60214.7_1.4_39 56201.42093513299915 i 14.1383 0.0149 4.0000 14.7784 1.4174 10.6677 10.7551 10.6205
0.60214.7_1.4_39 56201.43440423860011 i 14.0614 0.0149 4.0000 14.7784 1.4174 10.6677 10.7551 10.6205
0.60214.7_1.4_39 55517.32123562280321 i 14.1087 0.0149 4.0000 14.7784 1.4174 10.6677 10.7551 10.6205
0.60214.7_1.4_39 55517.33462539320317 i 14.1126 0.0149 4.0000 14.7784 1.4174 10.6677 10.7551 10.6205
0.60214.7_1.4_39 55492.38094812350027 i 13.9707 0.0150 4.0000 14.7784 1.4174 10.6677 10.7551 10.6205
0.60214.7_1.4_39 56291.21866381160362 z 13.5546 0.0147 4.0000 14.7784 1.4174 10.6677 10.7551 10.6205
0.60214.7_1.4_39 55903.33743409850285 z 13.5253 0.0147 4.0000 14.7784 1.4174 10.6677 10.7551 10.6205
0.60215.2_1.4_39 55492.38094812350027 g 16.7165 0.0165 4.0000 15.2692 1.4843 11.1919 11.2513 11.1303
0.60215.2_1.4_39 56284.27468259770103 r 15.1023 0.0024 4.0000 15.2692 1.4843 11.1919 11.2513 11.1303
0.60215.2_1.4_39 56201.42093513299915 i 14.7228 0.0146 4.0000 15.2692 1.4843 11.1919 11.2513 11.1303
0.60215.2_1.4_39 56201.43440423860011 i 14.6966 0.0146 4.0000 15.2692 1.4843 11.1919 11.2513 11.1303
0.60215.2_1.4_39 55517.32123562280321 i 14.7136 0.0146 4.0000 15.2692 1.4843 11.1919 11.2513 11.1303
0.60215.2_1.4_39 55517.33462539320317 i 14.7576 0.0146 4.0000 15.2692 1.4843 11.1919 11.2513 11.1303
0.60215.2_1.4_39 55492.38094812350027 i 14.6649 0.0146 4.0000 15.2692 1.4843 11.1919 11.2513 11.1303
0.60215.2_1.4_39 56291.21866381160362 z 13.9588 0.0146 4.0000 15.2692 1.4843 11.1919 11.2513 11.1303
0.60215.2_1.4_39 55814.54817683529836 z 13.8606 0.0146 4.0000 15.2692 1.4843 11.1919 11.2513 11.1303
0.60215.2_1.4_39 55814.55647553739982 z 13.9344 0.0146 4.0000 15.2692 1.4843 11.1919 11.2513 11.1303
0.60215.2_1.4_39 55903.33042754780035 z 14.0179 0.0146 4.0000 15.2692 1.4843 11.1919 11.2513 11.1303
0.60215.2_1.4_39 55903.33743409850285 z 13.9398 0.0146 4.0000 15.2692 1.4843 11.1919 11.2513 11.1303
0.60215.2_1.4_39 55438.63410446189664 y 13.5392 0.0148 4.0000 15.2692 1.4843 11.1919 11.2513 11.1303
0.60215.8_1.5_39 55492.38094812350027 g 17.4880 0.0192 4.0000 15.8098 1.5888 11.7819 11.7961 11.6886
0.60215.8_1.5_39 56284.27468259770103 r 15.8070 0.0035 4.0000 15.8098 1.5888 11.7819 11.7961 11.6886
0.60215.8_1.5_39 56201.42093513299915 i 15.4011 0.0147 4.0000 15.8098 1.5888 11.7819 11.7961 11.6886
0.60215.8_1.5_39 56201.43440423860011 i 15.4413 0.0148 4.0000 15.8098 1.5888 11.7819 11.7961 11.6886
0.60215.8_1.5_39 55517.32123562280321 i 15.3896 0.0147 4.0000 15.8098 1.5888 11.7819 11.7961 11.6886
0.60215.8_1.5_39 55517.33462539320317 i 15.4611 0.0148 4.0000 15.8098 1.5888 11.7819 11.7961 11.6886
0.60215.8_1.5_39 55492.38094812350027 i 15.2852 0.0147 4.0000 15.8098 1.5888 11.7819 11.7961 11.6886
0.60215.8_1.5_39 56291.21866381160362 z 14.7326 0.0148 4.0000 15.8098 1.5888 11.7819 11.7961 11.6886
0.60215.8_1.5_39 55814.54817683529836 z 14.6235 0.0147 4.0000 15.8098 1.5888 11.7819 11.7961 11.6886
0.60215.8_1.5_39 55814.55647553739982 z 14.6435 0.0147 4.0000 15.8098 1.5888 11.7819 11.7961 11.6886
0.60215.8_1.5_39 55903.33042754780035 z 14.7676 0.0148 4.0000 15.8098 1.5888 11.7819 11.7961 11.6886
0.60215.8_1.5_39 55903.33743409850285 z 14.7270 0.0148 4.0000 15.8098 1.5888 11.7819 11.7961 11.6886
0.60215.8_1.5_39 55438.63410446189664 y 14.1481 0.0153 4.0000 15.8098 1.5888 11.7819 11.7961 11.6886
0.60215.8_1.5_39 55076.58270919180359 y 14.0763 0.0152 4.0000 15.8098 1.5888 11.7819 11.7961 11.6886
0.65313.0_1.2_39 55492.38094812350027 g 13.5810 0.0153 4.5000 13.0533 1.2244 8.7223 8.8082 8.7054
0.65313.4_1.2_39 55492.38094812350027 g 14.0591 0.0151 4.5000 13.4062 1.2968 9.0994 9.1858 9.0942
0.65313.8_1.3_39 55492.38094812350027 g 14.6427 0.0149 4.5000 13.8543 1.3102 9.5565 9.6282 9.5267
0.65314.3_1.3_39 55492.38094812350027 g 15.4562 0.0149 4.5000 14.3077 1.3799 10.0343 10.1000 10.0032
0.65314.3_1.3_39 56284.27468259770103 r 13.8597 0.0013 4.5000 14.3077 1.3799 10.0343 10.1000 10.0032
0.65314.3_1.3_39 56201.42093513299915 i 13.6617 0.0153 4.5000 14.3077 1.3799 10.0343 10.1000 10.0032
0.65314.3_1.3_39 56201.43440423860011 i 13.6622 0.0153 4.5000 14.3077 1.3799 10.0343 10.1000 10.0032
0.65314.3_1.3_39 55517.32123562280321 i 13.5678 0.0154 4.5000 14.3077 1.3799 10.0343 10.1000 10.0032
0.65314.3_1.3_39 55517.33462539320317 i 13.6606 0.0153 4.5000 14.3077 1.3799 10.0343 10.1000 10.0032
0.65314.7_1.4_39 55492.38094812350027 g 15.8403 0.0151 4.5000 14.7784 1.4174 10.5078 10.5988 10.4769
0.65314.7_1.4_39 56284.27468259770103 r 14.2467 0.0016 4.5000 14.7784 1.4174 10.5078 10.5988 10.4769
0.65314.7_1.4_39 56201.42093513299915 i 14.2697 0.0148 4.5000 14.7784 1.4174 10.5078 10.5988 10.4769
0.65314.7_1.4_39 56201.43440423860011 i 14.2686 0.0148 4.5000 14.7784 1.4174 10.5078 10.5988 10.4769
0.65314.7_1.4_39 55517.32123562280321 i 14.2673 0.0148 4.5000 14.7784 1.4174 10.5078 10.5988 10.4769
0.65314.7_1.4_39 55517.33462539320317 i 14.2462 0.0148 4.5000 14.7784 1.4174 10.5078 10.5988 10.4769
0.65314.7_1.4_39 55492.38094812350027 i 13.8274 0.0151 4.5000 14.7784 1.4174 10.5078 10.5988 10.4769
0.65315.2_1.4_39 55492.38094812350027 g 16.5509 0.0161 4.5000 15.2692 1.4843 11.0374 11.0917 10.9738
0.65315.2_1.4_39 56284.27468259770103 r 14.9275 0.0022 4.5000 15.2692 1.4843 11.0374 11.0917 10.9738
0.65315.2_1.4_39 56201.42093513299915 i 14.8782 0.0145 4.5000 15.2692 1.4843 11.0374 11.0917 10.9738
0.65315.2_1.4_39 56201.43440423860011 i 14.8621 0.0145 4.5000 15.2692 1.4843 11.0374 11.0917 10.9738
0.65315.2_1.4_39 55517.32123562280321 i 14.8249 0.0146 4.5000 15.2692 1.4843 11.0374 11.0917 10.9738
0.65315.2_1.4_39 55517.33462539320317 i 14.8670 0.0145 4.5000 15.2692 1.4843 11.0374 11.0917 10.9738
0.65315.2_1.4_39 55492.38094812350027 i 14.4157 0.0147 4.5000 15.2692 1.4843 11.0374 11.0917 10.9738
0.65315.2_1.4_39 56291.21866381160362 z 13.7217 0.0147 4.5000 15.2692 1.4843 11.0374 11.0917 10.9738
0.65315.2_1.4_39 55814.54817683529836 z 13.8653 0.0146 4.5000 15.2692 1.4843 11.0374 11.0917 10.9738
0.65315.2_1.4_39 55814.55647553739982 z 13.8191 0.0146 4.5000 15.2692 1.4843 11.0374 11.0917 10.9738
0.65315.2_1.4_39 55903.33042754780035 z 13.6691 0.0147 4.5000 15.2692 1.4843 11.0374 11.0917 10.9738
0.65315.2_1.4_39 55903.33743409850285 z 13.6536 0.0147 4.5000 15.2692 1.4843 11.0374 11.0917 10.9738
0.65315.8_1.5_39 55492.38094812350027 g 17.4336 0.0189 4.5000 15.8098 1.5888 11.6047 11.6654 11.5115
0.65315.8_1.5_39 56284.27468259770103 r 15.6984 0.0033 4.5000 15.8098 1.5888 11.6047 11.6654 11.5115
0.65315.8_1.5_39 56201.42093513299915 i 15.5839 0.0149 4.5000 15.8098 1.5888 11.6047 11.6654 11.5115
0.65315.8_1.5_39 56201.43440423860011 i 15.5917 0.0149 4.5000 15.8098 1.5888 11.6047 11.6654 11.5115
0.65315.8_1.5_39 55517.32123562280321 i 15.5978 0.0149 4.5000 15.8098 1.5888 11.6047 11.6654 11.5115
0.65315.8_1.5_39 55517.33462539320317 i 15.6248 0.0150 4.5000 15.8098 1.5888 11.6047 11.6654 11.5115
0.65315.8_1.5_39 55492.38094812350027 i 15.1747 0.0146 4.5000 15.8098 1.5888 11.6047 11.6654 11.5115
0.65315.8_1.5_39 56291.21866381160362 z 14.4835 0.0146 4.5000 15.8098 1.5888 11.6047 11.6654 11.5115
0.65315.8_1.5_39 55814.54817683529836 z 14.5156 0.0147 4.5000 15.8098 1.5888 11.6047 11.6654 11.5115
0.65315.8_1.5_39 55814.55647553739982 z 14.4717 0.0146 4.5000 15.8098 1.5888 11.6047 11.6654 11.5115
0.65315.8_1.5_39 55903.33042754780035 z 14.2912 0.0146 4.5000 15.8098 1.5888 11.6047 11.6654 11.5115
0.65315.8_1.5_39 55903.33743409850285 z 14.3359 0.0146 4.5000 15.8098 1.5888 11.6047 11.6654 11.5115
0.65315.8_1.5_39 55438.63410446189664 y 13.9535 0.0151 4.5000 15.8098 1.5888 11.6047 11.6654 11.5115
0.65315.8_1.5_39 55076.58270919180359 y 14.0355 0.0152 4.5000 15.8098 1.5888 11.6047 11.6654 11.5115
0.69813.4_1.2_39 55492.38094812350027 g 14.1248 0.0151 5.0000 13.4062 1.2968 8.9537 9.0385 8.9274
0.69813.8_1.3_39 55492.38094812350027 g 14.4641 0.0150 5.0000 13.8543 1.3102 9.4216 9.5104 9.3714
0.69814.3_1.3_39 55492.38094812350027 g 15.2884 0.0149 5.0000 14.3077 1.3799 9.8653 9.9667 9.8461
0.69814.3_1.3_39 56284.27468259770103 r 14.0803 0.0014 5.0000 14.3077 1.3799 9.8653 9.9667 9.8461
0.69814.3_1.3_39 56201.42093513299915 i 13.5634 0.0154 5.0000 14.3077 1.3799 9.8653 9.9667 9.8461
0.69814.3_1.3_39 56201.43440423860011 i 13.5790 0.0153 5.0000 14.3077 1.3799 9.8653 9.9667 9.8461
0.69814.7_1.4_39 55492.38094812350027 g 15.8043 0.0151 5.0000 14.7784 1.4174 10.3790 10.4426 10.3310
0.69814.7_1.4_39 56284.27468259770103 r 14.6490 0.0019 5.0000 14.7784 1.4174 10.3790 10.4426 10.3310
0.69814.7_1.4_39 56201.42093513299915 i 14.0819 0.0149 5.0000 14.7784 1.4174 10.3790 10.4426 10.3310
0.69814.7_1.4_39 56201.43440423860011 i 14.1267 0.0149 5.0000 14.7784 1.4174 10.3790 10.4426 10.3310
0.69814.7_1.4_39 55517.32123562280321 i 13.7740 0.0152 5.0000 14.7784 1.4174 10.3790 10.4426 10.3310
0.69814.7_1.4_39 55517.33462539320317 i 13.7858 0.0152 5.0000 14.7784 1.4174 10.3790 10.4426 10.3310
0.69814.7_1.4_39 55492.38094812350027 i 13.7392 0.0152 5.0000 14.7784 1.4174 10.3790 10.4426 10.3310
0.69815.2_1.4_39 55492.38094812350027 g 16.5801 0.0161 5.0000 15.2692 1.4843 10.8927 10.9585 10.8268
0.69815.2_1.4_39 56284.27468259770103 r 15.2888 0.0026 5.0000 15.2692 1.4843 10.8927 10.9585 10.8268
0.69815.2_1.4_39 56201.42093513299915 i 14.7226 0.0146 5.0000 15.2692 1.4843 10.8927 10.9585 10.8268
0.69815.2_1.4_39 56201.43440423860011 i 14.6879 0.0146 5.0000 15.2692 1.4843 10.8927 10.9585 10.8268
0.69815.2_1.4_39 55517.32123562280321 i 14.4288 0.0147 5.0000 15.2692 1.4843 10.8927 10.9585 10.8268
0.69815.2_1.4_39 55517.33462539320317 i 14.4472 0.0147 5.0000 15.2692 1.4843 10.8927 10.9585 10.8268
0.69815.2_1.4_39 55492.38094812350027 i 14.3926 0.0147 5.0000 15.2692 1.4843 10.8927 10.9585 10.8268
0.69815.2_1.4_39 56291.21866381160362 z 13.7614 0.0146 5.0000 15.2692 1.4843 10.8927 10.9585 10.8268
0.69815.2_1.4_39 55814.54817683529836 z 13.6317 0.0147 5.0000 15.2692 1.4843 10.8927 10.9585 10.8268
0.69815.2_1.4_39 55814.55647553739982 z 13.5965 0.0147 5.0000 15.2692 1.4843 10.8927 10.9585 10.8268
0.69815.2_1.4_39 55903.33042754780035 z 13.6001 0.0147 5.0000 15.2692 1.4843 10.8927 10.9585 10.8268
0.69815.2_1.4_39 55903.33743409850285 z 13.5581 0.0147 5.0000 15.2692 1.4843 10.8927 10.9585 10.8268
0.69815.8_1.5_39 55492.38094812350027 g 17.4178 0.0188 5.0000 15.8098 1.5888 11.4799 11.5029 11.3942
0.69815.8_1.5_39 56284.27468259770103 r 16.0793 0.0041 5.0000 15.8098 1.5888 11.4799 11.5029 11.3942
0.69815.8_1.5_39 56201.42093513299915 i 15.4669 0.0148 5.0000 15.8098 1.5888 11.4799 11.5029 11.3942
0.69815.8_1.5_39 56201.43440423860011 i 15.4424 0.0148 5.0000 15.8098 1.5888 11.4799 11.5029 11.3942
0.69815.8_1.5_39 55517.32123562280321 i 15.1048 0.0146 5.0000 15.8098 1.5888 11.4799 11.5029 11.3942
0.69815.8_1.5_39 55517.33462539320317 i 15.1467 0.0146 5.0000 15.8098 1.5888 11.4799 11.5029 11.3942
0.69815.8_1.5_39 55492.38094812350027 i 15.1458 0.0146 5.0000 15.8098 1.5888 11.4799 11.5029 11.3942
0.69815.8_1.5_39 56291.21866381160362 z 14.4699 0.0146 5.0000 15.8098 1.5888 11.4799 11.5029 11.3942
0.69815.8_1.5_39 55814.54817683529836 z 14.3331 0.0146 5.0000 15.8098 1.5888 11.4799 11.5029 11.3942
0.69815.8_1.5_39 55814.55647553739982 z 14.3096 0.0146 5.0000 15.8098 1.5888 11.4799 11.5029 11.3942
0.69815.8_1.5_39 55903.33042754780035 z 14.2471 0.0146 5.0000 15.8098 1.5888 11.4799 11.5029 11.3942
0.69815.8_1.5_39 55903.33743409850285 z 14.2560 0.0146 5.0000 15.8098 1.5888 11.4799 11.5029 11.3942
0.69815.8_1.5_39 55438.63410446189664 y 13.8114 0.0150 5.0000 15.8098 1.5888 11.4799 11.5029 11.3942
0.69815.8_1.5_39 55076.58270919180359 y 13.9951 0.0151 5.0000 15.8098 1.5888 11.4799 11.5029 11.3942
0.74013.4_1.2_39 55492.38094812350027 g 14.0940 0.0151 5.5000 13.4062 1.2968 8.8181 8.9116 8.8126
0.74013.8_1.3_39 55492.38094812350027 g 14.5448 0.0150 5.5000 13.8543 1.3102 9.2693 9.3728 9.2803
0.74014.3_1.3_39 55492.38094812350027 g 15.2378 0.0148 5.5000 14.3077 1.3799 9.7650 9.8510 9.7312
0.74014.3_1.3_39 56284.27468259770103 r 13.5973 0.0012 5.5000 14.3077 1.3799 9.7650 9.8510 9.7312
0.74014.7_1.4_39 55492.38094812350027 g 15.6848 0.0150 5.5000 14.7784 1.4174 10.2656 10.3439 10.2059
0.74014.7_1.4_39 56284.27468259770103 r 14.0525 0.0014 5.5000 14.7784 1.4174 10.2656 10.3439 10.2059
0.74014.7_1.4_39 56201.42093513299915 i 13.7546 0.0152 5.5000 14.7784 1.4174 10.2656 10.3439 10.2059
0.74014.7_1.4_39 56201.43440423860011 i 13.7948 0.0151 5.5000 14.7784 1.4174 10.2656 10.3439 10.2059
0.74014.7_1.4_39 55517.32123562280321 i 14.1077 0.0149 5.5000 14.7784 1.4174 10.2656 10.3439 10.2059
0.74014.7_1.4_39 55517.33462539320317 i 14.1177 0.0149 5.5000 14.7784 1.4174 10.2656 10.3439 10.2059
0.74014.7_1.4_39 55492.38094812350027 i 13.6333 0.0153 5.5000 14.7784 1.4174 10.2656 10.3439 10.2059
0.74015.2_1.4_39 55492.38094812350027 g 16.3806 0.0158 5.5000 15.2692 1.4843 10.7691 10.8099 10.6972
0.74015.2_1.4_39 56284.27468259770103 r 14.6992 0.0019 5.5000 15.2692 1.4843 10.7691 10.8099 10.6972
0.74015.2_1.4_39 56201.42093513299915 i 14.4199 0.0147 5.5000 15.2692 1.4843 10.7691 10.8099 10.6972
0.74015.2_1.4_39 56201.43440423860011 i 14.4047 0.0147 5.5000 15.2692 1.4843 10.7691 10.8099 10.6972
0.74015.2_1.4_39 55517.32123562280321 i 14.6911 0.0146 5.5000 15.2692 1.4843 10.7691 10.8099 10.6972
0.74015.2_1.4_39 55517.33462539320317 i 14.6717 0.0146 5.5000 15.2692 1.4843 10.7691 10.8099 10.6972
0.74015.2_1.4_39 55492.38094812350027 i 14.2068 0.0148 5.5000 15.2692 1.4843 10.7691 10.8099 10.6972
0.74015.2_1.4_39 55814.54817683529836 z 13.6830 0.0147 5.5000 15.2692 1.4843 10.7691 10.8099 10.6972
0.74015.2_1.4_39 55814.55647553739982 z 13.6446 0.0147 5.5000 15.2692 1.4843 10.7691 10.8099 10.6972
0.74015.2_1.4_39 55903.33042754780035 z 13.7323 0.0147 5.5000 15.2692 1.4843 10.7691 10.8099 10.6972
0.74015.2_1.4_39 55903.33743409850285 z 13.7081 0.0147 5.5000 15.2692 1.4843 10.7691 10.8099 10.6972
0.74015.8_1.5_39 55492.38094812350027 g 17.2582 0.0182 5.5000 15.8098 1.5888 11.3431 11.3747 11.2656
0.74015.8_1.5_39 56284.27468259770103 r 15.4719 0.0029 5.5000 15.8098 1.5888 11.3431 11.3747 11.2656
0.74015.8_1.5_39 56201.42093513299915 i 15.1293 0.0146 5.5000 15.8098 1.5888 11.3431 11.3747 11.2656
0.74015.8_1.5_39 56201.43440423860011 i 15.1136 0.0146 5.5000 15.8098 1.5888 11.3431 11.3747 11.2656
0.74015.8_1.5_39 55517.32123562280321 i 15.3953 0.0147 5.5000 15.8098 1.5888 11.3431 11.3747 11.2656
0.74015.8_1.5_39 55517.33462539320317 i 15.3717 0.0147 5.5000 15.8098 1.5888 11.3431 11.3747 11.2656
0.74015.8_1.5_39 55492.38094812350027 i 14.9471 0.0145 5.5000 15.8098 1.5888 11.3431 11.3747 11.2656
0.74015.8_1.5_39 56291.21866381160362 z 14.0753 0.0146 5.5000 15.8098 1.5888 11.3431 11.3747 11.2656
0.74015.8_1.5_39 55814.54817683529836 z 14.2911 0.0146 5.5000 15.8098 1.5888 11.3431 11.3747 11.2656
0.74015.8_1.5_39 55814.55647553739982 z 14.2946 0.0146 5.5000 15.8098 1.5888 11.3431 11.3747 11.2656
0.74015.8_1.5_39 55903.33042754780035 z 14.4150 0.0146 5.5000 15.8098 1.5888 11.3431 11.3747 11.2656
0.74015.8_1.5_39 55903.33743409850285 z 14.4439 0.0146 5.5000 15.8098 1.5888 11.3431 11.3747 11.2656
0.74015.8_1.5_39 55438.63410446189664 y 13.7059 0.0149 5.5000 15.8098 1.5888 11.3431 11.3747 11.2656
0.74015.8_1.5_39 55076.58270919180359 y 13.7228 0.0149 5.5000 15.8098 1.5888 11.3431 11.3747 11.2656
0.77813.4_1.2_39 55492.38094812350027 g 13.8996 0.0152 6.0000 13.4062 1.2968 8.7011 8.8205 8.6810
0.77813.8_1.3_39 55492.38094812350027 g 14.3884 0.0150 6.0000 13.8543 1.3102 9.1687 9.2680 9.1412
0.77814.3_1.3_39 55492.38094812350027 g 15.1187 0.0148 6.0000 14.3077 1.3799 9.6341 9.7378 9.6128
0.77814.7_1.4_39 55492.38094812350027 g 15.6030 0.0149 6.0000 14.7784 1.4174 10.1416 10.2146 10.0929
0.77814.7_1.4_39 56284.27468259770103 r 13.9481 0.0014 6.0000 14.7784 1.4174 10.1416 10.2146 10.0929
0.77814.7_1.4_39 56201.42093513299915 i 13.6745 0.0153 6.0000 14.7784 1.4174 10.1416 10.2146 10.0929
0.77814.7_1.4_39 56201.43440423860011 i 13.6368 0.0153 6.0000 14.7784 1.4174 10.1416 10.2146 10.0929
0.77814.7_1.4_39 55517.32123562280321 i 13.6526 0.0153 6.0000 14.7784 1.4174 10.1416 10.2146 10.0929
0.77814.7_1.4_39 55517.33462539320317 i 13.6483 0.0153 6.0000 14.7784 1.4174 10.1416 10.2146 10.0929
0.77814.7_1.4_39 55492.38094812350027 i 13.5443 0.0154 6.0000 14.7784 1.4174 10.1416 10.2146 10.0929
0.77815.2_1.4_39 55492.38094812350027 g 16.4298 0.0158 6.0000 15.2692 1.4843 10.6559 10.7058 10.5842
0.77815.2_1.4_39 56284.27468259770103 r 14.6994 0.0019 6.0000 15.2692 1.4843 10.6559 10.7058 10.5842
0.77815.2_1.4_39 56201.42093513299915 i 14.2750 0.0148 6.0000 15.2692 1.4843 10.6559 10.7058 10.5842
0.77815.2_1.4_39 56201.43440423860011 i 14.3066 0.0147 6.0000 15.2692 1.4843 10.6559 10.7058 10.5842
0.77815.2_1.4_39 55517.32123562280321 i 14.3101 0.0147 6.0000 15.2692 1.4843 10.6559 10.7058 10.5842
0.77815.2_1.4_39 55517.33462539320317 i 14.3175 0.0147 6.0000 15.2692 1.4843 10.6559 10.7058 10.5842
0.77815.2_1.4_39 55492.38094812350027 i 14.1734 0.0148 6.0000 15.2692 1.4843 10.6559 10.7058 10.5842
0.77815.2_1.4_39 55814.54817683529836 z 13.5418 0.0147 6.0000 15.2692 1.4843 10.6559 10.7058 10.5842
0.77815.2_1.4_39 55814.55647553739982 z 13.5374 0.0147 6.0000 15.2692 1.4843 10.6559 10.7058 10.5842
0.77815.8_1.5_39 55492.38094812350027 g 17.3097 0.0184 6.0000 15.8098 1.5888 11.2319 11.2744 11.1475
0.77815.8_1.5_39 56284.27468259770103 r 15.4404 0.0029 6.0000 15.8098 1.5888 11.2319 11.2744 11.1475
0.77815.8_1.5_39 56201.42093513299915 i 15.0055 0.0146 6.0000 15.8098 1.5888 11.2319 11.2744 11.1475
0.77815.8_1.5_39 56201.43440423860011 i 14.9688 0.0146 6.0000 15.8098 1.5888 11.2319 11.2744 11.1475
0.77815.8_1.5_39 55517.32123562280321 i 14.9777 0.0146 6.0000 15.8098 1.5888 11.2319 11.2744 11.1475
0.77815.8_1.5_39 55517.33462539320317 i 15.0063 0.0146 6.0000 15.8098 1.5888 11.2319 11.2744 11.1475
0.77815.8_1.5_39 55492.38094812350027 i 14.9777 0.0146 6.0000 15.8098 1.5888 11.2319 11.2744 11.1475
0.77815.8_1.5_39 56291.21866381160362 z 13.9543 0.0146 6.0000 15.8098 1.5888 11.2319 11.2744 11.1475
0.77815.8_1.5_39 55814.54817683529836 z 14.2654 0.0146 6.0000 15.8098 1.5888 11.2319 11.2744 11.1475
0.77815.8_1.5_39 55814.55647553739982 z 14.2761 0.0146 6.0000 15.8098 1.5888 11.2319 11.2744 11.1475
0.77815.8_1.5_39 55903.33042754780035 z 14.1158 0.0146 6.0000 15.8098 1.5888 11.2319 11.2744 11.1475
0.77815.8_1.5_39 55903.33743409850285 z 14.1400 0.0146 6.0000 15.8098 1.5888 11.2319 11.2744 11.1475
0.77815.8_1.5_39 55438.63410446189664 y 13.6343 0.0148 6.0000 15.8098 1.5888 11.2319 11.2744 11.1475
0.77815.8_1.5_39 55076.58270919180359 y 13.8059 0.0150 6.0000 15.8098 1.5888 11.2319 11.2744 11.1475
0.81213.4_1.2_39 55492.38094812350027 g 13.8806 0.0152 6.5000 13.4062 1.2968 8.6072 8.7182 8.5796
0.81213.8_1.3_39 55492.38094812350027 g 14.3250 0.0150 6.5000 13.8543 1.3102 9.0558 9.1631 9.0313
0.81214.3_1.3_39 55492.38094812350027 g 15.0380 0.0148 6.5000 14.3077 1.3799 9.5272 9.6400 9.4967
0.81214.3_1.3_39 56284.27468259770103 r 13.8966 0.0013 6.5000 14.3077 1.3799 9.5272 9.6400 9.4967
0.81214.7_1.4_39 55492.38094812350027 g 15.6038 0.0149 6.5000 14.7784 1.4174 10.0232 10.1075 9.9849
0.81214.7_1.4_39 56284.27468259770103 r 14.4624 0.0017 6.5000 14.7784 1.4174 10.0232 10.1075 9.9849
0.81214.7_1.4_39 56201.42093513299915 i 13.5370 0.0154 6.5000 14.7784 1.4174 10.0232 10.1075 9.9849
0.81214.7_1.4_39 56201.43440423860011 i 13.6006 0.0153 6.5000 14.7784 1.4174 10.0232 10.1075 9.9849
0.81214.7_1.4_39 55517.32123562280321 i 13.8070 0.0151 6.5000 14.7784 1.4174 10.0232 10.1075 9.9849
0.81214.7_1.4_39 55517.33462539320317 i 13.8193 0.0151 6.5000 14.7784 1.4174 10.0232 10.1075 9.9849
0.81214.7_1.4_39 55492.38094812350027 i 13.5334 0.0154 6.5000 14.7784 1.4174 10.0232 10.1075 9.9849
0.81215.2_1.4_39 55492.38094812350027 g 16.3882 0.0158 6.5000 15.2692 1.4843 10.5466 10.6130 10.4884
0.81215.2_1.4_39 56284.27468259770103 r 15.0952 0.0024 6.5000 15.2692 1.4843 10.5466 10.6130 10.4884
0.81215.2_1.4_39 56201.42093513299915 i 14.2234 0.0148 6.5000 15.2692 1.4843 10.5466 10.6130 10.4884
0.81215.2_1.4_39 56201.43440423860011 i 14.2223 0.0148 6.5000 15.2692 1.4843 10.5466 10.6130 10.4884
0.81215.2_1.4_39 55517.32123562280321 i 14.4092 0.0147 6.5000 15.2692 1.4843 10.5466 10.6130 10.4884
0.81215.2_1.4_39 55517.33462539320317 i 14.4357 0.0147 6.5000 15.2692 1.4843 10.5466 10.6130 10.4884
0.81215.2_1.4_39 55492.38094812350027 i 14.1988 0.0148 6.5000 15.2692 1.4843 10.5466 10.6130 10.4884
0.81215.8_1.5_39 55492.38094812350027 g 17.2923 0.0183 6.5000 15.8098 1.5888 11.1342 11.1589 11.0360
0.81215.8_1.5_39 56284.27468259770103 r 15.8811 0.0037 6.5000 15.8098 1.5888 11.1342 11.1589 11.0360
0.81215.8_1.5_39 56201.42093513299915 i 14.9519 0.0145 6.5000 15.8098 1.5888 11.1342 11.1589 11.0360
0.81215.8_1.5_39 56201.43440423860011 i 14.9404 0.0145 6.5000 15.8098 1.5888 11.1342 11.1589 11.0360
0.81215.8_1.5_39 55517.32123562280321 i 15.1233 0.0146 6.5000 15.8098 1.5888 11.1342 11.1589 11.0360
0.81215.8_1.5_39 55517.33462539320317 i 15.0912 0.0146 6.5000 15.8098 1.5888 11.1342 11.1589 11.0360
0.81215.8_1.5_39 55492.38094812350027 i 14.8727 0.0145 6.5000 15.8098 1.5888 11.1342 11.1589 11.0360
0.81215.8_1.5_39 56291.21866381160362 z 14.0318 0.0146 6.5000 15.8098 1.5888 11.1342 11.1589 11.0360
0.81215.8_1.5_39 55814.54817683529836 z 14.0681 0.0146 6.5000 15.8098 1.5888 11.1342 11.1589 11.0360
0.81215.8_1.5_39 55814.55647553739982 z 14.0800 0.0146 6.5000 15.8098 1.5888 11.1342 11.1589 11.0360
0.81215.8_1.5_39 55903.33042754780035 z 13.9499 0.0146 6.5000 15.8098 1.5888 11.1342 11.1589 11.0360
0.81215.8_1.5_39 55903.33743409850285 z 13.9612 0.0146 6.5000 15.8098 1.5888 11.1342 11.1589 11.0360
0.81215.8_1.5_39 55438.63410446189664 y 13.7047 0.0149 6.5000 15.8098 1.5888 11.1342 11.1589 11.0360
0.81215.8_1.5_39 55076.58270919180359 y 13.5689 0.0148 6.5000 15.8098 1.5888 11.1342 11.1589 11.0360
0.84513.4_1.2_39 55492.38094812350027 g 13.7505 0.0152 7.0000 13.4062 1.2968 8.4991 8.6102 8.4941
0.84513.8_1.3_39 55492.38094812350027 g 14.1956 0.0151 7.0000 13.8543 1.3102 8.9509 9.0559 8.9516
0.84514.3_1.3_39 55492.38094812350027 g 15.0666 0.0148 7.0000 14.3077 1.3799 9.4396 9.5319 9.4091
0.84514.7_1.4_39 55492.38094812350027 g 15.5370 0.0149 7.0000 14.7784 1.4174 9.9235 9.9928 9.8736
0.84514.7_1.4_39 56284.27468259770103 r 13.9718 0.0014 7.0000 14.7784 1.4174 9.9235 9.9928 9.8736
0.84514.7_1.4_39 56201.42093513299915 i 13.5610 0.0154 7.0000 14.7784 1.4174 9.9235 9.9928 9.8736
0.84514.7_1.4_39 56201.43440423860011 i 13.5578 0.0154 7.0000 14.7784 1.4174 9.9235 9.9928 9.8736
0.84514.7_1.4_39 55517.32123562280321 i 13.8264 0.0151 7.0000 14.7784 1.4174 9.9235 9.9928 9.8736
0.84514.7_1.4_39 55517.33462539320317 i 13.8896 0.0151 7.0000 14.7784 1.4174 9.9235 9.9928 9.8736
0.84515.2_1.4_39 55492.38094812350027 g 16.2716 0.0156 7.0000 15.2692 1.4843 10.4460 10.5065 10.3832
0.84515.2_1.4_39 56284.27468259770103 r 14.6320 0.0019 7.0000 15.2692 1.4843 10.4460 10.5065 10.3832
0.84515.2_1.4_39 56201.42093513299915 i 14.1571 0.0149 7.0000 15.2692 1.4843 10.4460 10.5065 10.3832
0.84515.2_1.4_39 56201.43440423860011 i 14.1785 0.0148 7.0000 15.2692 1.4843 10.4460 10.5065 10.3832
0.84515.2_1.4_39 55517.32123562280321 i 14.3790 0.0147 7.0000 15.2692 1.4843 10.4460 10.5065 10.3832
0.84515.2_1.4_39 55517.33462539320317 i 14.3936 0.0147 7.0000 15.2692 1.4843 10.4460 10.5065 10.3832
0.84515.2_1.4_39 55492.38094812350027 i 13.9898 0.0150 7.0000 15.2692 1.4843 10.4460 10.5065 10.3832
0.84515.8_1.5_39 55492.38094812350027 g 17.1141 0.0176 7.0000 15.8098 1.5888 11.0286 11.0670 10.9400
0.84515.8_1.5_39 56284.27468259770103 r 15.3951 0.0028 7.0000 15.8098 1.5888 11.0286 11.0670 10.9400
0.84515.8_1.5_39 56201.42093513299915 i 14.8961 0.0145 7.0000 15.8098 1.5888 11.0286 11.0670 10.9400
0.84515.8_1.5_39 56201.43440423860011 i 14.8257 0.0146 7.0000 15.8098 1.5888 11.0286 11.0670 10.9400
0.84515.8_1.5_39 55517.32123562280321 i 15.1997 0.0146 7.0000 15.8098 1.5888 11.0286 11.0670 10.9400
0.84515.8_1.5_39 55517.33462539320317 i 15.1861 0.0146 7.0000 15.8098 1.5888 11.0286 11.0670 10.9400
0.84515.8_1.5_39 55492.38094812350027 i 14.7287 0.0146 7.0000 15.8098 1.5888 11.0286 11.0670 10.9400
0.84515.8_1.5_39 56291.21866381160362 z 13.8071 0.0146 7.0000 15.8098 1.5888 11.0286 11.0670 10.9400
0.84515.8_1.5_39 55814.54817683529836 z 13.7372 0.0146 7.0000 15.8098 1.5888 11.0286 11.0670 10.9400
0.84515.8_1.5_39 55814.55647553739982 z 13.7865 0.0146 7.0000 15.8098 1.5888 11.0286 11.0670 10.9400
0.84515.8_1.5_39 55903.33042754780035 z 14.1218 0.0146 7.0000 15.8098 1.5888 11.0286 11.0670 10.9400
0.84515.8_1.5_39 55903.33743409850285 z 14.0978 0.0146 7.0000 15.8098 1.5888 11.0286 11.0670 10.9400
0.84515.8_1.5_39 55076.58270919180359 y 13.5793 0.0148 7.0000 15.8098 1.5888 11.0286 11.0670 10.9400
0.87513.4_1.2_39 55492.38094812350027 g 13.8062 0.0152 7.5000 13.4062 1.2968 8.4048 8.5119 8.4030
0.87513.8_1.3_39 55492.38094812350027 g 14.2917 0.0151 7.5000 13.8543 1.3102 8.8766 8.9886 8.8357
0.87514.3_1.3_39 55492.38094812350027 g 15.0188 0.0148 7.5000 14.3077 1.3799 9.3611 9.4657 9.3207
0.87514.3_1.3_39 56284.27468259770103 r 13.8684 0.0013 7.5000 14.3077 1.3799 9.3611 9.4657 9.3207
0.87514.7_1.4_39 55492.38094812350027 g 15.5907 0.0149 7.5000 14.7784 1.4174 9.8153 9.9029 9.7886
0.87514.7_1.4_39 56284.27468259770103 r 14.4371 0.0017 7.5000 14.7784 1.4174 9.8153 9.9029 9.7886
0.87514.7_1.4_39 56201.42093513299915 i 13.7397 0.0152 7.5000 14.7784 1.4174 9.8153 9.9029 9.7886
0.87514.7_1.4_39 56201.43440423860011 i 13.7125 0.0152 7.5000 14.7784 1.4174 9.8153 9.9029 9.7886
0.87514.7_1.4_39 55517.32123562280321 i 13.5602 0.0154 7.5000 14.7784 1.4174 9.8153 9.9029 9.7886
0.87515.2_1.4_39 55492.38094812350027 g 16.3380 0.0157 7.5000 15.2692 1.4843 10.3398 10.4133 10.2903
0.87515.2_1.4_39 56284.27468259770103 r 15.0815 0.0024 7.5000 15.2692 1.4843 10.3398 10.4133 10.2903
0.87515.2_1.4_39 56201.42093513299915 i 14.3407 0.0147 7.5000 15.2692 1.4843 10.3398 10.4133 10.2903
0.87515.2_1.4_39 56201.43440423860011 i 14.3414 0.0147 7.5000 15.2692 1.4843 10.3398 10.4133 10.2903
0.87515.2_1.4_39 55517.32123562280321 i 14.1495 0.0149 7.5000 15.2692 1.4843 10.3398 10.4133 10.2903
0.87515.2_1.4_39 55517.33462539320317 i 14.1027 0.0149 7.5000 15.2692 1.4843 10.3398 10.4133 10.2903
0.87515.2_1.4_39 55492.38094812350027 i 13.9801 0.0150 7.5000 15.2692 1.4843 10.3398 10.4133 10.2903
0.87515.8_1.5_39 55492.38094812350027 g 17.1314 0.0177 7.5000 15.8098 1.5888 10.9329 10.9766 10.8408
0.87515.8_1.5_39 56284.27468259770103 r 15.9015 0.0037 7.5000 15.8098 1.5888 10.9329 10.9766 10.8408
0.87515.8_1.5_39 56201.42093513299915 i 15.0648 0.0146 7.5000 15.8098 1.5888 10.9329 10.9766 10.8408
0.87515.8_1.5_39 56201.43440423860011 i 15.0702 0.0146 7.5000 15.8098 1.5888 10.9329 10.9766 10.8408
0.87515.8_1.5_39 55517.32123562280321 i 14.8243 0.0146 7.5000 15.8098 1.5888 10.9329 10.9766 10.8408
0.87515.8_1.5_39 55517.33462539320317 i 14.8307 0.0146 7.5000 15.8098 1.5888 10.9329 10.9766 10.8408
0.87515.8_1.5_39 55492.38094812350027 i 14.7072 0.0146 7.5000 15.8098 1.5888 10.9329 10.9766 10.8408
0.87515.8_1.5_39 56291.21866381160362 z 13.9133 0.0146 7.5000 15.8098 1.5888 10.9329 10.9766 10.8408
0.87515.8_1.5_39 55814.54817683529836 z 13.8186 0.0146 7.5000 15.8098 1.5888 10.9329 10.9766 10.8408
0.87515.8_1.5_39 55814.55647553739982 z 13.8015 0.0146 7.5000 15.8098 1.5888 10.9329 10.9766 10.8408
0.87515.8_1.5_39 55903.33042754780035 z 13.9802 0.0146 7.5000 15.8098 1.5888 10.9329 10.9766 10.8408
0.87515.8_1.5_39 55903.33743409850285 z 14.0271 0.0146 7.5000 15.8098 1.5888 10.9329 10.9766 10.8408
0.87515.8_1.5_39 55438.63410446189664 y 13.5589 0.0148 7.5000 15.8098 1.5888 10.9329 10.9766 10.8408
0.90313.4_1.2_39 55492.38094812350027 g 13.7410 0.0152 8.0000 13.4062 1.2968 8.3281 8.4417 8.3128
0.90313.8_1.3_39 55492.38094812350027 g 14.2856 0.0151 8.0000 13.8543 1.3102 8.7629 8.8970 8.7766
0.90314.3_1.3_39 55492.38094812350027 g 14.9279 0.0149 8.0000 14.3077 1.3799 9.2561 9.3559 9.2163
0.90314.7_1.4_39 55492.38094812350027 g 15.4791 0.0149 8.0000 14.7784 1.4174 9.7401 9.8270 9.7010
0.90314.7_1.4_39 56284.27468259770103 r 13.7253 0.0012 8.0000 14.7784 1.4174 9.7401 9.8270 9.7010
0.90314.7_1.4_39 56201.42093513299915 i 13.7589 0.0152 8.0000 14.7784 1.4174 9.7401 9.8270 9.7010
0.90314.7_1.4_39 56201.43440423860011 i 13.7192 0.0152 8.0000 14.7784 1.4174 9.7401 9.8270 9.7010
0.90315.2_1.4_39 55492.38094812350027 g 16.0944 0.0153 8.0000 15.2692 1.4843 10.2614 10.3354 10.2061
0.90315.2_1.4_39 56284.27468259770103 r 14.3255 0.0016 8.0000 15.2692 1.4843 10.2614 10.3354 10.2061
0.90315.2_1.4_39 56201.42093513299915 i 14.3687 0.0147 8.0000 15.2692 1.4843 10.2614 10.3354 10.2061
0.90315.2_1.4_39 56201.43440423860011 i 14.3903 0.0147 8.0000 15.2692 1.4843 10.2614 10.3354 10.2061
0.90315.2_1.4_39 55517.32123562280321 i 13.9888 0.0150 8.0000 15.2692 1.4843 10.2614 10.3354 10.2061
0.90315.2_1.4_39 55517.33462539320317 i 13.9811 0.0150 8.0000 15.2692 1.4843 10.2614 10.3354 10.2061
0.90315.2_1.4_39 55492.38094812350027 i 13.9123 0.0150 8.0000 15.2692 1.4843 10.2614 10.3354 10.2061
0.90315.8_1.5_39 55492.38094812350027 g 17.0513 0.0174 8.0000 15.8098 1.5888 10.8397 10.9004 10.7532
0.90315.8_1.5_39 56284.27468259770103 r 15.1417 0.0024 8.0000 15.8098 1.5888 10.8397 10.9004 10.7532
0.90315.8_1.5_39 56201.42093513299915 i 15.0832 0.0146 8.0000 15.8098 1.5888 10.8397 10.9004 10.7532
0.90315.8_1.5_39 56201.43440423860011 i 15.1036 0.0146 8.0000 15.8098 1.5888 10.8397 10.9004 10.7532
0.90315.8_1.5_39 55517.32123562280321 i 14.7682 0.0146 8.0000 15.8098 1.5888 10.8397 10.9004 10.7532
0.90315.8_1.5_39 55517.33462539320317 i 14.7374 0.0146 8.0000 15.8098 1.5888 10.8397 10.9004 10.7532
0.90315.8_1.5_39 55492.38094812350027 i 14.6045 0.0146 8.0000 15.8098 1.5888 10.8397 10.9004 10.7532
0.90315.8_1.5_39 56291.21866381160362 z 13.8686 0.0146 8.0000 15.8098 1.5888 10.8397 10.9004 10.7532
0.90315.8_1.5_39 55814.54817683529836 z 13.7260 0.0147 8.0000 15.8098 1.5888 10.8397 10.9004 10.7532
0.90315.8_1.5_39 55814.55647553739982 z 13.7325 0.0147 8.0000 15.8098 1.5888 10.8397 10.9004 10.7532
0.90315.8_1.5_39 55903.33042754780035 z 13.6983 0.0147 8.0000 15.8098 1.5888 10.8397 10.9004 10.7532
0.90315.8_1.5_39 55903.33743409850285 z 13.7629 0.0146 8.0000 15.8098 1.5888 10.8397 10.9004 10.7532
0.92913.4_1.2_39 55492.38094812350027 g 13.7327 0.0152 8.5000 13.4062 1.2968 8.2596 8.3567 8.2207
0.92913.8_1.3_39 55492.38094812350027 g 14.0658 0.0151 8.5000 13.8543 1.3102 8.7162 8.8000 8.6878
0.92914.3_1.3_39 55492.38094812350027 g 14.8361 0.0149 8.5000 14.3077 1.3799 9.1806 9.2724 9.1303
0.92914.7_1.4_39 55492.38094812350027 g 15.5287 0.0149 8.5000 14.7784 1.4174 9.6666 9.7810 9.6158
0.92914.7_1.4_39 56284.27468259770103 r 13.8617 0.0013 8.5000 14.7784 1.4174 9.6666 9.7810 9.6158
0.92914.7_1.4_39 56201.43440423860011 i 13.5005 0.0154 8.5000 14.7784 1.4174 9.6666 9.7810 9.6158
0.92915.2_1.4_39 55492.38094812350027 g 16.1234 0.0154 8.5000 15.2692 1.4843 10.1854 10.2606 10.1262
0.92915.2_1.4_39 56284.27468259770103 r 14.4795 0.0017 8.5000 15.2692 1.4843 10.1854 10.2606 10.1262
0.92915.2_1.4_39 56201.42093513299915 i 14.1158 0.0149 8.5000 15.2692 1.4843 10.1854 10.2606 10.1262
0.92915.2_1.4_39 56201.43440423860011 i 14.1462 0.0149 8.5000 15.2692 1.4843 10.1854 10.2606 10.1262
0.92915.2_1.4_39 55517.32123562280321 i 13.9415 0.0150 8.5000 15.2692 1.4843 10.1854 10.2606 10.1262
0.92915.2_1.4_39 55517.33462539320317 i 13.9492 0.0150 8.5000 15.2692 1.4843 10.1854 10.2606 10.1262
0.92915.2_1.4_39 55492.38094812350027 i 13.9173 0.0150 8.5000 15.2692 1.4843 10.1854 10.2606 10.1262
0.92915.8_1.5_39 55492.38094812350027 g 16.9838 0.0172 8.5000 15.8098 1.5888 10.7682 10.8246 10.6798
0.92915.8_1.5_39 56284.27468259770103 r 15.2532 0.0026 8.5000 15.8098 1.5888 10.7682 10.8246 10.6798
0.92915.8_1.5_39 56201.42093513299915 i 14.8992 0.0145 8.5000 15.8098 1.5888 10.7682 10.8246 10.6798
0.92915.8_1.5_39 56201.43440423860011 i 14.8653 0.0145 8.5000 15.8098 1.5888 10.7682 10.8246 10.6798
0.92915.8_1.5_39 55517.32123562280321 i 14.6767 0.0146 8.5000 15.8098 1.5888 10.7682 10.8246 10.6798
0.92915.8_1.5_39 55517.33462539320317 i 14.6688 0.0146 8.5000 15.8098 1.5888 10.7682 10.8246 10.6798
0.92915.8_1.5_39 55492.38094812350027 i 14.6116 0.0146 8.5000 15.8098 1.5888 10.7682 10.8246 10.6798
0.92915.8_1.5_39 56291.21866381160362 z 13.6315 0.0147 8.5000 15.8098 1.5888 10.7682 10.8246 10.6798
0.92915.8_1.5_39 55814.54817683529836 z 13.7153 0.0147 8.5000 15.8098 1.5888 10.7682 10.8246 10.6798
0.92915.8_1.5_39 55814.55647553739982 z 13.7518 0.0146 8.5000 15.8098 1.5888 10.7682 10.8246 10.6798
0.92915.8_1.5_39 55903.33042754780035 z 13.6417 0.0147 8.5000 15.8098 1.5888 10.7682 10.8246 10.6798
0.92915.8_1.5_39 55903.33743409850285 z 13.6438 0.0147 8.5000 15.8098 1.5888 10.7682 10.8246 10.6798
0.95413.4_1.2_39 55492.38094812350027 g 13.5187 0.0153 9.0000 13.4062 1.2968 8.1675 8.2902 8.1645
0.95413.8_1.3_39 55492.38094812350027 g 14.0546 0.0151 9.0000 13.8543 1.3102 8.6255 8.7344 8.6065
0.95414.3_1.3_39 55492.38094812350027 g 14.8872 0.0149 9.0000 14.3077 1.3799 9.1148 9.1965 9.0636
0.95414.7_1.4_39 55492.38094812350027 g 15.3628 0.0149 9.0000 14.7784 1.4174 9.5976 9.6843 9.5284
0.95414.7_1.4_39 56284.27468259770103 r 13.6104 0.0012 9.0000 14.7784 1.4174 9.5976 9.6843 9.5284
0.95414.7_1.4_39 56201.42093513299915 i 13.5843 0.0153 9.0000 14.7784 1.4174 9.5976 9.6843 9.5284
0.95414.7_1.4_39 56201.43440423860011 i 13.5478 0.0154 9.0000 14.7784 1.4174 9.5976 9.6843 9.5284
0.95414.7_1.4_39 55517.32123562280321 i 13.5886 0.0153 9.0000 14.7784 1.4174 9.5976 9.6843 9.5284
0.95414.7_1.4_39 55517.33462539320317 i 13.5806 0.0153 9.0000 14.7784 1.4174 9.5976 9.6843 9.5284
0.95415.2_1.4_39 55492.38094812350027 g 16.1307 0.0154 9.0000 15.2692 1.4843 10.1082 10.1819 10.0439
0.95415.2_1.4_39 56284.27468259770103 r 14.2758 0.0016 9.0000 15.2692 1.4843 10.1082 10.1819 10.0439
0.95415.2_1.4_39 56201.42093513299915 i 14.1555 0.0149 9.0000 15.2692 1.4843 10.1082 10.1819 10.0439
0.95415.2_1.4_39 56201.43440423860011 i 14.2143 0.0148 9.0000 15.2692 1.4843 10.1082 10.1819 10.0439
0.95415.2_1.4_39 55517.32123562280321 i 14.1629 0.0148 9.0000 15.2692 1.4843 10.1082 10.1819 10.0439
0.95415.2_1.4_39 55517.33462539320317 i 14.1800 0.0148 9.0000 15.2692 1.4843 10.1082 10.1819 10.0439
0.95415.2_1.4_39 55492.38094812350027 i 13.8084 0.0151 9.0000 15.2692 1.4843 10.1082 10.1819 10.0439
0.95415.8_1.5_39 55492.38094812350027 g 17.1173 0.0176 9.0000 15.8098 1.5888 10.6780 10.7477 10.6244
0.95415.8_1.5_39 56284.27468259770103 r 15.1174 0.0024 9.0000 15.8098 1.5888 10.6780 10.7477 10.6244
0.95415.8_1.5_39 56201.42093513299915 i 14.8331 0.0146 9.0000 15.8098 1.5888 10.6780 10.7477 10.6244
0.95415.8_1.5_39 56201.43440423860011 i 14.8583 0.0145 9.0000 15.8098 1.5888 10.6780 10.7477 10.6244
0.95415.8_1.5_39 55517.32123562280321 i 14.8538 0.0145 9.0000 15.8098 1.5888 10.6780 10.7477 10.6244
0.95415.8_1.5_39 55517.33462539320317 i 14.8944 0.0145 9.0000 15.8098 1.5888 10.6780 10.7477 10.6244
0.95415.8_1.5_39 55492.38094812350027 i 14.5422 0.0146 9.0000 15.8098 1.5888 10.6780 10.7477 10.6244
0.95415.8_1.5_39 56291.21866381160362 z 13.7404 0.0146 9.0000 15.8098 1.5888 10.6780 10.7477 10.6244
0.95415.8_1.5_39 55814.54817683529836 z 13.7507 0.0146 9.0000 15.8098 1.5888 10.6780 10.7477 10.6244
0.95415.8_1.5_39 55814.55647553739982 z 13.7257 0.0147 9.0000 15.8098 1.5888 10.6780 10.7477 10.6244
0.95415.8_1.5_39 55903.33042754780035 z 13.7528 0.0146 9.0000 15.8098 1.5888 10.6780 10.7477 10.6244
0.95415.8_1.5_39 55903.33743409850285 z 13.8011 0.0146 9.0000 15.8098 1.5888 10.6780 10.7477 10.6244
0.97713.4_1.2_39 55492.38094812350027 g 13.5379 0.0153 9.5000 13.4062 1.2968 8.1092 8.2233 8.0560
0.97713.8_1.3_39 55492.38094812350027 g 14.1310 0.0151 9.5000 13.8543 1.3102 8.5417 8.6717 8.5569
0.97714.3_1.3_39 55492.38094812350027 g 14.7195 0.0149 9.5000 14.3077 1.3799 9.0313 9.1287 8.9957
0.97714.7_1.4_39 55492.38094812350027 g 15.2858 0.0149 9.5000 14.7784 1.4174 9.5227 9.6082 9.4870
0.97714.7_1.4_39 56284.27468259770103 r 13.9159 0.0013 9.5000 14.7784 1.4174 9.5227 9.6082 9.4870
0.97714.7_1.4_39 56201.42093513299915 i 13.6113 0.0153 9.5000 14.7784 1.4174 9.5227 9.6082 9.4870
0.97714.7_1.4_39 56201.43440423860011 i 13.6115 0.0153 9.5000 14.7784 1.4174 9.5227 9.6082 9.4870
0.97714.7_1.4_39 55517.32123562280321 i 13.5727 0.0153 9.5000 14.7784 1.4174 9.5227 9.6082 9.4870
0.97714.7_1.4_39 55517.33462539320317 i 13.5815 0.0153 9.5000 14.7784 1.4174 9.5227 9.6082 9.4870
0.97715.2_1.4_39 55492.38094812350027 g 15.9437 0.0152 9.5000 15.2692 1.4843 10.0370 10.1116 9.9657
0.97715.2_1.4_39 56284.27468259770103 r 14.5608 0.0018 9.5000 15.2692 1.4843 10.0370 10.1116 9.9657
0.97715.2_1.4_39 56201.42093513299915 i 14.1742 0.0148 9.5000 15.2692 1.4843 10.0370 10.1116 9.9657
0.97715.2_1.4_39 56201.43440423860011 i 14.2500 0.0148 9.5000 15.2692 1.4843 10.0370 10.1116 9.9657
0.97715.2_1.4_39 55517.32123562280321 i 14.1443 0.0149 9.5000 15.2692 1.4843 10.0370 10.1116 9.9657
0.97715.2_1.4_39 55517.33462539320317 i 14.2106 0.0148 9.5000 15.2692 1.4843 10.0370 10.1116 9.9657
0.97715.2_1.4_39 55492.38094812350027 i 13.7172 0.0152 9.5000 15.2692 1.4843 10.0370 10.1116 9.9657
0.97715.8_1.5_39 55492.38094812350027 g 16.7965 0.0167 9.5000 15.8098 1.5888 10.6189 10.6967 10.5321
0.97715.8_1.5_39 56284.27468259770103 r 15.3479 0.0027 9.5000 15.8098 1.5888 10.6189 10.6967 10.5321
0.97715.8_1.5_39 56201.42093513299915 i 14.9713 0.0146 9.5000 15.8098 1.5888 10.6189 10.6967 10.5321
0.97715.8_1.5_39 56201.43440423860011 i 14.9682 0.0146 9.5000 15.8098 1.5888 10.6189 10.6967 10.5321
0.97715.8_1.5_39 55517.32123562280321 i 14.9146 0.0145 9.5000 15.8098 1.5888 10.6189 10.6967 10.5321
0.97715.8_1.5_39 55517.33462539320317 i 14.9176 0.0145 9.5000 15.8098 1.5888 10.6189 10.6967 10.5321
0.97715.8_1.5_39 55492.38094812350027 i 14.4492 0.0147 9.5000 15.8098 1.5888 10.6189 10.6967 10.5321
0.97715.8_1.5_39 55814.54817683529836 z 13.5964 0.0147 9.5000 15.8098 1.5888 10.6189 10.6967 10.5321
0.97715.8_1.5_39 55814.55647553739982 z 13.5908 0.0147 9.5000 15.8098 1.5888 10.6189 10.6967 10.5321
0.97715.8_1.5_39 55903.33042754780035 z 13.5150 0.0147 9.5000 15.8098 1.5888 10.6189 10.6967 10.5321
1.04113.8_1.3_39 55492.38094812350027 g 13.6818 0.0152 11.0000 13.8543 1.3102 8.3552 8.4637 8.3386
1.04114.3_1.3_39 55492.38094812350027 g 14.1879 0.0151 11.0000 14.3077 1.3799 8.8386 8.9333 8.7962
1.04114.7_1.4_39 55492.38094812350027 g 14.9102 0.0149 11.0000 14.7784 1.4174 9.3268 9.4410 9.2844
1.04115.2_1.4_39 55492.38094812350027 g 15.4768 0.0149 11.0000 15.2692 1.4843 9.8270 9.9297 9.7766
1.04115.2_1.4_39 56284.27468259770103 r 13.8000 0.0013 11.0000 15.2692 1.4843 9.8270 9.9297 9.7766
1.04115.2_1.4_39 56201.42093513299915 i 14.0242 0.0150 11.0000 15.2692 1.4843 9.8270 9.9297 9.7766
1.04115.2_1.4_39 56201.43440423860011 i 14.0038 0.0150 11.0000 15.2692 1.4843 9.8270 9.9297 9.7766
1.04115.2_1.4_39 55517.32123562280321 i 13.5990 0.0153 11.0000 15.2692 1.4843 9.8270 9.9297 9.7766
1.04115.2_1.4_39 55517.33462539320317 i 13.6241 0.0153 11.0000 15.2692 1.4843 9.8270 9.9297 9.7766
1.04115.8_1.5_39 55492.38094812350027 g 16.5721 0.0161 11.0000 15.8098 1.5888 10.4288 10.4889 10.3247
1.04115.8_1.5_39 56284.27468259770103 r 14.7487 0.0020 11.0000 15.8098 1.5888 10.4288 10.4889 10.3247
1.04115.8_1.5_39 56201.42093513299915 i 14.6212 0.0146 11.0000 15.8098 1.5888 10.4288 10.4889 10.3247
1.04115.8_1.5_39 56201.43440423860011 i 14.6546 0.0146 11.0000 15.8098 1.5888 10.4288 10.4889 10.3247
1.04115.8_1.5_39 55517.32123562280321 i 14.3951 0.0147 11.0000 15.8098 1.5888 10.4288 10.4889 10.3247
1.04115.8_1.5_39 55517.33462539320317 i 14.4318 0.0147 11.0000 15.8098 1.5888 10.4288 10.4889 10.3247
1.04115.8_1.5_39 55492.38094812350027 i 14.3111 0.0147 11.0000 15.8098 1.5888 10.4288 10.4889 10.3247
1.04115.8_1.5_39 56291.21866381160362 z 13.5772 0.0147 11.0000 15.8098 1.5888 10.4288 10.4889 10.3247
1.06013.8_1.3_39 55492.38094812350027 g 13.6901 0.0152 11.5000 13.8543 1.3102 8.2994 8.4168 8.2872
1.06014.3_1.3_39 55492.38094812350027 g 14.1695 0.0151 11.5000 14.3077 1.3799 8.7889 8.8800 8.7439
1.06014.7_1.4_39 55492.38094812350027 g 14.9497 0.0149 11.5000 14.7784 1.4174 9.2671 9.3611 9.2205
1.06014.7_1.4_39 56284.27468259770103 r 13.7128 0.0012 11.5000 14.7784 1.4174 9.2671 9.3611 9.2205
1.06015.2_1.4_39 55492.38094812350027 g 15.7745 0.0150 11.5000 15.2692 1.4843 9.7807 9.8678 9.7134
1.06015.2_1.4_39 56284.27468259770103 r 14.3693 0.0016 11.5000 15.2692 1.4843 9.7807 9.8678 9.7134
1.06015.2_1.4_39 56201.42093513299915 i 13.8897 0.0151 11.5000 15.2692 1.4843 9.7807 9.8678 9.7134
1.06015.2_1.4_39 56201.43440423860011 i 13.8955 0.0151 11.5000 15.2692 1.4843 9.7807 9.8678 9.7134
1.06015.2_1.4_39 55517.32123562280321 i 13.7164 0.0152 11.5000 15.2692 1.4843 9.7807 9.8678 9.7134
1.06015.2_1.4_39 55517.33462539320317 i 13.7263 0.0152 11.5000 15.2692 1.4843 9.7807 9.8678 9.7134
1.06015.2_1.4_39 55492.38094812350027 i 13.5876 0.0153 11.5000 15.2692 1.4843 9.7807 9.8678 9.7134
1.06015.8_1.5_39 55492.38094812350027 g 16.5254 0.0160 11.5000 15.8098 1.5888 10.3537 10.4252 10.2522
1.06015.8_1.5_39 56284.27468259770103 r 15.1464 0.0024 11.5000 15.8098 1.5888 10.3537 10.4252 10.2522
1.06015.8_1.5_39 56201.42093513299915 i 14.7449 0.0146 11.5000 15.8098 1.5888 10.3537 10.4252 10.2522
1.06015.8_1.5_39 56201.43440423860011 i 14.7456 0.0146 11.5000 15.8098 1.5888 10.3537 10.4252 10.2522
1.06015.8_1.5_39 55517.32123562280321 i 14.3510 0.0147 11.5000 15.8098 1.5888 10.3537 10.4252 10.2522
1.06015.8_1.5_39 55517.33462539320317 i 14.4086 0.0147 11.5000 15.8098 1.5888 10.3537 10.4252 10.2522
1.06015.8_1.5_39 55492.38094812350027 i 14.2304 0.0148 11.5000 15.8098 1.5888 10.3537 10.4252 10.2522
1.06015.8_1.5_39 55903.33042754780035 z 13.5402 0.0147 11.5000 15.8098 1.5888 10.3537 10.4252 10.2522
1.06015.8_1.5_39 55903.33743409850285 z 13.5082 0.0147 11.5000 15.8098 1.5888 10.3537 10.4252 10.2522
1.07913.8_1.3_39 55492.38094812350027 g 13.7763 0.0152 12.0000 13.8543 1.3102 8.2315 8.3707 8.2183
1.07914.3_1.3_39 55492.38094812350027 g 14.2895 0.0151 12.0000 14.3077 1.3799 8.7310 8.8271 8.6831
1.07914.7_1.4_39 55492.38094812350027 g 14.9022 0.0149 12.0000 14.7784 1.4174 9.2172 9.2949 9.1721
1.07915.2_1.4_39 55492.38094812350027 g 15.5617 0.0149 12.0000 15.2692 1.4843 9.7033 9.8324 9.6682
1.07915.2_1.4_39 56284.27468259770103 r 13.8283 0.0013 12.0000 15.2692 1.4843 9.7033 9.8324 9.6682
1.07915.2_1.4_39 56201.42093513299915 i 13.5012 0.0154 12.0000 15.2692 1.4843 9.7033 9.8324 9.6682
1.07915.2_1.4_39 56201.43440423860011 i 13.5030 0.0154 12.0000 15.2692 1.4843 9.7033 9.8324 9.6682
1.07915.2_1.4_39 55517.32123562280321 i 13.5805 0.0153 12.0000 15.2692 1.4843 9.7033 9.8324 9.6682
1.07915.2_1.4_39 55517.33462539320317 i 13.5602 0.0154 12.0000 15.2692 1.4843 9.7033 9.8324 9.6682
1.07915.8_1.5_39 55492.38094812350027 g 16.5203 0.0160 12.0000 15.8098 1.5888 10.2986 10.3808 10.2189
1.07915.8_1.5_39 56284.27468259770103 r 14.6620 0.0019 12.0000 15.8098 1.5888 10.2986 10.3808 10.2189
1.07915.8_1.5_39 56201.42093513299915 i 14.3703 0.0147 12.0000 15.8098 1.5888 10.2986 10.3808 10.2189
1.07915.8_1.5_39 56201.43440423860011 i 14.3321 0.0147 12.0000 15.8098 1.5888 10.2986 10.3808 10.2189
1.07915.8_1.5_39 55517.32123562280321 i 14.3211 0.0147 12.0000 15.8098 1.5888 10.2986 10.3808 10.2189
1.07915.8_1.5_39 55517.33462539320317 i 14.3042 0.0147 12.0000 15.8098 1.5888 10.2986 10.3808 10.2189
1.07915.8_1.5_39 55492.38094812350027 i 14.1977 0.0148 12.0000 15.8098 1.5888 10.2986 10.3808 10.2189
1.09613.8_1.3_39 55492.38094812350027 g 13.7931 0.0152 12.5000 13.8543 1.3102 8.1755 8.3174 8.1658
1.09614.3_1.3_39 55492.38094812350027 g 14.3398 0.0150 12.5000 14.3077 1.3799 8.6484 8.7840 8.6302
1.09614.7_1.4_39 55492.38094812350027 g 14.8949 0.0149 12.5000 14.7784 1.4174 9.1448 9.2566 9.1073
1.09614.7_1.4_39 56284.27468259770103 r 13.7364 0.0012 12.5000 14.7784 1.4174 9.1448 9.2566 9.1073
1.09615.2_1.4_39 55492.38094812350027 g 15.4866 0.0149 12.5000 15.2692 1.4843 9.6650 9.7585 9.6047
1.09615.2_1.4_39 56284.27468259770103 r 14.3956 0.0017 12.5000 15.2692 1.4843 9.6650 9.7585 9.6047
1.09615.2_1.4_39 56201.42093513299915 i 13.9993 0.0150 12.5000 15.2692 1.4843 9.6650 9.7585 9.6047
1.09615.2_1.4_39 56201.43440423860011 i 14.0196 0.0150 12.5000 15.2692 1.4843 9.6650 9.7585 9.6047
1.09615.8_1.5_39 55492.38094812350027 g 16.5110 0.0160 12.5000 15.8098 1.5888 10.2510 10.3285 10.1597
1.09615.8_1.5_39 56284.27468259770103 r 15.1684 0.0025 12.5000 15.8098 1.5888 10.2510 10.3285 10.1597
1.09615.8_1.5_39 56201.42093513299915 i 14.6540 0.0146 12.5000 15.8098 1.5888 10.2510 10.3285 10.1597
1.09615.8_1.5_39 56201.43440423860011 i 14.6727 0.0146 12.5000 15.8098 1.5888 10.2510 10.3285 10.1597
1.09615.8_1.5_39 55517.32123562280321 i 14.2166 0.0148 12.5000 15.8098 1.5888 10.2510 10.3285 10.1597
1.09615.8_1.5_39 55517.33462539320317 i 14.1489 0.0149 12.5000 15.8098 1.5888 10.2510 10.3285 10.1597
1.09615.8_1.5_39 55492.38094812350027 i 14.2078 0.0148 12.5000 15.8098 1.5888 10.2510 10.3285 10.1597
1.11313.8_1.3_39 55492.38094812350027 g 13.5324 0.0153 13.0000 13.8543 1.3102 8.1302 8.2507 8.1171
1.11314.3_1.3_39 55492.38094812350027 g 14.3625 0.0150 13.0000 14.3077 1.3799 8.6126 8.7103 8.5739
1.11314.7_1.4_39 55492.38094812350027 g 14.7048 0.0149 13.0000 14.7784 1.4174 9.0953 9.2118 9.0525
1.11315.2_1.4_39 55492.38094812350027 g 15.5384 0.0149 13.0000 15.2692 1.4843 9.6211 9.7065 9.5488
1.11315.2_1.4_39 56284.27468259770103 r 14.0803 0.0014 13.0000 15.2692 1.4843 9.6211 9.7065 9.5488
1.11315.2_1.4_39 56201.42093513299915 i 13.8517 0.0151 13.0000 15.2692 1.4843 9.6211 9.7065 9.5488
1.11315.2_1.4_39 56201.43440423860011 i 13.8791 0.0151 13.0000 15.2692 1.4843 9.6211 9.7065 9.5488
1.11315.2_1.4_39 55517.32123562280321 i 13.5081 0.0154 13.0000 15.2692 1.4843 9.6211 9.7065 9.5488
1.11315.2_1.4_39 55517.33462539320317 i 13.5551 0.0154 13.0000 15.2692 1.4843 9.6211 9.7065 9.5488
1.11315.8_1.5_39 55492.38094812350027 g 16.4142 0.0158 13.0000 15.8098 1.5888 10.1830 10.2595 10.1027
1.11315.8_1.5_39 56284.27468259770103 r 14.8687 0.0021 13.0000 15.8098 1.5888 10.1830 10.2595 10.1027
1.11315.8_1.5_39 56201.42093513299915 i 14.6175 0.0146 13.0000 15.8098 1.5888 10.1830 10.2595 10.1027
1.11315.8_1.5_39 56201.43440423860011 i 14.5462 0.0146 13.0000 15.8098 1.5888 10.1830 10.2595 10.1027
1.11315.8_1.5_39 55517.32123562280321 i 14.2572 0.0148 13.0000 15.8098 1.5888 10.1830 10.2595 10.1027
1.11315.8_1.5_39 55517.33462539320317 i 14.2126 0.0148 13.0000 15.8098 1.5888 10.1830 10.2595 10.1027
1.11315.8_1.5_39 55492.38094812350027 i 14.1339 0.0149 13.0000 15.8098 1.5888 10.1830 10.2595 10.1027
1.13014.3_1.3_39 55492.38094812350027 g 14.3153 0.0150 13.5000 14.3077 1.3799 8.5668 8.6726 8.5366
1.13014.7_1.4_39 55492.38094812350027 g 14.8601 0.0149 13.5000 14.7784 1.4174 9.0559 9.1602 8.9966
1.13014.7_1.4_39 56284.27468259770103 r 13.8727 0.0013 13.5000 14.7784 1.4174 9.0559 9.1602 8.9966
1.13015.2_1.4_39 55492.38094812350027 g 15.5463 0.0149 13.5000 15.2692 1.4843 9.5502 9.6561 9.5099
1.13015.2_1.4_39 56284.27468259770103 r 14.5376 0.0018 13.5000 15.2692 1.4843 9.5502 9.6561 9.5099
1.13015.2_1.4_39 56201.42093513299915 i 13.7678 0.0152 13.5000 15.2692 1.4843 9.5502 9.6561 9.5099
1.13015.2_1.4_39 56201.43440423860011 i 13.8084 0.0151 13.5000 15.2692 1.4843 9.5502 9.6561 9.5099
1.13015.2_1.4_39 55517.32123562280321 i 13.6932 0.0152 13.5000 15.2692 1.4843 9.5502 9.6561 9.5099
1.13015.2_1.4_39 55517.33462539320317 i 13.6735 0.0153 13.5000 15.2692 1.4843 9.5502 9.6561 9.5099
1.13015.8_1.5_39 55492.38094812350027 g 16.3748 0.0158 13.5000 15.8098 1.5888 10.1402 10.2392 10.0348
1.13015.8_1.5_39 56284.27468259770103 r 15.3569 0.0027 13.5000 15.8098 1.5888 10.1402 10.2392 10.0348
1.13015.8_1.5_39 56201.42093513299915 i 14.5106 0.0146 13.5000 15.8098 1.5888 10.1402 10.2392 10.0348
1.13015.8_1.5_39 56201.43440423860011 i 14.4930 0.0146 13.5000 15.8098 1.5888 10.1402 10.2392 10.0348
1.13015.8_1.5_39 55517.32123562280321 i 14.4285 0.0147 13.5000 15.8098 1.5888 10.1402 10.2392 10.0348
1.13015.8_1.5_39 55517.33462539320317 i 14.4359 0.0147 13.5000 15.8098 1.5888 10.1402 10.2392 10.0348
1.13015.8_1.5_39 55492.38094812350027 i 14.0174 0.0150 13.5000 15.8098 1.5888 10.1402 10.2392 10.0348
1.14614.3_1.3_39 55492.38094812350027 g 13.9275 0.0152 14.0000 14.3077 1.3799 8.5195 8.6363 8.4744
1.14614.7_1.4_39 55492.38094812350027 g 14.5682 0.0150 14.0000 14.7784 1.4174 8.9974 9.1161 8.9681
1.14614.7_1.4_39 56284.27468259770103 r 13.9341 0.0014 14.0000 14.7784 1.4174 8.9974 9.1161 8.9681
1.14615.2_1.4_39 55492.38094812350027 g 15.2527 0.0148 14.0000 15.2692 1.4843 9.5247 9.6311 9.4640
1.14615.2_1.4_39 56284.27468259770103 r 14.5878 0.0018 14.0000 15.2692 1.4843 9.5247 9.6311 9.4640
1.14615.2_1.4_39 56201.42093513299915 i 13.8992 0.0151 14.0000 15.2692 1.4843 9.5247 9.6311 9.4640
1.14615.2_1.4_39 56201.43440423860011 i 13.8747 0.0151 14.0000 15.2692 1.4843 9.5247 9.6311 9.4640
1.14615.2_1.4_39 55517.32123562280321 i 13.8376 0.0151 14.0000 15.2692 1.4843 9.5247 9.6311 9.4640
1.14615.2_1.4_39 55517.33462539320317 i 13.8462 0.0151 14.0000 15.2692 1.4843 9.5247 9.6311 9.4640
1.14615.8_1.5_39 55492.38094812350027 g 16.1462 0.0154 14.0000 15.8098 1.5888 10.0860 10.1940 10.0148
1.14615.8_1.5_39 56284.27468259770103 r 15.3661 0.0027 14.0000 15.8098 1.5888 10.0860 10.1940 10.0148
1.14615.8_1.5_39 56201.42093513299915 i 14.5679 0.0146 14.0000 15.8098 1.5888 10.0860 10.1940 10.0148
1.14615.8_1.5_39 56201.43440423860011 i 14.6894 0.0146 14.0000 15.8098 1.5888 10.0860 10.1940 10.0148
1.14615.8_1.5_39 55517.32123562280321 i 14.5509 0.0146 14.0000 15.8098 1.5888 10.0860 10.1940 10.0148
1.14615.8_1.5_39 55517.33462539320317 i 14.5280 0.0146 14.0000 15.8098 1.5888 10.0860 10.1940 10.0148
1.14615.8_1.5_39 55492.38094812350027 i 14.0188 0.0150 14.0000 15.8098 1.5888 10.0860 10.1940 10.0148
1.16114.3_1.3_39 55492.38094812350027 g 13.9185 0.0152 14.5000 14.3077 1.3799 8.4722 8.5854 8.4387
1.16114.7_1.4_39 55492.38094812350027 g 14.5144 0.0150 14.5000 14.7784 1.4174 8.9470 9.0544 8.9115
1.16114.7_1.4_39 56284.27468259770103 r 13.9694 0.0014 14.5000 14.7784 1.4174 8.9470 9.0544 8.9115
1.16115.2_1.4_39 55492.38094812350027 g 15.5477 0.0149 14.5000 15.2692 1.4843 9.4716 9.5780 9.4187
1.16115.2_1.4_39 56284.27468259770103 r 14.5093 0.0018 14.5000 15.2692 1.4843 9.4716 9.5780 9.4187
1.16115.2_1.4_39 56201.42093513299915 i 13.5056 0.0154 14.5000 15.2692 1.4843 9.4716 9.5780 9.4187
1.16115.2_1.4_39 56201.43440423860011 i 13.5066 0.0154 14.5000 15.2692 1.4843 9.4716 9.5780 9.4187
1.16115.2_1.4_39 55517.32123562280321 i 13.7231 0.0152 14.5000 15.2692 1.4843 9.4716 9.5780 9.4187
1.16115.2_1.4_39 55517.33462539320317 i 13.8181 0.0151 14.5000 15.2692 1.4843 9.4716 9.5780 9.4187
1.16115.8_1.5_39 55492.38094812350027 g 15.9546 0.0152 14.5000 15.8098 1.5888 10.0396 10.1132 9.9778
1.16115.8_1.5_39 56284.27468259770103 r 15.4595 0.0029 14.5000 15.8098 1.5888 10.0396 10.1132 9.9778
1.16115.8_1.5_39 56201.42093513299915 i 14.2574 0.0148 14.5000 15.8098 1.5888 10.0396 10.1132 9.9778
1.16115.8_1.5_39 56201.43440423860011 i 14.2234 0.0148 14.5000 15.8098 1.5888 10.0396 10.1132 9.9778
1.16115.8_1.5_39 55517.32123562280321 i 14.6500 0.0146 14.5000 15.8098 1.5888 10.0396 10.1132 9.9778
1.16115.8_1.5_39 55517.33462539320317 i 14.6441 0.0146 14.5000 15.8098 1.5888 10.0396 10.1132 9.9778
1.16115.8_1.5_39 55492.38094812350027 i 13.9895 0.0150 14.5000 15.8098 1.5888 10.0396 10.1132 9.9778
1.17614.3_1.3_39 55492.38094812350027 g 13.9945 0.0152 15.0000 14.3077 1.3799 8.4264 8.5335 8.3947
1.17614.7_1.4_39 55492.38094812350027 g 14.4897 0.0150 15.0000 14.7784 1.4174 8.9148 9.0262 8.8607
1.17614.7_1.4_39 56284.27468259770103 r 13.6509 0.0012 15.0000 14.7784 1.4174 8.9148 9.0262 8.8607
1.17615.2_1.4_39 55492.38094812350027 g 15.1153 0.0148 15.0000 15.2692 1.4843 9.4323 9.5295 9.3717
1.17615.2_1.4_39 56284.27468259770103 r 14.3082 0.0016 15.0000 15.2692 1.4843 9.4323 9.5295 9.3717
1.17615.2_1.4_39 55517.32123562280321 i 13.8478 0.0151 15.0000 15.2692 1.4843 9.4323 9.5295 9.3717
1.17615.2_1.4_39 55517.33462539320317 i 13.8533 0.0151 15.0000 15.2692 1.4843 9.4323 9.5295 9.3717
1.17615.8_1.5_39 55492.38094812350027 g 15.9855 0.0152 15.0000 15.8098 1.5888 10.0032 10.0743 9.9439
1.17615.8_1.5_39 56284.27468259770103 r 15.1000 0.0024 15.0000 15.8098 1.5888 10.0032 10.0743 9.9439
1.17615.8_1.5_39 56201.42093513299915 i 14.0576 0.0149 15.0000 15.8098 1.5888 10.0032 10.0743 9.9439
1.17615.8_1.5_39 56201.43440423860011 i 14.0882 0.0149 15.0000 15.8098 1.5888 10.0032 10.0743 9.9439
1.17615.8_1.5_39 55517.32123562280321 i 14.5316 0.0146 15.0000 15.8098 1.5888 10.0032 10.0743 9.9439
1.17615.8_1.5_39 55517.33462539320317 i 14.5970 0.0146 15.0000 15.8098 1.5888 10.0032 10.0743 9.9439
1.17615.8_1.5_39 55492.38094812350027 i 13.9316 0.0150 15.0000 15.8098 1.5888 10.0032 10.0743 9.9439
1.19014.3_1.3_39 55492.38094812350027 g 13.9839 0.0152 15.5000 14.3077 1.3799 8.3457 8.5003 8.3452
1.19014.7_1.4_39 55492.38094812350027 g 14.3384 0.0150 15.5000 14.7784 1.4174 8.8719 8.9722 8.8149
1.19015.2_1.4_39 55492.38094812350027 g 15.2329 0.0148 15.5000 15.2692 1.4843 9.3683 9.4933 9.3249
1.19015.2_1.4_39 56284.27468259770103 r 13.6759 0.0012 15.5000 15.2692 1.4843 9.3683 9.4933 9.3249
1.19015.2_1.4_39 56201.42093513299915 i 13.7605 0.0152 15.5000 15.2692 1.4843 9.3683 9.4933 9.3249
1.19015.2_1.4_39 56201.43440423860011 i 13.7400 0.0152 15.5000 15.2692 1.4843 9.3683 9.4933 9.3249
1.19015.2_1.4_39 55517.32123562280321 i 13.7240 0.0152 15.5000 15.2692 1.4843 9.3683 9.4933 9.3249
1.19015.2_1.4_39 55517.33462539320317 i 13.7229 0.0152 15.5000 15.2692 1.4843 9.3683 9.4933 9.3249
1.19015.8_1.5_39 55492.38094812350027 g 16.0215 0.0153 15.5000 15.8098 1.5888 9.9651 10.0318 9.8588
1.19015.8_1.5_39 56284.27468259770103 r 14.4346 0.0017 15.5000 15.8098 1.5888 9.9651 10.0318 9.8588
1.19015.8_1.5_39 56201.42093513299915 i 14.5271 0.0146 15.5000 15.8098 1.5888 9.9651 10.0318 9.8588
1.19015.8_1.5_39 56201.43440423860011 i 14.5187 0.0146 15.5000 15.8098 1.5888 9.9651 10.0318 9.8588
1.19015.8_1.5_39 55517.32123562280321 i 14.5014 0.0146 15.5000 15.8098 1.5888 9.9651 10.0318 9.8588
1.19015.8_1.5_39 55517.33462539320317 i 14.5045 0.0146 15.5000 15.8098 1.5888 9.9651 10.0318 9.8588
1.19015.8_1.5_39 55492.38094812350027 i 13.8847 0.0151 15.5000 15.8098 1.5888 9.9651 10.0318 9.8588
1.20414.3_1.3_39 55492.38094812350027 g 14.1332 0.0151 16.0000 14.3077 1.3799 8.3358 8.4537 8.3165
1.20414.7_1.4_39 55492.38094812350027 g 14.5022 0.0150 16.0000 14.7784 1.4174 8.8078 8.9289 8.7874
1.20414.7_1.4_39 56284.27468259770103 r 13.6427 0.0012 16.0000 14.7784 1.4174 8.8078 8.9289 8.7874
1.20415.2_1.4_39 55492.38094812350027 g 14.9973 0.0148 16.0000 15.2692 1.4843 9.3492 9.4574 9.2853
1.20415.2_1.4_39 56284.27468259770103 r 14.3346 0.0016 16.0000 15.2692 1.4843 9.3492 9.4574 9.2853
1.20415.2_1.4_39 55517.32123562280321 i 13.7212 0.0152 16.0000 15.2692 1.4843 9.3492 9.4574 9.2853
1.20415.2_1.4_39 55517.33462539320317 i 13.7484 0.0152 16.0000 15.2692 1.4843 9.3492 9.4574 9.2853
1.20415.8_1.5_39 55492.38094812350027 g 16.3367 0.0157 16.0000 15.8098 1.5888 9.9296 9.9847 9.8452
1.20415.8_1.5_39 56284.27468259770103 r 15.0263 0.0023 16.0000 15.8098 1.5888 9.9296 9.9847 9.8452
1.20415.8_1.5_39 56201.42093513299915 i 14.1294 0.0149 16.0000 15.8098 1.5888 9.9296 9.9847 9.8452
1.20415.8_1.5_39 56201.43440423860011 i 14.0914 0.0149 16.0000 15.8098 1.5888 9.9296 9.9847 9.8452
1.20415.8_1.5_39 55517.32123562280321 i 14.2742 0.0148 16.0000 15.8098 1.5888 9.9296 9.9847 9.8452
1.20415.8_1.5_39 55517.33462539320317 i 14.2855 0.0148 16.0000 15.8098 1.5888 9.9296 9.9847 9.8452
1.20415.8_1.5_39 55492.38094812350027 i 13.9585 0.0150 16.0000 15.8098 1.5888 9.9296 9.9847 9.8452
1.21714.3_1.3_39 55492.38094812350027 g 13.8271 0.0152 16.5000 14.3077 1.3799 8.3064 8.4206 8.2588
1.21714.7_1.4_39 55492.38094812350027 g 14.4827 0.0150 16.5000 14.7784 1.4174 8.7793 8.8886 8.7318
1.21715.2_1.4_39 55492.38094812350027 g 15.1106 0.0148 16.5000 15.2692 1.4843 9.3008 9.4044 9.2422
1.21715.2_1.4_39 55517.32123562280321 i 13.6706 0.0153 16.5000 15.2692 1.4843 9.3008 9.4044 9.2422
1.21715.2_1.4_39 55517.33462539320317 i 13.6189 0.0153 16.5000 15.2692 1.4843 9.3008 9.4044 9.2422
1.21715.8_1.5_39 55492.38094812350027 g 15.7157 0.0150 16.5000 15.8098 1.5888 9.8715 9.9618 9.7896
1.21715.8_1.5_39 56284.27468259770103 r 14.0071 0.0014 16.5000 15.8098 1.5888 9.8715 9.9618 9.7896
1.21715.8_1.5_39 56201.42093513299915 i 13.7937 0.0151 16.5000 15.8098 1.5888 9.8715 9.9618 9.7896
1.21715.8_1.5_39 56201.43440423860011 i 13.8015 0.0151 16.5000 15.8098 1.5888 9.8715 9.9618 9.7896
1.21715.8_1.5_39 55517.32123562280321 i 14.3992 0.0147 16.5000 15.8098 1.5888 9.8715 9.9618 9.7896
1.21715.8_1.5_39 55517.33462539320317 i 14.3378 0.0147 16.5000 15.8098 1.5888 9.8715 9.9618 9.7896
1.21715.8_1.5_39 55492.38094812350027 i 13.7386 0.0152 16.5000 15.8098 1.5888 9.8715 9.9618 9.7896
1.23014.3_1.3_39 55492.38094812350027 g 13.5485 0.0153 17.0000 14.3077 1.3799 8.2673 8.3977 8.2149
1.23014.7_1.4_39 55492.38094812350027 g 14.2329 0.0151 17.0000 14.7784 1.4174 8.7305 8.8713 8.7051
1.23014.7_1.4_39 56284.27468259770103 r 13.7890 0.0013 17.0000 14.7784 1.4174 8.7305 8.8713 8.7051
1.23015.2_1.4_39 55492.38094812350027 g 14.8397 0.0149 17.0000 15.2692 1.4843 9.2573 9.3587 9.1881
1.23015.2_1.4_39 56284.27468259770103 r 14.4694 0.0017 17.0000 15.2692 1.4843 9.2573 9.3587 9.1881
1.23015.2_1.4_39 56201.42093513299915 i 13.7998 0.0151 17.0000 15.2692 1.4843 9.2573 9.3587 9.1881
1.23015.2_1.4_39 56201.43440423860011 i 13.8377 0.0151 17.0000 15.2692 1.4843 9.2573 9.3587 9.1881
1.23015.2_1.4_39 55517.32123562280321 i 13.5745 0.0153 17.0000 15.2692 1.4843 9.2573 9.3587 9.1881
1.23015.2_1.4_39 55517.33462539320317 i 13.5269 0.0154 17.0000 15.2692 1.4843 9.2573 9.3587 9.1881
1.23015.8_1.5_39 55492.38094812350027 g 15.9418 0.0152 17.0000 15.8098 1.5888 9.8359 9.9100 9.7701
1.23015.8_1.5_39 56284.27468259770103 r 15.1948 0.0025 17.0000 15.8098 1.5888 9.8359 9.9100 9.7701
1.23015.8_1.5_39 56201.42093513299915 i 14.4764 0.0147 17.0000 15.8098 1.5888 9.8359 9.9100 9.7701
1.23015.8_1.5_39 56201.43440423860011 i 14.4854 0.0146 17.0000 15.8098 1.5888 9.8359 9.9100 9.7701
1.23015.8_1.5_39 55517.32123562280321 i 14.2796 0.0148 17.0000 15.8098 1.5888 9.8359 9.9100 9.7701
1.23015.8_1.5_39 55517.33462539320317 i 14.2742 0.0148 17.0000 15.8098 1.5888 9.8359 9.9100 9.7701
1.23015.8_1.5_39 55492.38094812350027 i 13.8225 0.0151 17.0000 15.8098 1.5888 9.8359 9.9100 9.7701
1.24314.3_1.3_39 55492.38094812350027 g 13.9370 0.0152 17.5000 14.3077 1.3799 8.2323 8.3454 8.1707
1.24314.7_1.4_39 55492.38094812350027 g 14.5190 0.0150 17.5000 14.7784 1.4174 8.7046 8.8168 8.6564
1.24315.2_1.4_39 55492.38094812350027 g 14.9655 0.0149 17.5000 15.2692 1.4843 9.2233 9.3259 9.1527
1.24315.2_1.4_39 56284.27468259770103 r 13.7371 0.0012 17.5000 15.2692 1.4843 9.2233 9.3259 9.1527
1.24315.2_1.4_39 56201.42093513299915 i 13.5823 0.0153 17.5000 15.2692 1.4843 9.2233 9.3259 9.1527
1.24315.2_1.4_39 56201.43440423860011 i 13.5879 0.0153 17.5000 15.2692 1.4843 9.2233 9.3259 9.1527
1.24315.2_1.4_39 55517.33462539320317 i 13.5157 0.0154 17.5000 15.2692 1.4843 9.2233 9.3259 9.1527
1.24315.8_1.5_39 55492.38094812350027 g 15.8539 0.0151 17.5000 15.8098 1.5888 9.8024 9.8829 9.7097
1.24315.8_1.5_39 56284.27468259770103 r 14.5322 0.0018 17.5000 15.8098 1.5888 9.8024 9.8829 9.7097
1.24315.8_1.5_39 56201.42093513299915 i 14.3147 0.0147 17.5000 15.8098 1.5888 9.8024 9.8829 9.7097
1.24315.8_1.5_39 56201.43440423860011 i 14.3025 0.0148 17.5000 15.8098 1.5888 9.8024 9.8829 9.7097
1.24315.8_1.5_39 55517.32123562280321 i 14.1918 0.0148 17.5000 15.8098 1.5888 9.8024 9.8829 9.7097
1.24315.8_1.5_39 55517.33462539320317 i 14.1583 0.0148 17.5000 15.8098 1.5888 9.8024 9.8829 9.7097
1.24315.8_1.5_39 55492.38094812350027 i 13.7148 0.0152 17.5000 15.8098 1.5888 9.8024 9.8829 9.7097
1.25514.3_1.3_39 55492.38094812350027 g 13.8743 0.0152 18.0000 14.3077 1.3799 8.1586 8.2880 8.1470
1.25514.7_1.4_39 55492.38094812350027 g 14.4287 0.0150 18.0000 14.7784 1.4174 8.6631 8.7820 8.6203
1.25515.2_1.4_39 55492.38094812350027 g 15.2401 0.0148 18.0000 15.2692 1.4843 9.1793 9.2936 9.1269
1.25515.8_1.5_39 55492.38094812350027 g 15.6651 0.0150 18.0000 15.8098 1.5888 9.7826 9.8588 9.6769
1.25515.8_1.5_39 56284.27468259770103 r 13.9432 0.0014 18.0000 15.8098 1.5888 9.7826 9.8588 9.6769
1.25515.8_1.5_39 56201.42093513299915 i 14.1039 0.0149 18.0000 15.8098 1.5888 9.7826 9.8588 9.6769
1.25515.8_1.5_39 56201.43440423860011 i 14.0853 0.0149 18.0000 15.8098 1.5888 9.7826 9.8588 9.6769
1.25515.8_1.5_39 55517.32123562280321 i 14.1114 0.0149 18.0000 15.8098 1.5888 9.7826 9.8588 9.6769
1.25515.8_1.5_39 55517.33462539320317 i 14.0924 0.0149 18.0000 15.8098 1.5888 9.7826 9.8588 9.6769
1.25515.8_1.5_39 55492.38094812350027 i 13.6741 0.0153 18.0000 15.8098 1.5888 9.7826 9.8588 9.6769
1.26714.3_1.3_39 55492.38094812350027 g 13.6721 0.0152 18.5000 14.3077 1.3799 8.1441 8.2837 8.1193
1.26714.7_1.4_39 55492.38094812350027 g 14.4866 0.0150 18.5000 14.7784 1.4174 8.6296 8.7450 8.5876
1.26715.2_1.4_39 55492.38094812350027 g 15.0047 0.0148 18.5000 15.2692 1.4843 9.1293 9.2458 9.0810
1.26715.2_1.4_39 56284.27468259770103 r 14.1335 0.0015 18.5000 15.2692 1.4843 9.1293 9.2458 9.0810
1.26715.8_1.5_39 55492.38094812350027 g 15.7686 0.0150 18.5000 15.8098 1.5888 9.7180 9.8108 9.6524
1.26715.8_1.5_39 56284.27468259770103 r 14.9534 0.0022 18.5000 15.8098 1.5888 9.7180 9.8108 9.6524
1.26715.8_1.5_39 56201.42093513299915 i 13.9002 0.0151 18.5000 15.8098 1.5888 9.7180 9.8108 9.6524
1.26715.8_1.5_39 56201.43440423860011 i 13.8950 0.0151 18.5000 15.8098 1.5888 9.7180 9.8108 9.6524
1.26715.8_1.5_39 55517.32123562280321 i 13.9656 0.0150 18.5000 15.8098 1.5888 9.7180 9.8108 9.6524
1.26715.8_1.5_39 55517.33462539320317 i 13.9515 0.0150 18.5000 15.8098 1.5888 9.7180 9.8108 9.6524
1.26715.8_1.5_39 55492.38094812350027 i 13.6915 0.0152 18.5000 15.8098 1.5888 9.7180 9.8108 9.6524
1.27814.3_1.3_39 55492.38094812350027 g 13.8396 0.0152 19.0000 14.3077 1.3799 8.0992 8.2470 8.0674
1.27814.7_1.4_39 55492.38094812350027 g 13.8935 0.0152 19.0000 14.7784 1.4174 8.5946 8.7237 8.5550
1.27814.7_1.4_39 56284.27468259770103 r 13.8237 0.0013 19.0000 14.7784 1.4174 8.5946 8.7237 8.5550
1.27815.2_1.4_39 55492.38094812350027 g 14.9331 0.0149 19.0000 15.2692 1.4843 9.1113 9.2075 9.0393
1.27815.2_1.4_39 56284.27468259770103 r 14.3590 0.0016 19.0000 15.2692 1.4843 9.1113 9.2075 9.0393
1.27815.8_1.5_39 55492.38094812350027 g 15.7760 0.0150 19.0000 15.8098 1.5888 9.6820 9.7914 9.6245
1.27815.8_1.5_39 56284.27468259770103 r 15.1624 0.0025 19.0000 15.8098 1.5888 9.6820 9.7914 9.6245
1.27815.8_1.5_39 56201.42093513299915 i 13.8401 0.0151 19.0000 15.8098 1.5888 9.6820 9.7914 9.6245
1.27815.8_1.5_39 56201.43440423860011 i 13.8827 0.0151 19.0000 15.8098 1.5888 9.6820 9.7914 9.6245
1.27815.8_1.5_39 55517.32123562280321 i 13.8842 0.0151 19.0000 15.8098 1.5888 9.6820 9.7914 9.6245
1.27815.8_1.5_39 55517.33462539320317 i 13.8743 0.0151 19.0000 15.8098 1.5888 9.6820 9.7914 9.6245
1.27815.8_1.5_39 55492.38094812350027 i 13.6503 0.0153 19.0000 15.8098 1.5888 9.6820 9.7914 9.6245
1.29014.3_1.3_39 55492.38094812350027 g 13.7527 0.0152 19.5000 14.3077 1.3799 8.0865 8.2152 8.0328
1.29014.7_1.4_39 55492.38094812350027 g 14.1923 0.0151 19.5000 14.7784 1.4174 8.5629 8.6703 8.5292
1.29014.7_1.4_39 56284.27468259770103 r 13.6666 0.0012 19.5000 14.7784 1.4174 8.5629 8.6703 8.5292
1.29015.2_1.4_39 55492.38094812350027 g 14.9211 0.0149 19.5000 15.2692 1.4843 9.0871 9.1784 9.0199
1.29015.2_1.4_39 56284.27468259770103 r 14.3156 0.0016 19.5000 15.2692 1.4843 9.0871 9.1784 9.0199
1.29015.8_1.5_39 55492.38094812350027 g 16.2537 0.0156 19.5000 15.8098 1.5888 9.6576 9.7444 9.5777
1.29015.8_1.5_39 56284.27468259770103 r 14.9210 0.0022 19.5000 15.8098 1.5888 9.6576 9.7444 9.5777
1.29015.8_1.5_39 56201.42093513299915 i 13.9395 0.0150 19.5000 15.8098 1.5888 9.6576 9.7444 9.5777
1.29015.8_1.5_39 56201.43440423860011 i 13.9566 0.0150 19.5000 15.8098 1.5888 9.6576 9.7444 9.5777
1.29015.8_1.5_39 55517.32123562280321 i 13.9537 0.0150 19.5000 15.8098 1.5888 9.6576 9.7444 9.5777
1.29015.8_1.5_39 55517.33462539320317 i 13.9367 0.0150 19.5000 15.8098 1.5888 9.6576 9.7444 9.5777
1.29015.8_1.5_39 55492.38094812350027 i 13.8239 0.0151 19.5000 15.8098 1.5888 9.6576 9.7444 9.5777
1.30114.7_1.4_39 55492.38094812350027 g 14.5416 0.0150 20.0000 14.7784 1.4174 8.5405 8.6443 8.4664
1.30115.2_1.4_39 55492.38094812350027 g 15.0967 0.0148 20.0000 15.2692 1.4843 9.0384 9.1540 8.9713
1.30115.2_1.4_39 56284.27468259770103 r 14.1906 0.0015 20.0000 15.2692 1.4843 9.0384 9.1540 8.9713
1.30115.8_1.5_39 55492.38094812350027 g 15.8598 0.0151 20.0000 15.8098 1.5888 9.6360 9.7054 9.5357
1.30115.8_1.5_39 56284.27468259770103 r 15.0249 0.0023 20.0000 15.8098 1.5888 9.6360 9.7054 9.5357
1.30115.8_1.5_39 56201.42093513299915 i 14.1036 0.0149 20.0000 15.8098 1.5888 9.6360 9.7054 9.5357
1.30115.8_1.5_39 56201.43440423860011 i 14.0814 0.0149 20.0000 15.8098 1.5888 9.6360 9.7054 9.5357
1.30115.8_1.5_39 55517.32123562280321 i 13.7871 0.0152 20.0000 15.8098 1.5888 9.6360 9.7054 9.5357
1.30115.8_1.5_39 55517.33462539320317 i 13.7799 0.0152 20.0000 15.8098 1.5888 9.6360 9.7054 9.5357
1.30115.8_1.5_39 55492.38094812350027 i 13.6449 0.0153 20.0000 15.8098 1.5888 9.6360 9.7054 9.5357
1.31114.3_1.3_39 55492.38094812350027 g 13.7288 0.0152 20.5000 14.3077 1.3799 8.0036 8.1411 7.9669
1.31114.7_1.4_39 55492.38094812350027 g 14.1749 0.0151 20.5000 14.7784 1.4174 8.4987 8.6246 8.4360
1.31114.7_1.4_39 56284.27468259770103 r 13.5844 0.0012 20.5000 14.7784 1.4174 8.4987 8.6246 8.4360
1.31115.2_1.4_39 55492.38094812350027 g 14.8131 0.0149 20.5000 15.2692 1.4843 9.0041 9.1231 8.9327
1.31115.2_1.4_39 56284.27468259770103 r 14.2595 0.0016 20.5000 15.2692 1.4843 9.0041 9.1231 8.9327
1.31115.2_1.4_39 56201.42093513299915 i 13.6741 0.0153 20.5000 15.2692 1.4843 9.0041 9.1231 8.9327
1.31115.2_1.4_39 56201.43440423860011 i 13.6684 0.0153 20.5000 15.2692 1.4843 9.0041 9.1231 8.9327
1.31115.8_1.5_39 55492.38094812350027 g 15.7287 0.0150 20.5000 15.8098 1.5888 9.5925 9.6714 9.5279
1.31115.8_1.5_39 56284.27468259770103 r 15.0388 0.0023 20.5000 15.8098 1.5888 9.5925 9.6714 9.5279
1.31115.8_1.5_39 56201.42093513299915 i 14.4127 0.0147 20.5000 15.8098 1.5888 9.5925 9.6714 9.5279
1.31115.8_1.5_39 56201.43440423860011 i 14.4068 0.0147 20.5000 15.8098 1.5888 9.5925 9.6714 9.5279
1.31115.8_1.5_39 55517.32123562280321 i 13.6554 0.0153 20.5000 15.8098 1.5888 9.5925 9.6714 9.5279
1.31115.8_1.5_39 55517.33462539320317 i 13.5971 0.0153 20.5000 15.8098 1.5888 9.5925 9.6714 9.5279
1.32214.7_1.4_39 55492.38094812350027 g 14.3879 0.0150 21.0000 14.7784 1.4174 8.4463 8.5785 8.4193
1.32215.2_1.4_39 55492.38094812350027 g 15.0677 0.0148 21.0000 15.2692 1.4843 8.9770 9.0925 8.9219
1.32215.2_1.4_39 56284.27468259770103 r 14.1618 0.0015 21.0000 15.2692 1.4843 8.9770 9.0925 8.9219
1.32215.2_1.4_39 56201.42093513299915 i 13.5139 0.0154 21.0000 15.2692 1.4843 8.9770 9.0925 8.9219
1.32215.8_1.5_39 55492.38094812350027 g 15.9973 0.0152 21.0000 15.8098 1.5888 9.5605 9.6365 9.4815
1.32215.8_1.5_39 56284.27468259770103 r 14.9345 0.0022 21.0000 15.8098 1.5888 9.5605 9.6365 9.4815
1.32215.8_1.5_39 56201.42093513299915 i 14.1555 0.0149 21.0000 15.8098 1.5888 9.5605 9.6365 9.4815
1.32215.8_1.5_39 56201.43440423860011 i 14.1567 0.0149 21.0000 15.8098 1.5888 9.5605 9.6365 9.4815
1.32215.8_1.5_39 55517.32123562280321 i 13.7974 0.0151 21.0000 15.8098 1.5888 9.5605 9.6365 9.4815
1.32215.8_1.5_39 55517.33462539320317 i 13.7379 0.0152 21.0000 15.8098 1.5888 9.5605 9.6365 9.4815
1.32215.8_1.5_39 55492.38094812350027 i 13.6510 0.0153 21.0000 15.8098 1.5888 9.5605 9.6365 9.4815
1.33214.3_1.3_39 55492.38094812350027 g 13.6794 0.0152 21.5000 14.3077 1.3799 7.9291 8.0732 7.9131
1.33214.7_1.4_39 55492.38094812350027 g 14.3031 0.0151 21.5000 14.7784 1.4174 8.4212 8.5471 8.3843
1.33215.2_1.4_39 55492.38094812350027 g 14.8662 0.0149 21.5000 15.2692 1.4843 8.9606 9.0465 8.8977
1.33215.2_1.4_39 56284.27468259770103 r 14.1069 0.0015 21.5000 15.2692 1.4843 8.9606 9.0465 8.8977
1.33215.8_1.5_39 55492.38094812350027 g 15.9741 0.0152 21.5000 15.8098 1.5888 9.5490 9.6308 9.4414
1.33215.8_1.5_39 56284.27468259770103 r 14.8249 0.0021 21.5000 15.8098 1.5888 9.5490 9.6308 9.4414
1.33215.8_1.5_39 56201.42093513299915 i 13.5654 0.0154 21.5000 15.8098 1.5888 9.5490 9.6308 9.4414
1.33215.8_1.5_39 56201.43440423860011 i 13.6052 0.0153 21.5000 15.8098 1.5888 9.5490 9.6308 9.4414
1.33215.8_1.5_39 55517.32123562280321 i 13.7190 0.0152 21.5000 15.8098 1.5888 9.5490 9.6308 9.4414
1.33215.8_1.5_39 55517.33462539320317 i 13.6828 0.0152 21.5000 15.8098 1.5888 9.5490 9.6308 9.4414
1.33215.8_1.5_39 55492.38094812350027 i 13.5233 0.0154 21.5000 15.8098 1.5888 9.5490 9.6308 9.4414
1.34214.7_1.4_39 55492.38094812350027 g 14.1542 0.0151 22.0000 14.7784 1.4174 8.3890 8.5191 8.3525
1.34215.2_1.4_39 55492.38094812350027 g 15.0789 0.0148 22.0000 15.2692 1.4843 8.9070 9.0209 8.8626
1.34215.8_1.5_39 55492.38094812350027 g 15.8994 0.0151 22.0000 15.8098 1.5888 9.5066 9.5831 9.4147
1.34215.8_1.5_39 56284.27468259770103 r 13.9629 0.0014 22.0000 15.8098 1.5888 9.5066 9.5831 9.4147
1.34215.8_1.5_39 56201.42093513299915 i 13.6870 0.0152 22.0000 15.8098 1.5888 9.5066 9.5831 9.4147
1.34215.8_1.5_39 56201.43440423860011 i 13.6441 0.0153 22.0000 15.8098 1.5888 9.5066 9.5831 9.4147
1.34215.8_1.5_39 55517.32123562280321 i 13.6271 0.0153 22.0000 15.8098 1.5888 9.5066 9.5831 9.4147
1.34215.8_1.5_39 55517.33462539320317 i 13.6333 0.0153 22.0000 15.8098 1.5888 9.5066 9.5831 9.4147
1.35214.3_1.3_39 55492.38094812350027 g 13.6708 0.0152 22.5000 14.3077 1.3799 7.8695 8.0286 7.8588
1.35214.7_1.4_39 55492.38094812350027 g 14.4738 0.0150 22.5000 14.7784 1.4174 8.3644 8.4908 8.3286
1.35215.2_1.4_39 55492.38094812350027 g 15.1360 0.0148 22.5000 15.2692 1.4843 8.8810 8.9920 8.8272
1.35215.2_1.4_39 56284.27468259770103 r 13.5092 0.0011 22.5000 15.2692 1.4843 8.8810 8.9920 8.8272
1.35215.8_1.5_39 55492.38094812350027 g 15.7960 0.0151 22.5000 15.8098 1.5888 9.4774 9.5553 9.3890
1.35215.8_1.5_39 56284.27468259770103 r 14.2362 0.0015 22.5000 15.8098 1.5888 9.4774 9.5553 9.3890
1.35215.8_1.5_39 56201.42093513299915 i 14.1596 0.0148 22.5000 15.8098 1.5888 9.4774 9.5553 9.3890
1.35215.8_1.5_39 56201.43440423860011 i 14.1365 0.0149 22.5000 15.8098 1.5888 9.4774 9.5553 9.3890
1.35215.8_1.5_39 55517.32123562280321 i 13.6149 0.0153 22.5000 15.8098 1.5888 9.4774 9.5553 9.3890
1.35215.8_1.5_39 55517.33462539320317 i 13.5321 0.0154 22.5000 15.8098 1.5888 9.4774 9.5553 9.3890
1.36114.7_1.4_39 55492.38094812350027 g 14.2846 0.0151 23.0000 14.7784 1.4174 8.3408 8.4674 8.3126
1.36115.2_1.4_39 55492.38094812350027 g 15.2768 0.0148 23.0000 15.2692 1.4843 8.8248 8.9644 8.7931
1.36115.2_1.4_39 56284.27468259770103 r 13.7209 0.0012 23.0000 15.2692 1.4843 8.8248 8.9644 8.7931
1.36115.8_1.5_39 55492.38094812350027 g 16.0139 0.0153 23.0000 15.8098 1.5888 9.4415 9.5234 9.3628
1.36115.8_1.5_39 56284.27468259770103 r 14.5158 0.0018 23.0000 15.8098 1.5888 9.4415 9.5234 9.3628
1.36115.8_1.5_39 56201.42093513299915 i 13.8573 0.0151 23.0000 15.8098 1.5888 9.4415 9.5234 9.3628
1.36115.8_1.5_39 56201.43440423860011 i 13.9180 0.0150 23.0000 15.8098 1.5888 9.4415 9.5234 9.3628
1.36115.8_1.5_39 55517.32123562280321 i 13.6618 0.0153 23.0000 15.8098 1.5888 9.4415 9.5234 9.3628
1.36115.8_1.5_39 55517.33462539320317 i 13.6413 0.0153 23.0000 15.8098 1.5888 9.4415 9.5234 9.3628
1.36115.8_1.5_39 55492.38094812350027 i 13.5805 0.0153 23.0000 15.8098 1.5888 9.4415 9.5234 9.3628
1.37114.3_1.3_39 55492.38094812350027 g 13.5707 0.0153 23.5000 14.3077 1.3799 7.8362 7.9583 7.7791
1.37114.7_1.4_39 55492.38094812350027 g 14.0163 0.0152 23.5000 14.7784 1.4174 8.2966 8.4348 8.2756
1.37114.7_1.4_39 56284.27468259770103 r 13.5052 0.0011 23.5000 14.7784 1.4174 8.2966 8.4348 8.2756
1.37115.2_1.4_39 55492.38094812350027 g 15.0216 0.0148 23.5000 15.2692 1.4843 8.8217 8.9415 8.7587
1.37115.2_1.4_39 56284.27468259770103 r 14.0269 0.0014 23.5000 15.2692 1.4843 8.8217 8.9415 8.7587
1.37115.8_1.5_39 55492.38094812350027 g 15.7003 0.0150 23.5000 15.8098 1.5888 9.4105 9.4942 9.3258
1.37115.8_1.5_39 56284.27468259770103 r 14.9054 0.0021 23.5000 15.8098 1.5888 9.4105 9.4942 9.3258
1.38014.7_1.4_39 55492.38094812350027 g 14.3100 0.0151 24.0000 14.7784 1.4174 8.2810 8.4072 8.2486
1.38015.2_1.4_39 55492.38094812350027 g 14.8889 0.0149 24.0000 15.2692 1.4843 8.7930 8.9000 8.7417
1.38015.8_1.5_39 55492.38094812350027 g 15.9469 0.0152 24.0000 15.8098 1.5888 9.3579 9.4698 9.2936
1.38015.8_1.5_39 56284.27468259770103 r 13.9522 0.0014 24.0000 15.8098 1.5888 9.3579 9.4698 9.2936
1.38015.8_1.5_39 56201.42093513299915 i 13.9290 0.0150 24.0000 15.8098 1.5888 9.3579 9.4698 9.2936
1.38015.8_1.5_39 56201.43440423860011 i 13.9259 0.0150 24.0000 15.8098 1.5888 9.3579 9.4698 9.2936
1.38015.8_1.5_39 55517.32123562280321 i 13.5288 0.0154 24.0000 15.8098 1.5888 9.3579 9.4698 9.2936
1.38015.8_1.5_39 55517.33462539320317 i 13.5711 0.0153 24.0000 15.8098 1.5888 9.3579 9.4698 9.2936
1.38914.7_1.4_39 55492.38094812350027 g 14.2639 0.0151 24.5000 14.7784 1.4174 8.2738 8.3668 8.2153
1.38915.2_1.4_39 55492.38094812350027 g 14.8466 0.0149 24.5000 15.2692 1.4843 8.7761 8.8879 8.7189
1.38915.2_1.4_39 56284.27468259770103 r 13.5227 0.0011 24.5000 15.2692 1.4843 8.7761 8.8879 8.7189
1.38915.8_1.5_39 55492.38094812350027 g 15.8523 0.0151 24.5000 15.8098 1.5888 9.3441 9.4704 9.2656
1.38915.8_1.5_39 56284.27468259770103 r 14.3246 0.0016 24.5000 15.8098 1.5888 9.3441 9.4704 9.2656
1.38915.8_1.5_39 56201.42093513299915 i 13.5418 0.0154 24.5000 15.8098 1.5888 9.3441 9.4704 9.2656
1.38915.8_1.5_39 56201.43440423860011 i 13.5387 0.0154 24.5000 15.8098 1.5888 9.3441 9.4704 9.2656
1.39714.3_1.3_39 55492.38094812350027 g 13.8258 0.0152 25.0000 14.3077 1.3799 7.7409 7.8854 7.7143
1.39714.7_1.4_39 55492.38094812350027 g 13.9484 0.0152 25.0000 14.7784 1.4174 8.2201 8.3565 8.1658
1.39715.2_1.4_39 55492.38094812350027 g 15.0940 0.0148 25.0000 15.2692 1.4843 8.7509 8.8623 8.6793
1.39715.2_1.4_39 56284.27468259770103 r 13.8972 0.0013 25.0000 15.2692 1.4843 8.7509 8.8623 8.6793
1.39715.8_1.5_39 55492.38094812350027 g 15.7050 0.0150 25.0000 15.8098 1.5888 9.3293 9.4270 9.2530
1.39715.8_1.5_39 56284.27468259770103 r 14.8045 0.0020 25.0000 15.8098 1.5888 9.3293 9.4270 9.2530
1.39715.8_1.5_39 56201.42093513299915 i 13.6589 0.0153 25.0000 15.8098 1.5888 9.3293 9.4270 9.2530
1.39715.8_1.5_39 56201.43440423860011 i 13.7185 0.0152 25.0000 15.8098 1.5888 9.3293 9.4270 9.2530
1.40614.3_1.3_39 55492.38094812350027 g 13.7876 0.0152 25.5000 14.3077 1.3799 7.7268 7.8544 7.6684
1.40614.7_1.4_39 55492.38094812350027 g 14.4069 0.0150 25.5000 14.7784 1.4174 8.1870 8.3241 8.1643
1.40615.2_1.4_39 55492.38094812350027 g 15.0507 0.0148 25.5000 15.2692 1.4843 8.7237 8.8305 8.6625
1.40615.8_1.5_39 55492.38094812350027 g 15.5179 0.0149 25.5000 15.8098 1.5888 9.2954 9.4134 9.2025
1.40615.8_1.5_39 56284.27468259770103 r 13.7988 0.0013 25.5000 15.8098 1.5888 9.2954 9.4134 9.2025
1.40615.8_1.5_39 56201.42093513299915 i 14.0338 0.0149 25.5000 15.8098 1.5888 9.2954 9.4134 9.2025
1.40615.8_1.5_39 56201.43440423860011 i 14.1318 0.0149 25.5000 15.8098 1.5888 9.2954 9.4134 9.2025
1.41414.3_1.3_39 55492.38094812350027 g 13.6924 0.0152 26.0000 14.3077 1.3799 7.6922 7.8263 7.6675
1.41414.7_1.4_39 55492.38094812350027 g 14.1108 0.0151 26.0000 14.7784 1.4174 8.1961 8.3116 8.1525
1.41415.2_1.4_39 55492.38094812350027 g 15.0510 0.0148 26.0000 15.2692 1.4843 8.6930 8.8099 8.6207
1.41415.2_1.4_39 56284.27468259770103 r 13.6491 0.0012 26.0000 15.2692 1.4843 8.6930 8.8099 8.6207
1.41415.8_1.5_39 55492.38094812350027 g 15.9390 0.0152 26.0000 15.8098 1.5888 9.2688 9.3698 9.1959
1.41415.8_1.5_39 56284.27468259770103 r 14.4394 0.0017 26.0000 15.8098 1.5888 9.2688 9.3698 9.1959
1.41415.8_1.5_39 56201.42093513299915 i 13.5775 0.0153 26.0000 15.8098 1.5888 9.2688 9.3698 9.1959
1.41415.8_1.5_39 56201.43440423860011 i 13.5941 0.0153 26.0000 15.8098 1.5888 9.2688 9.3698 9.1959
1.41415.8_1.5_39 55517.32123562280321 i 13.5410 0.0154 26.0000 15.8098 1.5888 9.2688 9.3698 9.1959
1.42314.3_1.3_39 55492.38094812350027 g 13.5098 0.0153 26.5000 14.3077 1.3799 7.6654 7.8015 7.6324
1.42314.7_1.4_39 55492.38094812350027 g 13.9779 0.0152 26.5000 14.7784 1.4174 8.1559 8.2779 8.1007
1.42315.2_1.4_39 55492.38094812350027 g 14.9521 0.0149 26.5000 15.2692 1.4843 8.6889 8.7888 8.5990
1.42315.2_1.4_39 56284.27468259770103 r 13.7897 0.0013 26.5000 15.2692 1.4843 8.6889 8.7888 8.5990
1.42315.8_1.5_39 55492.38094812350027 g 15.5856 0.0149 26.5000 15.8098 1.5888 9.2516 9.3412 9.1725
1.42315.8_1.5_39 56284.27468259770103 r 14.6345 0.0019 26.5000 15.8098 1.5888 9.2516 9.3412 9.1725
1.42315.8_1.5_39 56201.42093513299915 i 14.1225 0.0149 26.5000 15.8098 1.5888 9.2516 9.3412 9.1725
1.42315.8_1.5_39 56201.43440423860011 i 14.0824 0.0149 26.5000 15.8098 1.5888 9.2516 9.3412 9.1725
1.43114.7_1.4_39 55492.38094812350027 g 14.0433 0.0152 27.0000 14.7784 1.4174 8.1405 8.2621 8.0708
1.43115.2_1.4_39 55492.38094812350027 g 15.1528 0.0148 27.0000 15.2692 1.4843 8.6469 8.7754 8.5979
1.43115.8_1.5_39 55492.38094812350027 g 15.8131 0.0151 27.0000 15.8098 1.5888 9.2088 9.3152 9.1584
1.43115.8_1.5_39 56284.27468259770103 r 14.2410 0.0015 27.0000 15.8098 1.5888 9.2088 9.3152 9.1584
1.43115.8_1.5_39 56201.42093513299915 i 13.5344 0.0154 27.0000 15.8098 1.5888 9.2088 9.3152 9.1584
1.43115.8_1.5_39 56201.43440423860011 i 13.5629 0.0154 27.0000 15.8098 1.5888 9.2088 9.3152 9.1584
1.43115.8_1.5_39 55517.32123562280321 i 13.6098 0.0153 27.0000 15.8098 1.5888 9.2088 9.3152 9.1584
1.43115.8_1.5_39 55517.33462539320317 i 13.5103 0.0154 27.0000 15.8098 1.5888 9.2088 9.3152 9.1584
1.43914.7_1.4_39 55492.38094812350027 g 14.0862 0.0151 27.5000 14.7784 1.4174 8.0864 8.2382 8.0460
1.43915.2_1.4_39 55492.38094812350027 g 14.8580 0.0149 27.5000 15.2692 1.4843 8.6233 8.7535 8.5602
1.43915.2_1.4_39 56284.27468259770103 r 13.7987 0.0013 27.5000 15.2692 1.4843 8.6233 8.7535 8.5602
1.43915.8_1.5_39 55492.38094812350027 g 15.9120 0.0152 27.5000 15.8098 1.5888 9.1975 9.2772 9.1229
1.43915.8_1.5_39 56284.27468259770103 r 14.5369 0.0018 27.5000 15.8098 1.5888 9.1975 9.2772 9.1229
1.43915.8_1.5_39 56201.42093513299915 i 13.8130 0.0151 27.5000 15.8098 1.5888 9.1975 9.2772 9.1229
1.43915.8_1.5_39 56201.43440423860011 i 13.7785 0.0152 27.5000 15.8098 1.5888 9.1975 9.2772 9.1229
1.43915.8_1.5_39 55517.32123562280321 i 13.5717 0.0153 27.5000 15.8098 1.5888 9.1975 9.2772 9.1229
1.43915.8_1.5_39 55517.33462539320317 i 13.6069 0.0153 27.5000 15.8098 1.5888 9.1975 9.2772 9.1229
1.44714.7_1.4_39 55492.38094812350027 g 13.7901 0.0152 28.0000 14.7784 1.4174 8.0668 8.2104 8.0283
1.44715.2_1.4_39 55492.38094812350027 g 14.9892 0.0149 28.0000 15.2692 1.4843 8.5945 8.7267 8.5404
1.44715.8_1.5_39 55492.38094812350027 g 15.6426 0.0150 28.0000 15.8098 1.5888 9.1890 9.2831 9.0882
1.44715.8_1.5_39 56284.27468259770103 r 14.1073 0.0015 28.0000 15.8098 1.5888 9.1890 9.2831 9.0882
1.44715.8_1.5_39 55517.32123562280321 i 13.5323 0.0154 28.0000 15.8098 1.5888 9.1890 9.2831 9.0882
1.44715.8_1.5_39 55517.33462539320317 i 13.5469 0.0154 28.0000 15.8098 1.5888 9.1890 9.2831 9.0882
1.45414.7_1.4_39 55492.38094812350027 g 13.8314 0.0152 28.5000 14.7784 1.4174 8.0513 8.1785 8.0071
1.45415.2_1.4_39 55492.38094812350027 g 14.6688 0.0149 28.5000 15.2692 1.4843 8.5639 8.6805 8.5137
1.45415.2_1.4_39 56284.27468259770103 r 13.8212 0.0013 28.5000 15.2692 1.4843 8.5639 8.6805 8.5137
1.45415.8_1.5_39 55492.38094812350027 g 15.7857 0.0151 28.5000 15.8098 1.5888 9.1536 9.2563 9.0789
1.45415.8_1.5_39 56284.27468259770103 r 14.5460 0.0018 28.5000 15.8098 1.5888 9.1536 9.2563 9.0789
1.45415.8_1.5_39 56201.42093513299915 i 13.5290 0.0154 28.5000 15.8098 1.5888 9.1536 9.2563 9.0789
1.45415.8_1.5_39 56201.43440423860011 i 13.6002 0.0153 28.5000 15.8098 1.5888 9.1536 9.2563 9.0789
1.45415.8_1.5_39 55517.32123562280321 i 13.5988 0.0153 28.5000 15.8098 1.5888 9.1536 9.2563 9.0789
1.45415.8_1.5_39 55517.33462539320317 i 13.6467 0.0153 28.5000 15.8098 1.5888 9.1536 9.2563 9.0789
1.46214.3_1.3_39 55492.38094812350027 g 13.8961 0.0152 29.0000 14.3077 1.3799 7.5468 7.6902 7.5151
1.46214.7_1.4_39 55492.38094812350027 g 14.2976 0.0151 29.0000 14.7784 1.4174 8.0357 8.1679 7.9832
1.46215.2_1.4_39 55492.38094812350027 g 14.9635 0.0149 29.0000 15.2692 1.4843 8.5456 8.6797 8.4853
1.46215.8_1.5_39 55492.38094812350027 g 15.5811 0.0149 29.0000 15.8098 1.5888 9.1386 9.2423 9.0475
1.46215.8_1.5_39 56284.27468259770103 r 14.1043 0.0015 29.0000 15.8098 1.5888 9.1386 9.2423 9.0475
1.46215.8_1.5_39 56201.42093513299915 i 13.7759 0.0152 29.0000 15.8098 1.5888 9.1386 9.2423 9.0475
1.46215.8_1.5_39 56201.43440423860011 i 13.7184 0.0152 29.0000 15.8098 1.5888 9.1386 9.2423 9.0475
1.46215.8_1.5_39 55517.32123562280321 i 13.6325 0.0153 29.0000 15.8098 1.5888 9.1386 9.2423 9.0475
1.46215.8_1.5_39 55517.33462539320317 i 13.5938 0.0153 29.0000 15.8098 1.5888 9.1386 9.2423 9.0475
1.46914.7_1.4_39 55492.38094812350027 g 13.7670 0.0152 29.5000 14.7784 1.4174 7.9917 8.1463 7.9668
1.46915.2_1.4_39 55492.38094812350027 g 14.8552 0.0149 29.5000 15.2692 1.4843 8.5209 8.6327 8.4743
1.46915.2_1.4_39 56284.27468259770103 r 13.7205 0.0012 29.5000 15.2692 1.4843 8.5209 8.6327 8.4743
1.46915.8_1.5_39 55492.38094812350027 g 15.3304 0.0149 29.5000 15.8098 1.5888 9.0922 9.1950 9.0027
1.46915.8_1.5_39 56284.27468259770103 r 14.6388 0.0019 29.5000 15.8098 1.5888 9.0922 9.1950 9.0027
1.46915.8_1.5_39 55517.32123562280321 i 13.6828 0.0152 29.5000 15.8098 1.5888 9.0922 9.1950 9.0027
1.46915.8_1.5_39 55517.33462539320317 i 13.7719 0.0152 29.5000 15.8098 1.5888 9.0922 9.1950 9.0027
1.47714.7_1.4_39 55492.38094812350027 g 13.9633 0.0152 30.0000 14.7784 1.4174 7.9929 8.1289 7.9565
1.47715.2_1.4_39 55492.38094812350027 g 14.8046 0.0149 30.0000 15.2692 1.4843 8.4976 8.6099 8.4413
1.47715.8_1.5_39 55492.38094812350027 g 15.7116 0.0150 30.0000 15.8098 1.5888 9.0779 9.1854 8.9964
1.47715.8_1.5_39 56284.27468259770103 r 14.1993 0.0015 30.0000 15.8098 1.5888 9.0779 9.1854 8.9964
1.47715.8_1.5_39 56201.42093513299915 i 13.9260 0.0150 30.0000 15.8098 1.5888 9.0779 9.1854 8.9964
1.47715.8_1.5_39 56201.43440423860011 i 13.9178 0.0150 30.0000 15.8098 1.5888 9.0779 9.1854 8.9964
1.47715.8_1.5_39 55517.32123562280321 i 13.6248 0.0153 30.0000 15.8098 1.5888 9.0779 9.1854 8.9964
1.47715.8_1.5_39 55517.33462539320317 i 13.6712 0.0153 30.0000 15.8098 1.5888 9.0779 9.1854 8.9964
