# Name Epoch Band Mag eMag period DM E(B-V) KMEAN  W1MEAN W2MEAN
0.47715.6_0.16_6 55827.29294140460115 g 13.5899 0.0153 3.0000 15.6852 0.1634 11.4705 11.7570 11.7433
0.47715.6_0.16_6 55416.35520519859710 g 13.6303 0.0153 3.0000 15.6852 0.1634 11.4705 11.7570 11.7433
0.47715.6_0.16_6 55416.36710803850292 g 13.6605 0.0152 3.0000 15.6852 0.1634 11.4705 11.7570 11.7433
0.47715.6_0.16_6 55827.28300548020343 g 13.5963 0.0153 3.0000 15.6852 0.1634 11.4705 11.7570 11.7433
0.47715.6_0.16_6 55395.46858682489983 g 13.7240 0.0152 3.0000 15.6852 0.1634 11.4705 11.7570 11.7433
0.47715.6_0.16_6 55395.45682112219947 g 13.7152 0.0152 3.0000 15.6852 0.1634 11.4705 11.7570 11.7433
0.47715.6_0.16_6 55747.44561740630161 g 14.0763 0.0151 3.0000 15.6852 0.1634 11.4705 11.7570 11.7433
0.47715.6_0.16_6 55747.45800627629797 g 14.0772 0.0151 3.0000 15.6852 0.1634 11.4705 11.7570 11.7433
0.47715.6_0.16_6 55747.45672025859676 g 14.0525 0.0151 3.0000 15.6852 0.1634 11.4705 11.7570 11.7433
0.47715.6_0.16_6 55747.44691227829753 g 14.0570 0.0151 3.0000 15.6852 0.1634 11.4705 11.7570 11.7433
0.54415.6_0.16_6 55827.29294140460115 g 13.6457 0.0153 3.5000 15.6852 0.1634 11.2654 11.5830 11.5161
0.54415.6_0.16_6 55827.28300548020343 g 13.6521 0.0153 3.5000 15.6852 0.1634 11.2654 11.5830 11.5161
0.54415.6_0.16_6 55747.44561740630161 g 13.8194 0.0152 3.5000 15.6852 0.1634 11.2654 11.5830 11.5161
0.54415.6_0.16_6 55747.45800627629797 g 13.8311 0.0152 3.5000 15.6852 0.1634 11.2654 11.5830 11.5161
0.54415.6_0.16_6 55747.45672025859676 g 13.8565 0.0152 3.5000 15.6852 0.1634 11.2654 11.5830 11.5161
0.54415.6_0.16_6 55747.44691227829753 g 13.8493 0.0152 3.5000 15.6852 0.1634 11.2654 11.5830 11.5161
0.60215.6_0.16_6 55827.29294140460115 g 13.6083 0.0153 4.0000 15.6852 0.1634 11.0810 11.3789 11.3496
0.60215.6_0.16_6 55416.35520519859710 g 13.7459 0.0152 4.0000 15.6852 0.1634 11.0810 11.3789 11.3496
0.60215.6_0.16_6 55416.36710803850292 g 13.7224 0.0152 4.0000 15.6852 0.1634 11.0810 11.3789 11.3496
0.60215.6_0.16_6 55827.28300548020343 g 13.5774 0.0153 4.0000 15.6852 0.1634 11.0810 11.3789 11.3496
0.60215.6_0.16_6 55395.46858682489983 g 13.6368 0.0153 4.0000 15.6852 0.1634 11.0810 11.3789 11.3496
0.60215.6_0.16_6 55395.45682112219947 g 13.6087 0.0153 4.0000 15.6852 0.1634 11.0810 11.3789 11.3496
0.60215.6_0.16_6 55747.44561740630161 g 13.6225 0.0153 4.0000 15.6852 0.1634 11.0810 11.3789 11.3496
0.60215.6_0.16_6 55747.45800627629797 g 13.6347 0.0153 4.0000 15.6852 0.1634 11.0810 11.3789 11.3496
0.60215.6_0.16_6 55747.45672025859676 g 13.6071 0.0153 4.0000 15.6852 0.1634 11.0810 11.3789 11.3496
0.60215.6_0.16_6 55747.44691227829753 g 13.6399 0.0153 4.0000 15.6852 0.1634 11.0810 11.3789 11.3496
0.65315.6_0.16_6 55747.45800627629797 g 13.5076 0.0153 4.5000 15.6852 0.1634 10.9540 11.2300 11.1850
0.65315.6_0.16_6 55747.44691227829753 g 13.5168 0.0153 4.5000 15.6852 0.1634 10.9540 11.2300 11.1850
0.74015.6_0.16_6 55416.35520519859710 g 13.5658 0.0153 5.5000 15.6852 0.1634 10.6783 10.9929 10.9030
0.74015.6_0.16_6 55416.36710803850292 g 13.5970 0.0153 5.5000 15.6852 0.1634 10.6783 10.9929 10.9030
0.9038.70_0.077_ 56501.47462656680000 r 18.1456 0.0160 8.0000  8.7018 0.0777 3.1406 3.4992 3.4138
0.9548.70_0.077_ 56501.46299282929976 r 20.1279 0.0695 9.0000  8.7018 0.0777 2.9974 3.3577 3.2754
1.0608.70_0.077_ 55834.24200658460177 r 14.3693 0.0016 11.5000  8.7018 0.0777 2.6699 3.0502 2.9437
1.2048.70_0.077_ 55834.24325676819717 r 19.9709 0.0616 16.0000  8.7018 0.0777 2.2283 2.5970 2.4975
1.2308.70_0.077_ 55377.60458053040202 r 18.5013 0.0207 17.0000  8.7018 0.0777 2.1690 2.5221 2.4126
1.2438.70_0.077_ 55834.23361485820351 r 14.1835 0.0015 17.5000  8.7018 0.0777 2.1229 2.4898 2.3900
1.2438.70_0.077_ 55834.23238661709911 r 18.0586 0.0151 17.5000  8.7018 0.0777 2.1229 2.4898 2.3900
1.2438.70_0.077_ 56088.55829264839849 r 16.2497 0.0046 17.5000  8.7018 0.0777 2.1229 2.4898 2.3900
1.2678.70_0.077_ 55834.23238661709911 r 16.0634 0.0041 18.5000  8.7018 0.0777 2.0297 2.4036 2.3268
1.2678.70_0.077_ 56088.55829264839849 r 18.9500 0.0286 18.5000  8.7018 0.0777 2.0297 2.4036 2.3268
1.2908.70_0.077_ 56088.55829264839849 r 20.7244 0.1106 19.5000  8.7018 0.0777 1.9602 2.3257 2.2416
1.3018.70_0.077_ 55834.23361485820351 r 15.9984 0.0039 20.0000  8.7018 0.0777 1.9389 2.3098 2.2296
1.3018.70_0.077_ 55754.55594931339874 r 14.4106 0.0017 20.0000  8.7018 0.0777 1.9389 2.3098 2.2296
1.3018.70_0.077_ 55754.54657292560296 r 22.3347 0.4033 20.0000  8.7018 0.0777 1.9389 2.3098 2.2296
1.3118.70_0.077_ 55834.23361485820351 r 16.6242 0.0058 20.5000  8.7018 0.0777 1.9279 2.2646 2.1701
1.3118.70_0.077_ 55754.55594931339874 r 18.0434 0.0149 20.5000  8.7018 0.0777 1.9279 2.2646 2.1701
1.3118.70_0.077_ 55754.54657292560296 r 14.7173 0.0019 20.5000  8.7018 0.0777 1.9279 2.2646 2.1701
1.3328.70_0.077_ 55377.59237196799950 r 19.3240 0.0378 21.5000  8.7018 0.0777 1.8207 2.2069 2.1111
1.3328.70_0.077_ 55414.35066550689953 r 19.2396 0.0355 21.5000  8.7018 0.0777 1.8207 2.2069 2.1111
1.3528.70_0.077_ 55414.36210488389770 r 17.9181 0.0137 22.5000  8.7018 0.0777 1.7772 2.1644 2.0479
1.3529.79_0.11_6 56523.36459810839733 r 16.7375 0.0062 22.5000  9.7952 0.1152 2.8821 3.2722 3.1386
1.3618.70_0.077_ 55414.35066550689953 r 13.8533 0.0013 23.0000  8.7018 0.0777 1.7518 2.1340 2.0262
1.3619.79_0.11_6 55834.24200658460177 r 18.7997 0.0256 23.0000  9.7952 0.1152 2.8629 3.2321 3.1089
1.3898.70_0.077_ 55834.24200658460177 r 14.2979 0.0016 24.5000  8.7018 0.0777 1.6634 2.0415 1.9248
1.3898.70_0.077_ 56523.37484823480190 r 22.5336 0.4749 24.5000  8.7018 0.0777 1.6634 2.0415 1.9248
1.4069.79_0.11_6 56501.46299282929976 r 16.7176 0.0061 25.5000  9.7952 0.1152 2.7107 3.1152 2.9993
1.4069.79_0.11_6 56501.47462656680000 r 18.3096 0.0180 25.5000  9.7952 0.1152 2.7107 3.1152 2.9993
1.4148.70_0.077_ 56523.37484823480190 r 19.2482 0.0357 26.0000  8.7018 0.0777 1.5772 1.9625 1.8589
1.4238.70_0.077_ 55377.59237196799950 r 14.0508 0.0014 26.5000  8.7018 0.0777 1.5722 1.9385 1.8228
1.4398.70_0.077_ 56523.37484823480190 r 16.0894 0.0042 27.5000  8.7018 0.0777 1.5045 1.8852 1.7824
1.4478.70_0.077_ 55754.54657292560296 r 16.6657 0.0059 28.0000  8.7018 0.0777 1.4928 1.8710 1.7697
1.4548.70_0.077_ 55377.59237196799950 r 18.5435 0.0213 28.5000  8.7018 0.0777 1.4575 1.8721 1.7451
1.4549.79_0.11_6 56501.46299282929976 r 19.0303 0.0304 28.5000  9.7952 0.1152 2.5591 2.9653 2.8289
