# Name Epoch Band Mag eMag period DM E(B-V) KMEAN  W1MEAN W2MEAN
lc_3.0_14.7_0.63 55446.26337962740217 g 13.5492 0.0153 3.0000 14.7224 0.6400 10.5287 10.8144 10.7682
lc_3.0_14.8_0.68 55446.26337962740217 g 13.8216 0.0152 3.0000 14.8517 0.6888 10.6639 10.9466 10.8998
lc_3.0_15.1_0.79 55446.26337962740217 g 14.4367 0.0150 3.0000 15.1306 0.7953 10.9554 11.2319 11.1836
lc_3.0_15.1_0.79 55446.26337962740217 r 13.5137 0.0011 3.0000 15.1306 0.7953 10.9554 11.2319 11.1836
lc_3.0_15.3_0.90 55446.26337962740217 g 15.0243 0.0148 3.0000 15.3905 0.9017 11.2279 11.4981 11.4483
lc_3.0_15.3_0.90 55446.26337962740217 r 13.9939 0.0014 3.0000 15.3905 0.9017 11.2279 11.4981 11.4483
lc_3.0_15.3_0.90 55446.26337962740217 i 13.9063 0.0151 3.0000 15.3905 0.9017 11.2279 11.4981 11.4483
lc_3.2_14.8_0.68 55446.26337962740217 g 13.7493 0.0152 3.2000 14.8517 0.6888 10.5779 10.8630 10.8140
lc_3.2_15.1_0.79 55446.26337962740217 g 14.3873 0.0150 3.2000 15.1306 0.7953 10.8694 11.1482 11.0977
lc_3.2_15.3_0.90 55446.26337962740217 g 14.9638 0.0149 3.2000 15.3905 0.9017 11.1419 11.4145 11.3625
lc_3.2_15.3_0.90 55446.26337962740217 r 13.9308 0.0013 3.2000 15.3905 0.9017 11.1419 11.4145 11.3625
lc_3.2_15.3_0.90 55446.26337962740217 i 13.8860 0.0151 3.2000 15.3905 0.9017 11.1419 11.4145 11.3625
lc_3.4_14.8_0.68 55446.26337962740217 g 13.7140 0.0152 3.4000 14.8517 0.6888 10.4971 10.7843 10.7333
lc_3.4_15.1_0.79 55446.26337962740217 g 14.2943 0.0151 3.4000 15.1306 0.7953 10.7886 11.0696 11.0171
lc_3.4_15.3_0.90 55446.26337962740217 g 14.9138 0.0149 3.4000 15.3905 0.9017 11.0611 11.3359 11.2819
lc_3.4_15.3_0.90 55446.26337962740217 r 13.8721 0.0013 3.4000 15.3905 0.9017 11.0611 11.3359 11.2819
lc_3.4_15.3_0.90 55446.26337962740217 i 13.7695 0.0152 3.4000 15.3905 0.9017 11.0611 11.3359 11.2819
lc_3.6_14.8_0.68 55446.26337962740217 g 13.6663 0.0152 3.6000 14.8517 0.6888 10.4209 10.7102 10.6573
lc_3.6_15.1_0.79 55446.26337962740217 g 14.2851 0.0151 3.6000 15.1306 0.7953 10.7124 10.9955 10.9411
lc_3.6_15.3_0.90 55446.26337962740217 g 14.8938 0.0149 3.6000 15.3905 0.9017 10.9850 11.2618 11.2058
lc_3.6_15.3_0.90 55446.26337962740217 r 13.8090 0.0013 3.6000 15.3905 0.9017 10.9850 11.2618 11.2058
lc_3.6_15.3_0.90 55446.26337962740217 i 13.7261 0.0152 3.6000 15.3905 0.9017 10.9850 11.2618 11.2058
lc_3.8_14.8_0.68 55446.26337962740217 g 13.6375 0.0153 3.8000 14.8517 0.6888 10.3488 10.6401 10.5854
lc_3.8_15.1_0.79 55446.26337962740217 g 14.2409 0.0151 3.8000 15.1306 0.7953 10.6404 10.9254 10.8692
lc_3.8_15.3_0.90 55446.26337962740217 g 14.8176 0.0149 3.8000 15.3905 0.9017 10.9129 11.1917 11.1339
lc_3.8_15.3_0.90 55446.26337962740217 r 13.7351 0.0012 3.8000 15.3905 0.9017 10.9129 11.1917 11.1339
lc_3.8_15.3_0.90 55446.26337962740217 i 13.6475 0.0153 3.8000 15.3905 0.9017 10.9129 11.1917 11.1339
lc_4.0_14.8_0.68 55446.26337962740217 g 13.5638 0.0153 4.0000 14.8517 0.6888 10.2805 10.5736 10.5172
lc_4.0_15.1_0.79 55446.26337962740217 g 14.1615 0.0151 4.0000 15.1306 0.7953 10.5720 10.8589 10.8010
lc_4.0_15.3_0.90 55446.26337962740217 g 14.7804 0.0149 4.0000 15.3905 0.9017 10.8445 11.1252 11.0657
lc_4.0_15.3_0.90 55446.26337962740217 r 13.6809 0.0012 4.0000 15.3905 0.9017 10.8445 11.1252 11.0657
lc_4.0_15.3_0.90 55446.26337962740217 i 13.6139 0.0153 4.0000 15.3905 0.9017 10.8445 11.1252 11.0657
lc_4.2_14.8_0.68 55446.26337962740217 g 13.5064 0.0153 4.2000 14.8517 0.6888 10.2154 10.5104 10.4523
lc_4.2_15.1_0.79 55446.26337962740217 g 14.1588 0.0151 4.2000 15.1306 0.7953 10.5070 10.7957 10.7361
lc_4.2_15.3_0.90 55446.26337962740217 g 14.7586 0.0149 4.2000 15.3905 0.9017 10.7795 11.0619 11.0008
lc_4.2_15.3_0.90 55446.26337962740217 r 13.6698 0.0012 4.2000 15.3905 0.9017 10.7795 11.0619 11.0008
lc_4.2_15.3_0.90 55446.26337962740217 i 13.5164 0.0154 4.2000 15.3905 0.9017 10.7795 11.0619 11.0008
lc_4.4_15.1_0.79 55446.26337962740217 g 14.0944 0.0151 4.4000 15.1306 0.7953 10.4450 10.7353 10.6742
lc_4.4_15.3_0.90 55446.26337962740217 g 14.7179 0.0149 4.4000 15.3905 0.9017 10.7175 11.0016 10.9390
lc_4.4_15.3_0.90 55446.26337962740217 r 13.5961 0.0012 4.4000 15.3905 0.9017 10.7175 11.0016 10.9390
lc_4.4_15.3_0.90 55446.26337962740217 i 13.5399 0.0154 4.4000 15.3905 0.9017 10.7175 11.0016 10.9390
lc_4.6_15.1_0.79 55446.26337962740217 g 14.0768 0.0151 4.6000 15.1306 0.7953 10.3858 10.6777 10.6151
lc_4.6_15.3_0.90 55446.26337962740217 g 14.6809 0.0149 4.6000 15.3905 0.9017 10.6583 10.9439 10.8798
lc_4.6_15.3_0.90 55446.26337962740217 r 13.5633 0.0012 4.6000 15.3905 0.9017 10.6583 10.9439 10.8798
lc_4.6_15.3_0.90 55446.26337962740217 i 13.5442 0.0154 4.6000 15.3905 0.9017 10.6583 10.9439 10.8798
lc_4.8_15.1_0.79 55446.26337962740217 g 14.0535 0.0151 4.8000 15.1306 0.7953 10.3290 10.6225 10.5585
lc_4.8_15.3_0.90 55446.26337962740217 g 14.6454 0.0149 4.8000 15.3905 0.9017 10.6015 10.8888 10.8232
lc_4.8_15.3_0.90 55446.26337962740217 r 13.5368 0.0011 4.8000 15.3905 0.9017 10.6015 10.8888 10.8232
lc_5.0_15.1_0.79 55446.26337962740217 g 14.0043 0.0152 5.0000 15.1306 0.7953 10.2746 10.5696 10.5042
lc_5.0_15.3_0.90 55446.26337962740217 g 14.6346 0.0149 5.0000 15.3905 0.9017 10.5471 10.8358 10.7690
lc_5.2_15.1_0.79 55446.26337962740217 g 13.9975 0.0152 5.2000 15.1306 0.7953 10.2224 10.5188 10.4521
lc_5.2_15.3_0.90 55446.26337962740217 g 14.6043 0.0149 5.2000 15.3905 0.9017 10.4949 10.7850 10.7168
lc_5.4_15.1_0.79 55446.26337962740217 g 13.9820 0.0152 5.4000 15.1306 0.7953 10.1721 10.4698 10.4019
lc_5.4_15.3_0.90 55446.26337962740217 g 14.5567 0.0150 5.4000 15.3905 0.9017 10.4446 10.7361 10.6666
lc_5.6_15.1_0.79 55446.26337962740217 g 13.9192 0.0152 5.6000 15.1306 0.7953 10.1236 10.4227 10.3535
lc_5.6_15.3_0.90 55446.26337962740217 g 14.5396 0.0150 5.6000 15.3905 0.9017 10.3961 10.6889 10.6182
lc_5.8_15.1_0.79 55446.26337962740217 g 13.9194 0.0152 5.8000 15.1306 0.7953 10.0768 10.3772 10.3068
lc_5.8_15.3_0.90 55446.26337962740217 g 14.5142 0.0150 5.8000 15.3905 0.9017 10.3493 10.6434 10.5716
lc_6.0_15.1_0.79 55446.26337962740217 g 13.8961 0.0152 6.0000 15.1306 0.7953 10.0316 10.3332 10.2617
lc_6.0_15.3_0.90 55446.26337962740217 g 14.5139 0.0150 6.0000 15.3905 0.9017 10.3042 10.5995 10.5265
lc_6.2_15.1_0.79 55446.26337962740217 g 13.8478 0.0152 6.2000 15.1306 0.7953  9.9879 10.2907 10.2181
lc_6.2_15.3_0.90 55446.26337962740217 g 14.4771 0.0150 6.2000 15.3905 0.9017 10.2605 10.5569 10.4829
lc_6.4_15.1_0.79 55446.26337962740217 g 13.8172 0.0152 6.4000 15.1306 0.7953  9.9456 10.2495 10.1759
lc_6.4_15.3_0.90 55446.26337962740217 g 14.4507 0.0150 6.4000 15.3905 0.9017 10.2181 10.5158 10.4407
lc_6.6_15.1_0.79 55446.26337962740217 g 13.8232 0.0152 6.6000 15.1306 0.7953  9.9046 10.2096 10.1350
lc_6.6_15.3_0.90 55446.26337962740217 g 14.3946 0.0150 6.6000 15.3905 0.9017 10.1771 10.4759 10.3997
lc_6.8_15.1_0.79 55446.26337962740217 g 13.8052 0.0152 6.8000 15.1306 0.7953  9.8648 10.1709 10.0953
lc_6.8_15.3_0.90 55446.26337962740217 g 14.3681 0.0150 6.8000 15.3905 0.9017 10.1373 10.4372 10.3600
lc_7.0_15.1_0.79 55446.26337962740217 g 13.8090 0.0152 7.0000 15.1306 0.7953  9.8262 10.1334 10.0567
lc_7.0_15.3_0.90 55446.26337962740217 g 14.4179 0.0150 7.0000 15.3905 0.9017 10.0987 10.3996 10.3215
lc_7.2_15.1_0.79 55446.26337962740217 g 13.7767 0.0152 7.2000 15.1306 0.7953  9.7887 10.0968 10.0193
lc_7.2_15.3_0.90 55446.26337962740217 g 14.3697 0.0150 7.2000 15.3905 0.9017 10.0612 10.3631 10.2840
lc_7.4_15.1_0.79 55446.26337962740217 g 13.7490 0.0152 7.4000 15.1306 0.7953  9.7521 10.0613  9.9828
lc_7.4_15.3_0.90 55446.26337962740217 g 14.3137 0.0150 7.4000 15.3905 0.9017 10.0247 10.3275 10.2476
lc_7.6_15.1_0.79 55446.26337962740217 g 13.7233 0.0152 7.6000 15.1306 0.7953  9.7166 10.0267  9.9474
lc_7.6_15.3_0.90 55446.26337962740217 g 14.3222 0.0150 7.6000 15.3905 0.9017  9.9891 10.2930 10.2121
lc_7.8_15.1_0.79 55446.26337962740217 g 13.7078 0.0152 7.8000 15.1306 0.7953  9.6820  9.9931  9.9128
lc_7.8_15.3_0.90 55446.26337962740217 g 14.3184 0.0150 7.8000 15.3905 0.9017  9.9545 10.2593 10.1776
lc_8.0_15.1_0.79 55446.26337962740217 g 13.7037 0.0152 8.0000 15.1306 0.7953  9.6482  9.9602  9.8791
lc_8.0_15.3_0.90 55446.26337962740217 g 14.3161 0.0150 8.0000 15.3905 0.9017  9.9207 10.2265 10.1439
lc_8.2_15.1_0.79 55446.26337962740217 g 13.6706 0.0152 8.2000 15.1306 0.7953  9.6153  9.9282  9.8463
lc_8.2_15.3_0.90 55446.26337962740217 g 14.2590 0.0151 8.2000 15.3905 0.9017  9.8878 10.1945 10.1110
lc_8.4_15.1_0.79 55446.26337962740217 g 13.6521 0.0153 8.4000 15.1306 0.7953  9.5832  9.8970  9.8143
lc_8.4_15.3_0.90 55446.26337962740217 g 14.2436 0.0151 8.4000 15.3905 0.9017  9.8557 10.1632 10.0790
lc_8.6_15.1_0.79 55446.26337962740217 g 13.6361 0.0153 8.6000 15.1306 0.7953  9.5518  9.8665  9.7830
lc_8.6_15.3_0.90 55446.26337962740217 g 14.2503 0.0151 8.6000 15.3905 0.9017  9.8244 10.1327 10.0477
lc_8.8_15.1_0.79 55446.26337962740217 g 13.5983 0.0153 8.8000 15.1306 0.7953  9.5212  9.8367  9.7524
lc_8.8_15.3_0.90 55446.26337962740217 g 14.2111 0.0151 8.8000 15.3905 0.9017  9.7937 10.1029 10.0171
lc_9.0_15.1_0.79 55446.26337962740217 g 13.5683 0.0153 9.0000 15.1306 0.7953  9.4913  9.8075  9.7225
lc_9.0_15.3_0.90 55446.26337962740217 g 14.1662 0.0151 9.0000 15.3905 0.9017  9.7638 10.0738  9.9872
lc_9.2_15.1_0.79 55446.26337962740217 g 13.5898 0.0153 9.2000 15.1306 0.7953  9.4620  9.7790  9.6933
lc_9.2_15.3_0.90 55446.26337962740217 g 14.1727 0.0151 9.2000 15.3905 0.9017  9.7345 10.0453  9.9580
lc_9.4_15.1_0.79 55446.26337962740217 g 13.5694 0.0153 9.4000 15.1306 0.7953  9.4333  9.7511  9.6647
lc_9.4_15.3_0.90 55446.26337962740217 g 14.1565 0.0151 9.4000 15.3905 0.9017  9.7058 10.0174  9.9294
