# Name Epoch Band Mag eMag period DM E(B-V) KMEAN  W1MEAN W2MEAN
0.47713.9_0.54_0 56455.47585775570042 g 13.5636 0.0153 3.0000 13.9514 0.5493 9.8904 10.0993 10.0373
0.47713.9_0.54_0 56455.46561881229718 g 13.5633 0.0153 3.0000 13.9514 0.5493 9.8904 10.0993 10.0373
0.47714.6_0.54_0 56455.47585775570042 g 14.1797 0.0151 3.0000 14.6240 0.5493 10.5806 10.8000 10.7164
0.47714.6_0.54_0 56455.46561881229718 g 14.1452 0.0151 3.0000 14.6240 0.5493 10.5806 10.8000 10.7164
0.47714.6_0.54_0 55743.36213151460106 g 13.8694 0.0152 3.0000 14.6240 0.5493 10.5806 10.8000 10.7164
0.47714.6_0.54_0 55743.35182659140264 g 13.8928 0.0152 3.0000 14.6240 0.5493 10.5806 10.8000 10.7164
0.54414.6_0.54_0 56455.47585775570042 g 14.0792 0.0151 3.5000 14.6240 0.5493 10.3584 10.5933 10.5153
0.54414.6_0.54_0 56455.46561881229718 g 14.0811 0.0151 3.5000 14.6240 0.5493 10.3584 10.5933 10.5153
0.54414.6_0.54_0 56447.46954238590115 g 13.7124 0.0152 3.5000 14.6240 0.5493 10.3584 10.5933 10.5153
0.54414.6_0.54_0 56447.45990034849819 g 13.7221 0.0152 3.5000 14.6240 0.5493 10.3584 10.5933 10.5153
0.60214.6_0.54_0 56455.47585775570042 g 13.5199 0.0153 4.0000 14.6240 0.5493 10.1746 10.4008 10.3193
0.60214.6_0.54_0 56455.46561881229718 g 13.5356 0.0153 4.0000 14.6240 0.5493 10.1746 10.4008 10.3193
0.60214.6_0.54_0 55743.35182659140264 g 13.5053 0.0153 4.0000 14.6240 0.5493 10.1746 10.4008 10.3193
0.60214.6_0.54_0 56447.46954238590115 g 13.5354 0.0153 4.0000 14.6240 0.5493 10.1746 10.4008 10.3193
0.60214.6_0.54_0 56447.45990034849819 g 13.5497 0.0153 4.0000 14.6240 0.5493 10.1746 10.4008 10.3193
0.60214.6_0.54_0 56093.44016309239669 g 13.9025 0.0152 4.0000 14.6240 0.5493 10.1746 10.4008 10.3193
0.60214.6_0.54_0 56093.45006181450299 g 13.9086 0.0152 4.0000 14.6240 0.5493 10.1746 10.4008 10.3193
0.65314.6_0.54_0 56447.46954238590115 g 13.5756 0.0153 4.5000 14.6240 0.5493 10.0095 10.2735 10.1962
0.65314.6_0.54_0 56447.45990034849819 g 13.5984 0.0153 4.5000 14.6240 0.5493 10.0095 10.2735 10.1962
0.65314.6_0.54_0 55358.43050061859685 g 13.5600 0.0153 4.5000 14.6240 0.5493 10.0095 10.2735 10.1962
0.65314.6_0.54_0 55358.41833728169877 g 13.5752 0.0153 4.5000 14.6240 0.5493 10.0095 10.2735 10.1962
0.65314.6_0.54_0 56093.44016309239669 g 13.9172 0.0152 4.5000 14.6240 0.5493 10.0095 10.2735 10.1962
0.65314.6_0.54_0 56093.45006181450299 g 13.9078 0.0152 4.5000 14.6240 0.5493 10.0095 10.2735 10.1962
0.69814.6_0.54_0 56455.47585775570042 g 13.7828 0.0152 5.0000 14.6240 0.5493 9.9018 10.1111 10.0586
0.69814.6_0.54_0 56455.46561881229718 g 13.7826 0.0152 5.0000 14.6240 0.5493 9.9018 10.1111 10.0586
0.74014.6_0.54_0 56455.47585775570042 g 13.6759 0.0152 5.5000 14.6240 0.5493 9.7675 10.0139 9.9147
0.74014.6_0.54_0 56455.46561881229718 g 13.6467 0.0153 5.5000 14.6240 0.5493 9.7675 10.0139 9.9147
0.77814.6_0.54_0 56447.45990034849819 g 13.5052 0.0153 6.0000 14.6240 0.5493 9.6465 9.8877 9.7969
0.81214.6_0.54_0 55358.43050061859685 g 13.6719 0.0152 6.5000 14.6240 0.5493 9.5243 9.7776 9.6991
0.81214.6_0.54_0 55358.41833728169877 g 13.6734 0.0152 6.5000 14.6240 0.5493 9.5243 9.7776 9.6991
0.81214.6_0.54_0 56093.45006181450299 g 13.5023 0.0153 6.5000 14.6240 0.5493 9.5243 9.7776 9.6991
0.84514.6_0.54_0 55358.41833728169877 g 13.5176 0.0153 7.0000 14.6240 0.5493 9.4391 9.6873 9.5913
0.84514.6_0.54_0 56093.44016309239669 g 13.5053 0.0153 7.0000 14.6240 0.5493 9.4391 9.6873 9.5913
0.84514.6_0.54_0 56093.45006181450299 g 13.5298 0.0153 7.0000 14.6240 0.5493 9.4391 9.6873 9.5913
0.90314.6_0.54_0 56455.47585775570042 g 13.5221 0.0153 8.0000 14.6240 0.5493 9.2620 9.5068 9.4124
0.90314.6_0.54_0 56455.46561881229718 g 13.5189 0.0153 8.0000 14.6240 0.5493 9.2620 9.5068 9.4124
0.90314.6_0.54_0 55743.36213151460106 g 13.5296 0.0153 8.0000 14.6240 0.5493 9.2620 9.5068 9.4124
0.90314.6_0.54_0 55743.35182659140264 g 13.5020 0.0153 8.0000 14.6240 0.5493 9.2620 9.5068 9.4124
0.90314.6_0.54_0 56447.46954238590115 g 13.5360 0.0153 8.0000 14.6240 0.5493 9.2620 9.5068 9.4124
0.90314.6_0.54_0 56447.45990034849819 g 13.5496 0.0153 8.0000 14.6240 0.5493 9.2620 9.5068 9.4124
1.4149.03_0.47_0 56087.41323629060207 r 13.9269 0.0013 26.0000  9.0309 0.4716 2.0864 2.3589 2.2423
1.4479.03_0.47_0 55353.53993912260194 r 19.1362 0.0328 28.0000  9.0309 0.4716 1.9643 2.2706 2.1483
1.4549.03_0.47_0 56545.26721668249957 r 14.8402 0.0021 28.5000  9.0309 0.4716 1.9507 2.2609 2.1224
1.4699.03_0.47_0 55745.36385779549892 r 15.3582 0.0027 29.5000  9.0309 0.4716 1.8955 2.2139 2.0742
1.4699.03_0.47_0 55745.37400565340067 r 17.9957 0.0144 29.5000  9.0309 0.4716 1.8955 2.2139 2.0742
1.4779.03_0.47_0 55353.53993912260194 r 19.3915 0.0397 30.0000  9.0309 0.4716 1.8762 2.2016 2.0410
1.4779.03_0.47_0 55353.52709163579857 r 17.4744 0.0101 30.0000  9.0309 0.4716 1.8762 2.2016 2.0410
1.4779.03_0.47_0 55353.52501961949747 r 18.8777 0.0271 30.0000  9.0309 0.4716 1.8762 2.2016 2.0410
