# Name Epoch Band Mag eMag period DM E(B-V) KMEAN  W1MEAN W2MEAN
lc_3.0_13.0_1.23 55363.46411597089900 g 13.7730 0.0152 3.0000 13.0586 1.2353  8.9358  9.1863  9.1318
lc_3.0_13.0_1.23 55363.45294446589833 g 13.7737 0.0152 3.0000 13.0586 1.2353  8.9358  9.1863  9.1318
lc_3.0_13.0_1.23 56482.37621455820045 g 13.7467 0.0152 3.0000 13.0586 1.2353  8.9358  9.1863  9.1318
lc_3.0_13.0_1.23 55722.51018681179994 g 14.7367 0.0149 3.0000 13.0586 1.2353  8.9358  9.1863  9.1318
lc_3.0_13.0_1.23 56479.42150584550109 g 13.7582 0.0152 3.0000 13.0586 1.2353  8.9358  9.1863  9.1318
lc_3.0_13.0_1.23 55722.52134439530346 g 14.7265 0.0149 3.0000 13.0586 1.2353  8.9358  9.1863  9.1318
lc_3.0_13.0_1.23 56482.38608647599904 g 13.7497 0.0152 3.0000 13.0586 1.2353  8.9358  9.1863  9.1318
lc_3.0_13.0_1.23 55389.42653004160093 g 14.7024 0.0149 3.0000 13.0586 1.2353  8.9358  9.1863  9.1318
lc_3.0_13.0_1.23 55007.47962270859716 g 14.4478 0.0150 3.0000 13.0586 1.2353  8.9358  9.1863  9.1318
lc_3.0_13.0_1.23 55007.48767702649639 g 14.4316 0.0150 3.0000 13.0586 1.2353  8.9358  9.1863  9.1318
lc_3.0_13.0_1.23 55389.41457611839724 g 14.7578 0.0149 3.0000 13.0586 1.2353  8.9358  9.1863  9.1318
lc_3.0_13.0_1.23 56150.34261709650309 g 14.3529 0.0150 3.0000 13.0586 1.2353  8.9358  9.1863  9.1318
lc_3.0_13.0_1.23 56150.33056826749817 g 14.3638 0.0150 3.0000 13.0586 1.2353  8.9358  9.1863  9.1318
lc_3.0_13.7_1.43 55363.46411597089900 g 15.0310 0.0148 3.0000 13.7058 1.4370  9.6069  9.8455  9.7882
lc_3.0_13.7_1.43 55363.45294446589833 g 15.0677 0.0148 3.0000 13.7058 1.4370  9.6069  9.8455  9.7882
lc_3.0_13.7_1.43 56482.37621455820045 g 15.0588 0.0148 3.0000 13.7058 1.4370  9.6069  9.8455  9.7882
lc_3.0_13.7_1.43 55722.51018681179994 g 15.9969 0.0152 3.0000 13.7058 1.4370  9.6069  9.8455  9.7882
lc_3.0_13.7_1.43 56479.42150584550109 g 15.0733 0.0148 3.0000 13.7058 1.4370  9.6069  9.8455  9.7882
lc_3.0_13.7_1.43 55722.52134439530346 g 16.0170 0.0153 3.0000 13.7058 1.4370  9.6069  9.8455  9.7882
lc_3.0_13.7_1.43 56482.38608647599904 g 15.0299 0.0148 3.0000 13.7058 1.4370  9.6069  9.8455  9.7882
lc_3.0_13.7_1.43 55389.42653004160093 g 16.0005 0.0152 3.0000 13.7058 1.4370  9.6069  9.8455  9.7882
lc_3.0_13.7_1.43 55007.47962270859716 g 15.7266 0.0150 3.0000 13.7058 1.4370  9.6069  9.8455  9.7882
lc_3.0_13.7_1.43 55007.48767702649639 g 15.7264 0.0150 3.0000 13.7058 1.4370  9.6069  9.8455  9.7882
lc_3.0_13.7_1.43 55389.41457611839724 g 16.0101 0.0153 3.0000 13.7058 1.4370  9.6069  9.8455  9.7882
lc_3.0_13.7_1.43 56150.34261709650309 g 15.6600 0.0150 3.0000 13.7058 1.4370  9.6069  9.8455  9.7882
lc_3.0_13.7_1.43 56150.33056826749817 g 15.6253 0.0150 3.0000 13.7058 1.4370  9.6069  9.8455  9.7882
lc_3.0_13.7_1.43 56482.39633779309952 r 13.5265 0.0011 3.0000 13.7058 1.4370  9.6069  9.8455  9.7882
lc_3.0_13.7_1.43 55010.42382133899810 r 13.9741 0.0014 3.0000 13.7058 1.4370  9.6069  9.8455  9.7882
lc_3.0_13.7_1.43 56532.29670829010138 r 14.2168 0.0015 3.0000 13.7058 1.4370  9.6069  9.8455  9.7882
lc_3.0_13.7_1.43 55708.52828302700073 r 13.5713 0.0012 3.0000 13.7058 1.4370  9.6069  9.8455  9.7882
lc_3.0_13.7_1.43 55708.51780124379729 r 13.5684 0.0012 3.0000 13.7058 1.4370  9.6069  9.8455  9.7882
lc_3.0_13.7_1.43 56174.27427238920063 r 13.9100 0.0013 3.0000 13.7058 1.4370  9.6069  9.8455  9.7882
lc_3.0_13.7_1.43 56532.28682407829911 r 14.2151 0.0015 3.0000 13.7058 1.4370  9.6069  9.8455  9.7882
lc_3.0_13.7_1.43 55010.41471913259738 r 13.9696 0.0014 3.0000 13.7058 1.4370  9.6069  9.8455  9.7882
lc_3.0_13.7_1.43 56488.42388194380328 r 13.5294 0.0011 3.0000 13.7058 1.4370  9.6069  9.8455  9.7882
lc_3.0_13.7_1.43 56482.40605476139899 r 13.5274 0.0011 3.0000 13.7058 1.4370  9.6069  9.8455  9.7882
lc_3.0_13.7_1.43 56174.28405487620330 r 13.9163 0.0013 3.0000 13.7058 1.4370  9.6069  9.8455  9.7882
lc_3.0_13.7_1.43 56142.37957795419788 i 13.6378 0.0153 3.0000 13.7058 1.4370  9.6069  9.8455  9.7882
lc_3.0_13.7_1.43 55722.44149544420361 i 13.5970 0.0153 3.0000 13.7058 1.4370  9.6069  9.8455  9.7882
lc_3.0_13.7_1.43 55722.42978217129712 i 13.5838 0.0153 3.0000 13.7058 1.4370  9.6069  9.8455  9.7882
lc_3.5_13.0_1.23 55363.46411597089900 g 14.5614 0.0150 3.5000 13.0586 1.2353  8.7303  8.9864  8.9268
lc_3.5_13.0_1.23 55363.45294446589833 g 14.5388 0.0150 3.5000 13.0586 1.2353  8.7303  8.9864  8.9268
lc_3.5_13.0_1.23 56482.37621455820045 g 14.1735 0.0151 3.5000 13.0586 1.2353  8.7303  8.9864  8.9268
lc_3.5_13.0_1.23 55722.51018681179994 g 13.9945 0.0152 3.5000 13.0586 1.2353  8.7303  8.9864  8.9268
lc_3.5_13.0_1.23 56479.42150584550109 g 14.3928 0.0150 3.5000 13.0586 1.2353  8.7303  8.9864  8.9268
lc_3.5_13.0_1.23 55722.52134439530346 g 13.9668 0.0152 3.5000 13.0586 1.2353  8.7303  8.9864  8.9268
lc_3.5_13.0_1.23 56482.38608647599904 g 14.1816 0.0151 3.5000 13.0586 1.2353  8.7303  8.9864  8.9268
lc_3.5_13.0_1.23 55389.42653004160093 g 13.6481 0.0153 3.5000 13.0586 1.2353  8.7303  8.9864  8.9268
lc_3.5_13.0_1.23 55007.47962270859716 g 14.0455 0.0152 3.5000 13.0586 1.2353  8.7303  8.9864  8.9268
lc_3.5_13.0_1.23 55007.48767702649639 g 14.0140 0.0152 3.5000 13.0586 1.2353  8.7303  8.9864  8.9268
lc_3.5_13.0_1.23 55389.41457611839724 g 13.6664 0.0152 3.5000 13.0586 1.2353  8.7303  8.9864  8.9268
lc_3.5_13.0_1.23 56150.34261709650309 g 14.3815 0.0150 3.5000 13.0586 1.2353  8.7303  8.9864  8.9268
lc_3.5_13.0_1.23 56150.33056826749817 g 14.3719 0.0150 3.5000 13.0586 1.2353  8.7303  8.9864  8.9268
lc_3.5_13.7_1.43 55363.46411597089900 g 15.8495 0.0151 3.5000 13.7058 1.4370  9.4015  9.6457  9.5832
lc_3.5_13.7_1.43 55363.45294446589833 g 15.8294 0.0151 3.5000 13.7058 1.4370  9.4015  9.6457  9.5832
lc_3.5_13.7_1.43 56482.37621455820045 g 15.4723 0.0149 3.5000 13.7058 1.4370  9.4015  9.6457  9.5832
lc_3.5_13.7_1.43 55722.51018681179994 g 15.2694 0.0148 3.5000 13.7058 1.4370  9.4015  9.6457  9.5832
lc_3.5_13.7_1.43 56479.42150584550109 g 15.6922 0.0150 3.5000 13.7058 1.4370  9.4015  9.6457  9.5832
lc_3.5_13.7_1.43 55722.52134439530346 g 15.2672 0.0148 3.5000 13.7058 1.4370  9.4015  9.6457  9.5832
lc_3.5_13.7_1.43 56482.38608647599904 g 15.4627 0.0149 3.5000 13.7058 1.4370  9.4015  9.6457  9.5832
lc_3.5_13.7_1.43 55389.42653004160093 g 14.9305 0.0149 3.5000 13.7058 1.4370  9.4015  9.6457  9.5832
lc_3.5_13.7_1.43 55007.47962270859716 g 15.3314 0.0149 3.5000 13.7058 1.4370  9.4015  9.6457  9.5832
lc_3.5_13.7_1.43 55007.48767702649639 g 15.3113 0.0149 3.5000 13.7058 1.4370  9.4015  9.6457  9.5832
lc_3.5_13.7_1.43 55389.41457611839724 g 14.9276 0.0149 3.5000 13.7058 1.4370  9.4015  9.6457  9.5832
lc_3.5_13.7_1.43 56150.34261709650309 g 15.6571 0.0150 3.5000 13.7058 1.4370  9.4015  9.6457  9.5832
lc_3.5_13.7_1.43 56150.33056826749817 g 15.6852 0.0150 3.5000 13.7058 1.4370  9.4015  9.6457  9.5832
lc_3.5_13.7_1.43 56482.39633779309952 r 13.7449 0.0012 3.5000 13.7058 1.4370  9.4015  9.6457  9.5832
lc_3.5_13.7_1.43 55010.42382133899810 r 14.0868 0.0014 3.5000 13.7058 1.4370  9.4015  9.6457  9.5832
lc_3.5_13.7_1.43 56532.29670829010138 r 13.9978 0.0014 3.5000 13.7058 1.4370  9.4015  9.6457  9.5832
lc_3.5_13.7_1.43 55708.52828302700073 r 13.6125 0.0012 3.5000 13.7058 1.4370  9.4015  9.6457  9.5832
lc_3.5_13.7_1.43 55708.51780124379729 r 13.6051 0.0012 3.5000 13.7058 1.4370  9.4015  9.6457  9.5832
lc_3.5_13.7_1.43 56174.27427238920063 r 13.7028 0.0012 3.5000 13.7058 1.4370  9.4015  9.6457  9.5832
lc_3.5_13.7_1.43 56532.28682407829911 r 13.9963 0.0014 3.5000 13.7058 1.4370  9.4015  9.6457  9.5832
lc_3.5_13.7_1.43 55010.41471913259738 r 14.0841 0.0014 3.5000 13.7058 1.4370  9.4015  9.6457  9.5832
lc_3.5_13.7_1.43 56482.40605476139899 r 13.7479 0.0012 3.5000 13.7058 1.4370  9.4015  9.6457  9.5832
lc_3.5_13.7_1.43 56174.28405487620330 r 13.7052 0.0012 3.5000 13.7058 1.4370  9.4015  9.6457  9.5832
lc_4.0_13.0_1.23 55363.46411597089900 g 14.4245 0.0150 4.0000 13.0586 1.2353  8.5524  8.8133  8.7492
lc_4.0_13.0_1.23 55363.45294446589833 g 14.4375 0.0150 4.0000 13.0586 1.2353  8.5524  8.8133  8.7492
lc_4.0_13.0_1.23 56482.37621455820045 g 14.3707 0.0150 4.0000 13.0586 1.2353  8.5524  8.8133  8.7492
lc_4.0_13.0_1.23 55722.51018681179994 g 14.4055 0.0150 4.0000 13.0586 1.2353  8.5524  8.8133  8.7492
lc_4.0_13.0_1.23 56479.42150584550109 g 14.4557 0.0150 4.0000 13.0586 1.2353  8.5524  8.8133  8.7492
lc_4.0_13.0_1.23 55722.52134439530346 g 14.3958 0.0150 4.0000 13.0586 1.2353  8.5524  8.8133  8.7492
lc_4.0_13.0_1.23 56482.38608647599904 g 14.3928 0.0150 4.0000 13.0586 1.2353  8.5524  8.8133  8.7492
lc_4.0_13.0_1.23 55389.42653004160093 g 14.0473 0.0152 4.0000 13.0586 1.2353  8.5524  8.8133  8.7492
lc_4.0_13.0_1.23 55007.47962270859716 g 14.4087 0.0150 4.0000 13.0586 1.2353  8.5524  8.8133  8.7492
lc_4.0_13.0_1.23 55007.48767702649639 g 14.4311 0.0150 4.0000 13.0586 1.2353  8.5524  8.8133  8.7492
lc_4.0_13.0_1.23 55389.41457611839724 g 14.0396 0.0152 4.0000 13.0586 1.2353  8.5524  8.8133  8.7492
lc_4.0_13.0_1.23 56150.34261709650309 g 14.3795 0.0150 4.0000 13.0586 1.2353  8.5524  8.8133  8.7492
lc_4.0_13.0_1.23 56150.33056826749817 g 14.3576 0.0150 4.0000 13.0586 1.2353  8.5524  8.8133  8.7492
lc_4.0_13.7_1.43 55363.46411597089900 g 15.7286 0.0150 4.0000 13.7058 1.4370  9.2235  9.4726  9.4056
lc_4.0_13.7_1.43 55363.45294446589833 g 15.7325 0.0150 4.0000 13.7058 1.4370  9.2235  9.4726  9.4056
lc_4.0_13.7_1.43 56482.37621455820045 g 15.6713 0.0150 4.0000 13.7058 1.4370  9.2235  9.4726  9.4056
lc_4.0_13.7_1.43 55722.51018681179994 g 15.7100 0.0150 4.0000 13.7058 1.4370  9.2235  9.4726  9.4056
lc_4.0_13.7_1.43 56479.42150584550109 g 15.7448 0.0150 4.0000 13.7058 1.4370  9.2235  9.4726  9.4056
lc_4.0_13.7_1.43 55722.52134439530346 g 15.6440 0.0150 4.0000 13.7058 1.4370  9.2235  9.4726  9.4056
lc_4.0_13.7_1.43 56482.38608647599904 g 15.6766 0.0150 4.0000 13.7058 1.4370  9.2235  9.4726  9.4056
lc_4.0_13.7_1.43 55389.42653004160093 g 15.3087 0.0149 4.0000 13.7058 1.4370  9.2235  9.4726  9.4056
lc_4.0_13.7_1.43 55007.47962270859716 g 15.6985 0.0150 4.0000 13.7058 1.4370  9.2235  9.4726  9.4056
lc_4.0_13.7_1.43 55007.48767702649639 g 15.6944 0.0150 4.0000 13.7058 1.4370  9.2235  9.4726  9.4056
lc_4.0_13.7_1.43 55389.41457611839724 g 15.3141 0.0149 4.0000 13.7058 1.4370  9.2235  9.4726  9.4056
lc_4.0_13.7_1.43 56150.34261709650309 g 15.6490 0.0150 4.0000 13.7058 1.4370  9.2235  9.4726  9.4056
lc_4.0_13.7_1.43 56150.33056826749817 g 15.6409 0.0150 4.0000 13.7058 1.4370  9.2235  9.4726  9.4056
lc_4.0_13.7_1.43 56482.39633779309952 r 13.8303 0.0013 4.0000 13.7058 1.4370  9.2235  9.4726  9.4056
lc_4.0_13.7_1.43 55010.42382133899810 r 13.8360 0.0013 4.0000 13.7058 1.4370  9.2235  9.4726  9.4056
lc_4.0_13.7_1.43 56174.27427238920063 r 13.8037 0.0013 4.0000 13.7058 1.4370  9.2235  9.4726  9.4056
lc_4.0_13.7_1.43 55010.41471913259738 r 13.8344 0.0013 4.0000 13.7058 1.4370  9.2235  9.4726  9.4056
lc_4.0_13.7_1.43 56482.40605476139899 r 13.8312 0.0013 4.0000 13.7058 1.4370  9.2235  9.4726  9.4056
lc_4.0_13.7_1.43 56174.28405487620330 r 13.8071 0.0013 4.0000 13.7058 1.4370  9.2235  9.4726  9.4056
lc_4.5_13.0_1.23 56482.37621455820045 g 14.3711 0.0150 4.5000 13.0586 1.2353  8.3954  8.6606  8.5926
lc_4.5_13.0_1.23 55722.51018681179994 g 14.2444 0.0151 4.5000 13.0586 1.2353  8.3954  8.6606  8.5926
lc_4.5_13.0_1.23 55722.52134439530346 g 14.2239 0.0151 4.5000 13.0586 1.2353  8.3954  8.6606  8.5926
lc_4.5_13.0_1.23 56482.38608647599904 g 14.3776 0.0150 4.5000 13.0586 1.2353  8.3954  8.6606  8.5926
lc_4.5_13.0_1.23 55389.42653004160093 g 14.3058 0.0151 4.5000 13.0586 1.2353  8.3954  8.6606  8.5926
lc_4.5_13.0_1.23 55007.47962270859716 g 13.6974 0.0152 4.5000 13.0586 1.2353  8.3954  8.6606  8.5926
lc_4.5_13.0_1.23 55007.48767702649639 g 13.6521 0.0153 4.5000 13.0586 1.2353  8.3954  8.6606  8.5926
lc_4.5_13.0_1.23 55389.41457611839724 g 14.3095 0.0151 4.5000 13.0586 1.2353  8.3954  8.6606  8.5926
lc_4.5_13.0_1.23 56150.34261709650309 g 13.8623 0.0152 4.5000 13.0586 1.2353  8.3954  8.6606  8.5926
lc_4.5_13.0_1.23 56150.33056826749817 g 13.8833 0.0152 4.5000 13.0586 1.2353  8.3954  8.6606  8.5926
lc_4.5_13.7_1.43 55363.46411597089900 g 14.7181 0.0149 4.5000 13.7058 1.4370  9.0665  9.3198  9.2490
lc_4.5_13.7_1.43 55363.45294446589833 g 14.6830 0.0149 4.5000 13.7058 1.4370  9.0665  9.3198  9.2490
lc_4.5_13.7_1.43 56482.37621455820045 g 15.6856 0.0150 4.5000 13.7058 1.4370  9.0665  9.3198  9.2490
lc_4.5_13.7_1.43 55722.51018681179994 g 15.5346 0.0149 4.5000 13.7058 1.4370  9.0665  9.3198  9.2490
lc_4.5_13.7_1.43 56479.42150584550109 g 14.7153 0.0149 4.5000 13.7058 1.4370  9.0665  9.3198  9.2490
lc_4.5_13.7_1.43 55722.52134439530346 g 15.4862 0.0149 4.5000 13.7058 1.4370  9.0665  9.3198  9.2490
lc_4.5_13.7_1.43 56482.38608647599904 g 15.6586 0.0150 4.5000 13.7058 1.4370  9.0665  9.3198  9.2490
lc_4.5_13.7_1.43 55389.42653004160093 g 15.5739 0.0149 4.5000 13.7058 1.4370  9.0665  9.3198  9.2490
lc_4.5_13.7_1.43 55007.47962270859716 g 14.9924 0.0148 4.5000 13.7058 1.4370  9.0665  9.3198  9.2490
lc_4.5_13.7_1.43 55007.48767702649639 g 14.9463 0.0149 4.5000 13.7058 1.4370  9.0665  9.3198  9.2490
lc_4.5_13.7_1.43 55389.41457611839724 g 15.5977 0.0149 4.5000 13.7058 1.4370  9.0665  9.3198  9.2490
lc_4.5_13.7_1.43 56150.34261709650309 g 15.1565 0.0148 4.5000 13.7058 1.4370  9.0665  9.3198  9.2490
lc_4.5_13.7_1.43 56150.33056826749817 g 15.2007 0.0148 4.5000 13.7058 1.4370  9.0665  9.3198  9.2490
lc_4.5_13.7_1.43 56482.39633779309952 r 13.8230 0.0013 4.5000 13.7058 1.4370  9.0665  9.3198  9.2490
lc_4.5_13.7_1.43 55010.42382133899810 r 13.7592 0.0013 4.5000 13.7058 1.4370  9.0665  9.3198  9.2490
lc_4.5_13.7_1.43 56532.29670829010138 r 13.8216 0.0013 4.5000 13.7058 1.4370  9.0665  9.3198  9.2490
lc_4.5_13.7_1.43 55708.52828302700073 r 13.8292 0.0013 4.5000 13.7058 1.4370  9.0665  9.3198  9.2490
lc_4.5_13.7_1.43 55708.51780124379729 r 13.8311 0.0013 4.5000 13.7058 1.4370  9.0665  9.3198  9.2490
lc_4.5_13.7_1.43 56532.28682407829911 r 13.8209 0.0013 4.5000 13.7058 1.4370  9.0665  9.3198  9.2490
lc_4.5_13.7_1.43 55010.41471913259738 r 13.7550 0.0013 4.5000 13.7058 1.4370  9.0665  9.3198  9.2490
lc_4.5_13.7_1.43 56482.40605476139899 r 13.8216 0.0013 4.5000 13.7058 1.4370  9.0665  9.3198  9.2490
lc_5.0_13.0_1.23 56482.37621455820045 g 14.1933 0.0151 5.0000 13.0586 1.2353  8.2550  8.5240  8.4524
lc_5.0_13.0_1.23 55722.51018681179994 g 14.0761 0.0151 5.0000 13.0586 1.2353  8.2550  8.5240  8.4524
lc_5.0_13.0_1.23 56479.42150584550109 g 13.7341 0.0152 5.0000 13.0586 1.2353  8.2550  8.5240  8.4524
lc_5.0_13.0_1.23 55722.52134439530346 g 14.0568 0.0151 5.0000 13.0586 1.2353  8.2550  8.5240  8.4524
lc_5.0_13.0_1.23 56482.38608647599904 g 14.1763 0.0151 5.0000 13.0586 1.2353  8.2550  8.5240  8.4524
lc_5.0_13.0_1.23 55389.42653004160093 g 13.7589 0.0152 5.0000 13.0586 1.2353  8.2550  8.5240  8.4524
lc_5.0_13.0_1.23 55007.47962270859716 g 14.0975 0.0151 5.0000 13.0586 1.2353  8.2550  8.5240  8.4524
lc_5.0_13.0_1.23 55007.48767702649639 g 14.0991 0.0151 5.0000 13.0586 1.2353  8.2550  8.5240  8.4524
lc_5.0_13.0_1.23 55389.41457611839724 g 13.7436 0.0152 5.0000 13.0586 1.2353  8.2550  8.5240  8.4524
lc_5.0_13.0_1.23 56150.34261709650309 g 14.0397 0.0152 5.0000 13.0586 1.2353  8.2550  8.5240  8.4524
lc_5.0_13.0_1.23 56150.33056826749817 g 14.0504 0.0151 5.0000 13.0586 1.2353  8.2550  8.5240  8.4524
lc_5.0_13.7_1.43 55363.46411597089900 g 14.6271 0.0149 5.0000 13.7058 1.4370  8.9261  9.1832  9.1089
lc_5.0_13.7_1.43 55363.45294446589833 g 14.6394 0.0149 5.0000 13.7058 1.4370  8.9261  9.1832  9.1089
lc_5.0_13.7_1.43 56482.37621455820045 g 15.4629 0.0149 5.0000 13.7058 1.4370  8.9261  9.1832  9.1089
lc_5.0_13.7_1.43 55722.51018681179994 g 15.3588 0.0149 5.0000 13.7058 1.4370  8.9261  9.1832  9.1089
lc_5.0_13.7_1.43 56479.42150584550109 g 15.0263 0.0148 5.0000 13.7058 1.4370  8.9261  9.1832  9.1089
lc_5.0_13.7_1.43 55722.52134439530346 g 15.3497 0.0149 5.0000 13.7058 1.4370  8.9261  9.1832  9.1089
lc_5.0_13.7_1.43 56482.38608647599904 g 15.4821 0.0149 5.0000 13.7058 1.4370  8.9261  9.1832  9.1089
lc_5.0_13.7_1.43 55389.42653004160093 g 15.0314 0.0148 5.0000 13.7058 1.4370  8.9261  9.1832  9.1089
lc_5.0_13.7_1.43 55007.47962270859716 g 15.3937 0.0149 5.0000 13.7058 1.4370  8.9261  9.1832  9.1089
lc_5.0_13.7_1.43 55007.48767702649639 g 15.4237 0.0149 5.0000 13.7058 1.4370  8.9261  9.1832  9.1089
lc_5.0_13.7_1.43 55389.41457611839724 g 15.0472 0.0148 5.0000 13.7058 1.4370  8.9261  9.1832  9.1089
lc_5.0_13.7_1.43 56150.34261709650309 g 15.3248 0.0149 5.0000 13.7058 1.4370  8.9261  9.1832  9.1089
lc_5.0_13.7_1.43 56150.33056826749817 g 15.3400 0.0149 5.0000 13.7058 1.4370  8.9261  9.1832  9.1089
lc_5.0_13.7_1.43 56482.39633779309952 r 13.6489 0.0012 5.0000 13.7058 1.4370  8.9261  9.1832  9.1089
lc_5.0_13.7_1.43 55010.42382133899810 r 13.5178 0.0011 5.0000 13.7058 1.4370  8.9261  9.1832  9.1089
lc_5.0_13.7_1.43 56532.29670829010138 r 13.6865 0.0012 5.0000 13.7058 1.4370  8.9261  9.1832  9.1089
lc_5.0_13.7_1.43 56532.28682407829911 r 13.6899 0.0012 5.0000 13.7058 1.4370  8.9261  9.1832  9.1089
lc_5.0_13.7_1.43 55010.41471913259738 r 13.5185 0.0011 5.0000 13.7058 1.4370  8.9261  9.1832  9.1089
lc_5.0_13.7_1.43 56482.40605476139899 r 13.6428 0.0012 5.0000 13.7058 1.4370  8.9261  9.1832  9.1089
lc_5.5_13.0_1.23 55363.46411597089900 g 14.0460 0.0152 5.5000 13.0586 1.2353  8.1280  8.4004  8.3257
lc_5.5_13.0_1.23 55363.45294446589833 g 14.0255 0.0152 5.5000 13.0586 1.2353  8.1280  8.4004  8.3257
lc_5.5_13.0_1.23 56482.37621455820045 g 13.5644 0.0153 5.5000 13.0586 1.2353  8.1280  8.4004  8.3257
lc_5.5_13.0_1.23 55722.51018681179994 g 14.2244 0.0151 5.5000 13.0586 1.2353  8.1280  8.4004  8.3257
lc_5.5_13.0_1.23 56479.42150584550109 g 13.8772 0.0152 5.5000 13.0586 1.2353  8.1280  8.4004  8.3257
lc_5.5_13.0_1.23 55722.52134439530346 g 14.2337 0.0151 5.5000 13.0586 1.2353  8.1280  8.4004  8.3257
lc_5.5_13.0_1.23 56482.38608647599904 g 13.5603 0.0153 5.5000 13.0586 1.2353  8.1280  8.4004  8.3257
lc_5.5_13.0_1.23 55389.42653004160093 g 13.6142 0.0153 5.5000 13.0586 1.2353  8.1280  8.4004  8.3257
lc_5.5_13.0_1.23 55007.47962270859716 g 14.2382 0.0151 5.5000 13.0586 1.2353  8.1280  8.4004  8.3257
lc_5.5_13.0_1.23 55007.48767702649639 g 14.2630 0.0151 5.5000 13.0586 1.2353  8.1280  8.4004  8.3257
lc_5.5_13.0_1.23 55389.41457611839724 g 13.6562 0.0152 5.5000 13.0586 1.2353  8.1280  8.4004  8.3257
lc_5.5_13.0_1.23 56150.34261709650309 g 14.1213 0.0151 5.5000 13.0586 1.2353  8.1280  8.4004  8.3257
lc_5.5_13.0_1.23 56150.33056826749817 g 14.1226 0.0151 5.5000 13.0586 1.2353  8.1280  8.4004  8.3257
lc_5.5_13.7_1.43 55363.46411597089900 g 15.3377 0.0149 5.5000 13.7058 1.4370  8.7991  9.0597  8.9821
lc_5.5_13.7_1.43 55363.45294446589833 g 15.3304 0.0149 5.5000 13.7058 1.4370  8.7991  9.0597  8.9821
lc_5.5_13.7_1.43 56482.37621455820045 g 14.8378 0.0149 5.5000 13.7058 1.4370  8.7991  9.0597  8.9821
lc_5.5_13.7_1.43 55722.51018681179994 g 15.5025 0.0149 5.5000 13.7058 1.4370  8.7991  9.0597  8.9821
lc_5.5_13.7_1.43 56479.42150584550109 g 15.1708 0.0148 5.5000 13.7058 1.4370  8.7991  9.0597  8.9821
lc_5.5_13.7_1.43 55722.52134439530346 g 15.5281 0.0149 5.5000 13.7058 1.4370  8.7991  9.0597  8.9821
lc_5.5_13.7_1.43 56482.38608647599904 g 14.8481 0.0149 5.5000 13.7058 1.4370  8.7991  9.0597  8.9821
lc_5.5_13.7_1.43 55389.42653004160093 g 14.9171 0.0149 5.5000 13.7058 1.4370  8.7991  9.0597  8.9821
lc_5.5_13.7_1.43 55007.47962270859716 g 15.5281 0.0149 5.5000 13.7058 1.4370  8.7991  9.0597  8.9821
lc_5.5_13.7_1.43 55007.48767702649639 g 15.5393 0.0149 5.5000 13.7058 1.4370  8.7991  9.0597  8.9821
lc_5.5_13.7_1.43 55389.41457611839724 g 14.9308 0.0149 5.5000 13.7058 1.4370  8.7991  9.0597  8.9821
lc_5.5_13.7_1.43 56150.34261709650309 g 15.4331 0.0149 5.5000 13.7058 1.4370  8.7991  9.0597  8.9821
lc_5.5_13.7_1.43 56150.33056826749817 g 15.4377 0.0149 5.5000 13.7058 1.4370  8.7991  9.0597  8.9821
lc_6.0_13.0_1.23 55363.46411597089900 g 14.0292 0.0152 6.0000 13.0586 1.2353  8.0120  8.2876  8.2100
lc_6.0_13.0_1.23 55363.45294446589833 g 14.0217 0.0152 6.0000 13.0586 1.2353  8.0120  8.2876  8.2100
lc_6.0_13.0_1.23 55722.51018681179994 g 13.8222 0.0152 6.0000 13.0586 1.2353  8.0120  8.2876  8.2100
lc_6.0_13.0_1.23 56479.42150584550109 g 14.0310 0.0152 6.0000 13.0586 1.2353  8.0120  8.2876  8.2100
lc_6.0_13.0_1.23 55722.52134439530346 g 13.8190 0.0152 6.0000 13.0586 1.2353  8.0120  8.2876  8.2100
lc_6.0_13.0_1.23 55389.42653004160093 g 13.8424 0.0152 6.0000 13.0586 1.2353  8.0120  8.2876  8.2100
lc_6.0_13.0_1.23 55007.47962270859716 g 13.5445 0.0153 6.0000 13.0586 1.2353  8.0120  8.2876  8.2100
lc_6.0_13.0_1.23 55007.48767702649639 g 13.5635 0.0153 6.0000 13.0586 1.2353  8.0120  8.2876  8.2100
lc_6.0_13.0_1.23 55389.41457611839724 g 13.8255 0.0152 6.0000 13.0586 1.2353  8.0120  8.2876  8.2100
lc_6.0_13.0_1.23 56150.34261709650309 g 14.1875 0.0151 6.0000 13.0586 1.2353  8.0120  8.2876  8.2100
lc_6.0_13.0_1.23 56150.33056826749817 g 14.1925 0.0151 6.0000 13.0586 1.2353  8.0120  8.2876  8.2100
lc_6.0_13.7_1.43 55363.46411597089900 g 15.3000 0.0149 6.0000 13.7058 1.4370  8.6831  8.9469  8.8664
lc_6.0_13.7_1.43 55363.45294446589833 g 15.3423 0.0149 6.0000 13.7058 1.4370  8.6831  8.9469  8.8664
lc_6.0_13.7_1.43 56482.37621455820045 g 14.4982 0.0150 6.0000 13.7058 1.4370  8.6831  8.9469  8.8664
lc_6.0_13.7_1.43 55722.51018681179994 g 15.1083 0.0148 6.0000 13.7058 1.4370  8.6831  8.9469  8.8664
lc_6.0_13.7_1.43 56479.42150584550109 g 15.3073 0.0149 6.0000 13.7058 1.4370  8.6831  8.9469  8.8664
lc_6.0_13.7_1.43 55722.52134439530346 g 15.0785 0.0148 6.0000 13.7058 1.4370  8.6831  8.9469  8.8664
lc_6.0_13.7_1.43 56482.38608647599904 g 14.5355 0.0150 6.0000 13.7058 1.4370  8.6831  8.9469  8.8664
lc_6.0_13.7_1.43 55389.42653004160093 g 15.1141 0.0148 6.0000 13.7058 1.4370  8.6831  8.9469  8.8664
lc_6.0_13.7_1.43 55007.47962270859716 g 14.8623 0.0149 6.0000 13.7058 1.4370  8.6831  8.9469  8.8664
lc_6.0_13.7_1.43 55007.48767702649639 g 14.8561 0.0149 6.0000 13.7058 1.4370  8.6831  8.9469  8.8664
lc_6.0_13.7_1.43 55389.41457611839724 g 15.1215 0.0148 6.0000 13.7058 1.4370  8.6831  8.9469  8.8664
lc_6.0_13.7_1.43 56150.34261709650309 g 15.4813 0.0149 6.0000 13.7058 1.4370  8.6831  8.9469  8.8664
lc_6.0_13.7_1.43 56150.33056826749817 g 15.4860 0.0149 6.0000 13.7058 1.4370  8.6831  8.9469  8.8664
lc_6.0_13.7_1.43 55010.42382133899810 r 13.5581 0.0012 6.0000 13.7058 1.4370  8.6831  8.9469  8.8664
lc_6.0_13.7_1.43 56174.27427238920063 r 13.5426 0.0011 6.0000 13.7058 1.4370  8.6831  8.9469  8.8664
lc_6.0_13.7_1.43 55010.41471913259738 r 13.5587 0.0012 6.0000 13.7058 1.4370  8.6831  8.9469  8.8664
lc_6.0_13.7_1.43 56174.28405487620330 r 13.5473 0.0012 6.0000 13.7058 1.4370  8.6831  8.9469  8.8664
lc_6.5_13.0_1.23 56479.42150584550109 g 14.1021 0.0151 6.5000 13.0586 1.2353  7.9053  8.1838  8.1035
lc_6.5_13.7_1.43 55363.46411597089900 g 14.5663 0.0150 6.5000 13.7058 1.4370  8.5765  8.8431  8.7599
lc_6.5_13.7_1.43 55363.45294446589833 g 14.5753 0.0150 6.5000 13.7058 1.4370  8.5765  8.8431  8.7599
lc_6.5_13.7_1.43 56482.37621455820045 g 14.5817 0.0149 6.5000 13.7058 1.4370  8.5765  8.8431  8.7599
lc_6.5_13.7_1.43 55722.51018681179994 g 14.7705 0.0149 6.5000 13.7058 1.4370  8.5765  8.8431  8.7599
lc_6.5_13.7_1.43 56479.42150584550109 g 15.3852 0.0149 6.5000 13.7058 1.4370  8.5765  8.8431  8.7599
lc_6.5_13.7_1.43 55722.52134439530346 g 14.7539 0.0149 6.5000 13.7058 1.4370  8.5765  8.8431  8.7599
lc_6.5_13.7_1.43 56482.38608647599904 g 14.5596 0.0150 6.5000 13.7058 1.4370  8.5765  8.8431  8.7599
lc_6.5_13.7_1.43 55389.42653004160093 g 14.5700 0.0150 6.5000 13.7058 1.4370  8.5765  8.8431  8.7599
lc_6.5_13.7_1.43 55007.47962270859716 g 14.7396 0.0149 6.5000 13.7058 1.4370  8.5765  8.8431  8.7599
lc_6.5_13.7_1.43 55007.48767702649639 g 14.7534 0.0149 6.5000 13.7058 1.4370  8.5765  8.8431  8.7599
lc_6.5_13.7_1.43 55389.41457611839724 g 14.6230 0.0149 6.5000 13.7058 1.4370  8.5765  8.8431  8.7599
lc_6.5_13.7_1.43 56150.34261709650309 g 14.4338 0.0150 6.5000 13.7058 1.4370  8.5765  8.8431  8.7599
lc_6.5_13.7_1.43 56150.33056826749817 g 14.4518 0.0150 6.5000 13.7058 1.4370  8.5765  8.8431  8.7599
lc_7.0_13.0_1.23 55363.46411597089900 g 13.6176 0.0153 7.0000 13.0586 1.2353  7.8066  8.0878  8.0050
lc_7.0_13.0_1.23 55363.45294446589833 g 13.6300 0.0153 7.0000 13.0586 1.2353  7.8066  8.0878  8.0050
lc_7.0_13.0_1.23 55722.51018681179994 g 14.0217 0.0152 7.0000 13.0586 1.2353  7.8066  8.0878  8.0050
lc_7.0_13.0_1.23 56479.42150584550109 g 14.0957 0.0151 7.0000 13.0586 1.2353  7.8066  8.0878  8.0050
lc_7.0_13.0_1.23 55722.52134439530346 g 13.9926 0.0152 7.0000 13.0586 1.2353  7.8066  8.0878  8.0050
lc_7.0_13.0_1.23 55007.47962270859716 g 13.7829 0.0152 7.0000 13.0586 1.2353  7.8066  8.0878  8.0050
lc_7.0_13.0_1.23 55007.48767702649639 g 13.7919 0.0152 7.0000 13.0586 1.2353  7.8066  8.0878  8.0050
lc_7.0_13.0_1.23 56150.34261709650309 g 14.0940 0.0151 7.0000 13.0586 1.2353  7.8066  8.0878  8.0050
lc_7.0_13.0_1.23 56150.33056826749817 g 14.0767 0.0151 7.0000 13.0586 1.2353  7.8066  8.0878  8.0050
lc_7.0_13.7_1.43 55363.46411597089900 g 14.8597 0.0149 7.0000 13.7058 1.4370  8.4777  8.7470  8.6614
lc_7.0_13.7_1.43 55363.45294446589833 g 14.8908 0.0149 7.0000 13.7058 1.4370  8.4777  8.7470  8.6614
lc_7.0_13.7_1.43 56482.37621455820045 g 14.6155 0.0149 7.0000 13.7058 1.4370  8.4777  8.7470  8.6614
lc_7.0_13.7_1.43 55722.51018681179994 g 15.3067 0.0149 7.0000 13.7058 1.4370  8.4777  8.7470  8.6614
lc_7.0_13.7_1.43 56479.42150584550109 g 15.3453 0.0149 7.0000 13.7058 1.4370  8.4777  8.7470  8.6614
lc_7.0_13.7_1.43 55722.52134439530346 g 15.2918 0.0149 7.0000 13.7058 1.4370  8.4777  8.7470  8.6614
lc_7.0_13.7_1.43 56482.38608647599904 g 14.6084 0.0149 7.0000 13.7058 1.4370  8.4777  8.7470  8.6614
lc_7.0_13.7_1.43 55389.42653004160093 g 14.3808 0.0150 7.0000 13.7058 1.4370  8.4777  8.7470  8.6614
lc_7.0_13.7_1.43 55007.47962270859716 g 15.1074 0.0148 7.0000 13.7058 1.4370  8.4777  8.7470  8.6614
lc_7.0_13.7_1.43 55007.48767702649639 g 15.1060 0.0148 7.0000 13.7058 1.4370  8.4777  8.7470  8.6614
lc_7.0_13.7_1.43 55389.41457611839724 g 14.3855 0.0150 7.0000 13.7058 1.4370  8.4777  8.7470  8.6614
lc_7.0_13.7_1.43 56150.34261709650309 g 15.3828 0.0149 7.0000 13.7058 1.4370  8.4777  8.7470  8.6614
lc_7.0_13.7_1.43 56150.33056826749817 g 15.3930 0.0149 7.0000 13.7058 1.4370  8.4777  8.7470  8.6614
lc_7.5_13.0_1.23 56479.42150584550109 g 13.8138 0.0152 7.5000 13.0586 1.2353  7.7146  7.9983  7.9132
lc_7.5_13.0_1.23 55389.42653004160093 g 13.8014 0.0152 7.5000 13.0586 1.2353  7.7146  7.9983  7.9132
lc_7.5_13.0_1.23 55007.47962270859716 g 13.9170 0.0152 7.5000 13.0586 1.2353  7.7146  7.9983  7.9132
lc_7.5_13.0_1.23 55007.48767702649639 g 13.9048 0.0152 7.5000 13.0586 1.2353  7.7146  7.9983  7.9132
lc_7.5_13.0_1.23 55389.41457611839724 g 13.8108 0.0152 7.5000 13.0586 1.2353  7.7146  7.9983  7.9132
lc_7.5_13.7_1.43 55363.46411597089900 g 14.3562 0.0150 7.5000 13.7058 1.4370  8.3857  8.6575  8.5696
lc_7.5_13.7_1.43 55363.45294446589833 g 14.3616 0.0150 7.5000 13.7058 1.4370  8.3857  8.6575  8.5696
lc_7.5_13.7_1.43 56482.37621455820045 g 14.6393 0.0149 7.5000 13.7058 1.4370  8.3857  8.6575  8.5696
lc_7.5_13.7_1.43 55722.51018681179994 g 14.7199 0.0149 7.5000 13.7058 1.4370  8.3857  8.6575  8.5696
lc_7.5_13.7_1.43 56479.42150584550109 g 15.0641 0.0148 7.5000 13.7058 1.4370  8.3857  8.6575  8.5696
lc_7.5_13.7_1.43 55722.52134439530346 g 14.6986 0.0149 7.5000 13.7058 1.4370  8.3857  8.6575  8.5696
lc_7.5_13.7_1.43 56482.38608647599904 g 14.6558 0.0149 7.5000 13.7058 1.4370  8.3857  8.6575  8.5696
lc_7.5_13.7_1.43 55389.42653004160093 g 15.1034 0.0148 7.5000 13.7058 1.4370  8.3857  8.6575  8.5696
lc_7.5_13.7_1.43 55007.47962270859716 g 15.2342 0.0148 7.5000 13.7058 1.4370  8.3857  8.6575  8.5696
lc_7.5_13.7_1.43 55007.48767702649639 g 15.2143 0.0148 7.5000 13.7058 1.4370  8.3857  8.6575  8.5696
lc_7.5_13.7_1.43 55389.41457611839724 g 15.0728 0.0148 7.5000 13.7058 1.4370  8.3857  8.6575  8.5696
lc_7.5_13.7_1.43 56150.34261709650309 g 14.4915 0.0150 7.5000 13.7058 1.4370  8.3857  8.6575  8.5696
lc_7.5_13.7_1.43 56150.33056826749817 g 14.5229 0.0150 7.5000 13.7058 1.4370  8.3857  8.6575  8.5696
lc_8.0_13.0_1.23 55363.46411597089900 g 13.6436 0.0153 8.0000 13.0586 1.2353  7.6286  7.9146  7.8274
lc_8.0_13.0_1.23 55363.45294446589833 g 13.6153 0.0153 8.0000 13.0586 1.2353  7.6286  7.9146  7.8274
lc_8.0_13.0_1.23 55389.42653004160093 g 13.9852 0.0152 8.0000 13.0586 1.2353  7.6286  7.9146  7.8274
lc_8.0_13.0_1.23 55389.41457611839724 g 14.0063 0.0152 8.0000 13.0586 1.2353  7.6286  7.9146  7.8274
lc_8.0_13.0_1.23 56150.34261709650309 g 13.9440 0.0152 8.0000 13.0586 1.2353  7.6286  7.9146  7.8274
lc_8.0_13.0_1.23 56150.33056826749817 g 13.9110 0.0152 8.0000 13.0586 1.2353  7.6286  7.9146  7.8274
lc_8.0_13.7_1.43 55363.46411597089900 g 14.8854 0.0149 8.0000 13.7058 1.4370  8.2997  8.5739  8.4838
lc_8.0_13.7_1.43 55363.45294446589833 g 14.9137 0.0149 8.0000 13.7058 1.4370  8.2997  8.5739  8.4838
lc_8.0_13.7_1.43 56482.37621455820045 g 14.6227 0.0149 8.0000 13.7058 1.4370  8.2997  8.5739  8.4838
lc_8.0_13.7_1.43 55722.51018681179994 g 14.6308 0.0149 8.0000 13.7058 1.4370  8.2997  8.5739  8.4838
lc_8.0_13.7_1.43 56479.42150584550109 g 14.6879 0.0149 8.0000 13.7058 1.4370  8.2997  8.5739  8.4838
lc_8.0_13.7_1.43 55722.52134439530346 g 14.6560 0.0149 8.0000 13.7058 1.4370  8.2997  8.5739  8.4838
lc_8.0_13.7_1.43 56482.38608647599904 g 14.6250 0.0149 8.0000 13.7058 1.4370  8.2997  8.5739  8.4838
lc_8.0_13.7_1.43 55389.42653004160093 g 15.2664 0.0148 8.0000 13.7058 1.4370  8.2997  8.5739  8.4838
lc_8.0_13.7_1.43 55007.47962270859716 g 14.6559 0.0149 8.0000 13.7058 1.4370  8.2997  8.5739  8.4838
lc_8.0_13.7_1.43 55007.48767702649639 g 14.6710 0.0149 8.0000 13.7058 1.4370  8.2997  8.5739  8.4838
lc_8.0_13.7_1.43 55389.41457611839724 g 15.2904 0.0149 8.0000 13.7058 1.4370  8.2997  8.5739  8.4838
lc_8.0_13.7_1.43 56150.34261709650309 g 15.2224 0.0148 8.0000 13.7058 1.4370  8.2997  8.5739  8.4838
lc_8.0_13.7_1.43 56150.33056826749817 g 15.2351 0.0148 8.0000 13.7058 1.4370  8.2997  8.5739  8.4838
lc_8.5_13.0_1.23 55363.46411597089900 g 13.9275 0.0152 8.5000 13.0586 1.2353  7.5478  7.8360  7.7468
lc_8.5_13.0_1.23 55363.45294446589833 g 13.9635 0.0152 8.5000 13.0586 1.2353  7.5478  7.8360  7.7468
lc_8.5_13.0_1.23 55389.42653004160093 g 13.9206 0.0152 8.5000 13.0586 1.2353  7.5478  7.8360  7.7468
lc_8.5_13.0_1.23 55007.47962270859716 g 13.7950 0.0152 8.5000 13.0586 1.2353  7.5478  7.8360  7.7468
lc_8.5_13.0_1.23 55007.48767702649639 g 13.7867 0.0152 8.5000 13.0586 1.2353  7.5478  7.8360  7.7468
lc_8.5_13.0_1.23 55389.41457611839724 g 13.9392 0.0152 8.5000 13.0586 1.2353  7.5478  7.8360  7.7468
lc_8.5_13.7_1.43 55363.46411597089900 g 15.2357 0.0148 8.5000 13.7058 1.4370  8.2189  8.4953  8.4032
lc_8.5_13.7_1.43 55363.45294446589833 g 15.2229 0.0148 8.5000 13.7058 1.4370  8.2189  8.4953  8.4032
lc_8.5_13.7_1.43 56482.37621455820045 g 14.6423 0.0149 8.5000 13.7058 1.4370  8.2189  8.4953  8.4032
lc_8.5_13.7_1.43 55722.51018681179994 g 14.5542 0.0150 8.5000 13.7058 1.4370  8.2189  8.4953  8.4032
lc_8.5_13.7_1.43 56479.42150584550109 g 14.3390 0.0150 8.5000 13.7058 1.4370  8.2189  8.4953  8.4032
lc_8.5_13.7_1.43 55722.52134439530346 g 14.5494 0.0150 8.5000 13.7058 1.4370  8.2189  8.4953  8.4032
lc_8.5_13.7_1.43 56482.38608647599904 g 14.6411 0.0149 8.5000 13.7058 1.4370  8.2189  8.4953  8.4032
lc_8.5_13.7_1.43 55389.42653004160093 g 15.2073 0.0148 8.5000 13.7058 1.4370  8.2189  8.4953  8.4032
lc_8.5_13.7_1.43 55007.47962270859716 g 15.0867 0.0148 8.5000 13.7058 1.4370  8.2189  8.4953  8.4032
lc_8.5_13.7_1.43 55007.48767702649639 g 15.0675 0.0148 8.5000 13.7058 1.4370  8.2189  8.4953  8.4032
lc_8.5_13.7_1.43 55389.41457611839724 g 15.1936 0.0148 8.5000 13.7058 1.4370  8.2189  8.4953  8.4032
lc_8.5_13.7_1.43 56150.34261709650309 g 14.5497 0.0150 8.5000 13.7058 1.4370  8.2189  8.4953  8.4032
lc_8.5_13.7_1.43 56150.33056826749817 g 14.5785 0.0150 8.5000 13.7058 1.4370  8.2189  8.4953  8.4032
lc_9.0_13.0_1.23 55007.47962270859716 g 13.6397 0.0153 9.0000 13.0586 1.2353  7.4716  7.7619  7.6707
lc_9.0_13.0_1.23 55007.48767702649639 g 13.6631 0.0152 9.0000 13.0586 1.2353  7.4716  7.7619  7.6707
lc_9.0_13.0_1.23 56150.34261709650309 g 13.6333 0.0153 9.0000 13.0586 1.2353  7.4716  7.7619  7.6707
lc_9.0_13.0_1.23 56150.33056826749817 g 13.6105 0.0153 9.0000 13.0586 1.2353  7.4716  7.7619  7.6707
lc_9.0_13.7_1.43 55363.46411597089900 g 14.2128 0.0151 9.0000 13.7058 1.4370  8.1428  8.4212  8.3272
lc_9.0_13.7_1.43 55363.45294446589833 g 14.2142 0.0151 9.0000 13.7058 1.4370  8.1428  8.4212  8.3272
lc_9.0_13.7_1.43 56482.37621455820045 g 14.7112 0.0149 9.0000 13.7058 1.4370  8.1428  8.4212  8.3272
lc_9.0_13.7_1.43 55722.51018681179994 g 14.4732 0.0150 9.0000 13.7058 1.4370  8.1428  8.4212  8.3272
lc_9.0_13.7_1.43 56479.42150584550109 g 14.2462 0.0151 9.0000 13.7058 1.4370  8.1428  8.4212  8.3272
lc_9.0_13.7_1.43 55722.52134439530346 g 14.4460 0.0150 9.0000 13.7058 1.4370  8.1428  8.4212  8.3272
lc_9.0_13.7_1.43 56482.38608647599904 g 14.6683 0.0149 9.0000 13.7058 1.4370  8.1428  8.4212  8.3272
lc_9.0_13.7_1.43 55389.42653004160093 g 14.5405 0.0150 9.0000 13.7058 1.4370  8.1428  8.4212  8.3272
lc_9.0_13.7_1.43 55007.47962270859716 g 14.9219 0.0149 9.0000 13.7058 1.4370  8.1428  8.4212  8.3272
lc_9.0_13.7_1.43 55007.48767702649639 g 14.9342 0.0149 9.0000 13.7058 1.4370  8.1428  8.4212  8.3272
lc_9.0_13.7_1.43 55389.41457611839724 g 14.5294 0.0150 9.0000 13.7058 1.4370  8.1428  8.4212  8.3272
lc_9.0_13.7_1.43 56150.34261709650309 g 14.9098 0.0149 9.0000 13.7058 1.4370  8.1428  8.4212  8.3272
lc_9.0_13.7_1.43 56150.33056826749817 g 14.9128 0.0149 9.0000 13.7058 1.4370  8.1428  8.4212  8.3272
lc_9.5_13.0_1.23 55363.46411597089900 g 13.7745 0.0152 9.5000 13.0586 1.2353  7.3996  7.6918  7.5988
lc_9.5_13.0_1.23 55363.45294446589833 g 13.8020 0.0152 9.5000 13.0586 1.2353  7.3996  7.6918  7.5988
lc_9.5_13.0_1.23 56150.34261709650309 g 13.5523 0.0153 9.5000 13.0586 1.2353  7.3996  7.6918  7.5988
lc_9.5_13.0_1.23 56150.33056826749817 g 13.5239 0.0153 9.5000 13.0586 1.2353  7.3996  7.6918  7.5988
lc_9.5_13.7_1.43 55363.46411597089900 g 15.0638 0.0148 9.5000 13.7058 1.4370  8.0707  8.3511  8.2552
lc_9.5_13.7_1.43 55363.45294446589833 g 15.0782 0.0148 9.5000 13.7058 1.4370  8.0707  8.3511  8.2552
lc_9.5_13.7_1.43 56482.37621455820045 g 14.7171 0.0149 9.5000 13.7058 1.4370  8.0707  8.3511  8.2552
lc_9.5_13.7_1.43 55722.51018681179994 g 14.7671 0.0149 9.5000 13.7058 1.4370  8.0707  8.3511  8.2552
lc_9.5_13.7_1.43 56479.42150584550109 g 14.2690 0.0151 9.5000 13.7058 1.4370  8.0707  8.3511  8.2552
lc_9.5_13.7_1.43 55722.52134439530346 g 14.7640 0.0149 9.5000 13.7058 1.4370  8.0707  8.3511  8.2552
lc_9.5_13.7_1.43 56482.38608647599904 g 14.7267 0.0149 9.5000 13.7058 1.4370  8.0707  8.3511  8.2552
lc_9.5_13.7_1.43 55389.42653004160093 g 14.6212 0.0149 9.5000 13.7058 1.4370  8.0707  8.3511  8.2552
lc_9.5_13.7_1.43 55007.47962270859716 g 14.3587 0.0150 9.5000 13.7058 1.4370  8.0707  8.3511  8.2552
lc_9.5_13.7_1.43 55007.48767702649639 g 14.3811 0.0150 9.5000 13.7058 1.4370  8.0707  8.3511  8.2552
lc_9.5_13.7_1.43 55389.41457611839724 g 14.5957 0.0149 9.5000 13.7058 1.4370  8.0707  8.3511  8.2552
lc_9.5_13.7_1.43 56150.34261709650309 g 14.8236 0.0149 9.5000 13.7058 1.4370  8.0707  8.3511  8.2552
lc_9.5_13.7_1.43 56150.33056826749817 g 14.8267 0.0149 9.5000 13.7058 1.4370  8.0707  8.3511  8.2552
lc_11._13.0_1.23 56482.37621455820045 g 13.7365 0.015211.0000 13.0586 1.2353  7.2042  7.5017  7.4039
lc_11._13.0_1.23 55722.51018681179994 g 13.5511 0.015311.0000 13.0586 1.2353  7.2042  7.5017  7.4039
lc_11._13.0_1.23 55722.52134439530346 g 13.5316 0.015311.0000 13.0586 1.2353  7.2042  7.5017  7.4039
lc_11._13.0_1.23 56482.38608647599904 g 13.7148 0.015211.0000 13.0586 1.2353  7.2042  7.5017  7.4039
lc_11._13.0_1.23 55007.47962270859716 g 13.5492 0.015311.0000 13.0586 1.2353  7.2042  7.5017  7.4039
lc_11._13.0_1.23 55007.48767702649639 g 13.5259 0.015311.0000 13.0586 1.2353  7.2042  7.5017  7.4039
lc_11._13.7_1.43 55363.46411597089900 g 14.7135 0.014911.0000 13.7058 1.4370  7.8753  8.1610  8.0603
lc_11._13.7_1.43 55363.45294446589833 g 14.7418 0.014911.0000 13.7058 1.4370  7.8753  8.1610  8.0603
lc_11._13.7_1.43 56482.37621455820045 g 15.0117 0.014811.0000 13.7058 1.4370  7.8753  8.1610  8.0603
lc_11._13.7_1.43 55722.51018681179994 g 14.8192 0.014911.0000 13.7058 1.4370  7.8753  8.1610  8.0603
lc_11._13.7_1.43 56479.42150584550109 g 14.3234 0.015011.0000 13.7058 1.4370  7.8753  8.1610  8.0603
lc_11._13.7_1.43 55722.52134439530346 g 14.8312 0.014911.0000 13.7058 1.4370  7.8753  8.1610  8.0603
lc_11._13.7_1.43 56482.38608647599904 g 14.9941 0.014811.0000 13.7058 1.4370  7.8753  8.1610  8.0603
lc_11._13.7_1.43 55389.42653004160093 g 14.1025 0.015111.0000 13.7058 1.4370  7.8753  8.1610  8.0603
lc_11._13.7_1.43 55007.47962270859716 g 14.8216 0.014911.0000 13.7058 1.4370  7.8753  8.1610  8.0603
lc_11._13.7_1.43 55007.48767702649639 g 14.8026 0.014911.0000 13.7058 1.4370  7.8753  8.1610  8.0603
lc_11._13.7_1.43 55389.41457611839724 g 14.0876 0.015111.0000 13.7058 1.4370  7.8753  8.1610  8.0603
lc_11._13.7_1.43 56150.34261709650309 g 14.5437 0.015011.0000 13.7058 1.4370  7.8753  8.1610  8.0603
lc_11._13.7_1.43 56150.33056826749817 g 14.5272 0.015011.0000 13.7058 1.4370  7.8753  8.1610  8.0603
lc_11._13.0_1.23 56482.37621455820045 g 13.7036 0.015211.5000 13.0586 1.2353  7.1449  7.4441  7.3447
lc_11._13.0_1.23 55722.51018681179994 g 13.5865 0.015311.5000 13.0586 1.2353  7.1449  7.4441  7.3447
lc_11._13.0_1.23 55722.52134439530346 g 13.5391 0.015311.5000 13.0586 1.2353  7.1449  7.4441  7.3447
lc_11._13.0_1.23 56482.38608647599904 g 13.7459 0.015211.5000 13.0586 1.2353  7.1449  7.4441  7.3447
lc_11._13.0_1.23 55389.42653004160093 g 13.6507 0.015311.5000 13.0586 1.2353  7.1449  7.4441  7.3447
lc_11._13.0_1.23 55389.41457611839724 g 13.6474 0.015311.5000 13.0586 1.2353  7.1449  7.4441  7.3447
lc_11._13.0_1.23 56150.34261709650309 g 13.8168 0.015211.5000 13.0586 1.2353  7.1449  7.4441  7.3447
lc_11._13.0_1.23 56150.33056826749817 g 13.8117 0.015211.5000 13.0586 1.2353  7.1449  7.4441  7.3447
lc_11._13.7_1.43 55363.46411597089900 g 14.2728 0.015111.5000 13.7058 1.4370  7.8161  8.1034  8.0012
lc_11._13.7_1.43 55363.45294446589833 g 14.2687 0.015111.5000 13.7058 1.4370  7.8161  8.1034  8.0012
lc_11._13.7_1.43 56482.37621455820045 g 15.0040 0.014811.5000 13.7058 1.4370  7.8161  8.1034  8.0012
lc_11._13.7_1.43 55722.51018681179994 g 14.8354 0.014911.5000 13.7058 1.4370  7.8161  8.1034  8.0012
lc_11._13.7_1.43 56479.42150584550109 g 14.4106 0.015011.5000 13.7058 1.4370  7.8161  8.1034  8.0012
lc_11._13.7_1.43 55722.52134439530346 g 14.8548 0.014911.5000 13.7058 1.4370  7.8161  8.1034  8.0012
lc_11._13.7_1.43 56482.38608647599904 g 15.0107 0.014811.5000 13.7058 1.4370  7.8161  8.1034  8.0012
lc_11._13.7_1.43 55389.42653004160093 g 14.9373 0.014911.5000 13.7058 1.4370  7.8161  8.1034  8.0012
lc_11._13.7_1.43 55007.47962270859716 g 14.3888 0.015011.5000 13.7058 1.4370  7.8161  8.1034  8.0012
lc_11._13.7_1.43 55007.48767702649639 g 14.3820 0.015011.5000 13.7058 1.4370  7.8161  8.1034  8.0012
lc_11._13.7_1.43 55389.41457611839724 g 14.9485 0.014911.5000 13.7058 1.4370  7.8161  8.1034  8.0012
lc_11._13.7_1.43 56150.34261709650309 g 15.0998 0.014811.5000 13.7058 1.4370  7.8161  8.1034  8.0012
lc_11._13.7_1.43 56150.33056826749817 g 15.1103 0.014811.5000 13.7058 1.4370  7.8161  8.1034  8.0012
lc_12._13.0_1.23 56482.37621455820045 g 13.7267 0.015212.0000 13.0586 1.2353  7.0882  7.3889  7.2881
lc_12._13.0_1.23 56482.38608647599904 g 13.7348 0.015212.0000 13.0586 1.2353  7.0882  7.3889  7.2881
lc_12._13.0_1.23 55389.42653004160093 g 13.5611 0.015312.0000 13.0586 1.2353  7.0882  7.3889  7.2881
lc_12._13.0_1.23 55007.47962270859716 g 13.7902 0.015212.0000 13.0586 1.2353  7.0882  7.3889  7.2881
lc_12._13.0_1.23 55007.48767702649639 g 13.7783 0.015212.0000 13.0586 1.2353  7.0882  7.3889  7.2881
lc_12._13.0_1.23 55389.41457611839724 g 13.5901 0.015312.0000 13.0586 1.2353  7.0882  7.3889  7.2881
lc_12._13.7_1.43 55363.46411597089900 g 14.4102 0.015012.0000 13.7058 1.4370  7.7593  8.0482  7.9446
lc_12._13.7_1.43 55363.45294446589833 g 14.4493 0.015012.0000 13.7058 1.4370  7.7593  8.0482  7.9446
lc_12._13.7_1.43 56482.37621455820045 g 15.0382 0.014812.0000 13.7058 1.4370  7.7593  8.0482  7.9446
lc_12._13.7_1.43 55722.51018681179994 g 14.2143 0.015112.0000 13.7058 1.4370  7.7593  8.0482  7.9446
lc_12._13.7_1.43 56479.42150584550109 g 14.4486 0.015012.0000 13.7058 1.4370  7.7593  8.0482  7.9446
lc_12._13.7_1.43 55722.52134439530346 g 14.2339 0.015112.0000 13.7058 1.4370  7.7593  8.0482  7.9446
lc_12._13.7_1.43 56482.38608647599904 g 15.0155 0.014812.0000 13.7058 1.4370  7.7593  8.0482  7.9446
lc_12._13.7_1.43 55389.42653004160093 g 14.8498 0.014912.0000 13.7058 1.4370  7.7593  8.0482  7.9446
lc_12._13.7_1.43 55007.47962270859716 g 15.0447 0.014812.0000 13.7058 1.4370  7.7593  8.0482  7.9446
lc_12._13.7_1.43 55007.48767702649639 g 15.0775 0.014812.0000 13.7058 1.4370  7.7593  8.0482  7.9446
lc_12._13.7_1.43 55389.41457611839724 g 14.8601 0.014912.0000 13.7058 1.4370  7.7593  8.0482  7.9446
lc_12._13.7_1.43 56150.34261709650309 g 14.3971 0.015012.0000 13.7058 1.4370  7.7593  8.0482  7.9446
lc_12._13.7_1.43 56150.33056826749817 g 14.4059 0.015012.0000 13.7058 1.4370  7.7593  8.0482  7.9446
lc_12._13.0_1.23 56482.37621455820045 g 13.7043 0.015212.5000 13.0586 1.2353  7.0338  7.3360  7.2338
lc_12._13.0_1.23 56482.38608647599904 g 13.7262 0.015212.5000 13.0586 1.2353  7.0338  7.3360  7.2338
lc_12._13.0_1.23 55007.47962270859716 g 13.7419 0.015212.5000 13.0586 1.2353  7.0338  7.3360  7.2338
lc_12._13.0_1.23 55007.48767702649639 g 13.7648 0.015212.5000 13.0586 1.2353  7.0338  7.3360  7.2338
lc_12._13.7_1.43 55363.46411597089900 g 13.6308 0.015312.5000 13.7058 1.4370  7.7049  7.9952  7.8903
lc_12._13.7_1.43 55363.45294446589833 g 13.6395 0.015312.5000 13.7058 1.4370  7.7049  7.9952  7.8903
lc_12._13.7_1.43 56482.37621455820045 g 14.9886 0.014912.5000 13.7058 1.4370  7.7049  7.9952  7.8903
lc_12._13.7_1.43 55722.51018681179994 g 14.6701 0.014912.5000 13.7058 1.4370  7.7049  7.9952  7.8903
lc_12._13.7_1.43 56479.42150584550109 g 14.4521 0.015012.5000 13.7058 1.4370  7.7049  7.9952  7.8903
lc_12._13.7_1.43 55722.52134439530346 g 14.6359 0.014912.5000 13.7058 1.4370  7.7049  7.9952  7.8903
lc_12._13.7_1.43 56482.38608647599904 g 15.0061 0.014812.5000 13.7058 1.4370  7.7049  7.9952  7.8903
lc_12._13.7_1.43 55389.42653004160093 g 13.9684 0.015212.5000 13.7058 1.4370  7.7049  7.9952  7.8903
lc_12._13.7_1.43 55007.47962270859716 g 15.0204 0.014812.5000 13.7058 1.4370  7.7049  7.9952  7.8903
lc_12._13.7_1.43 55007.48767702649639 g 15.0013 0.014812.5000 13.7058 1.4370  7.7049  7.9952  7.8903
lc_12._13.7_1.43 55389.41457611839724 g 13.9533 0.015212.5000 13.7058 1.4370  7.7049  7.9952  7.8903
lc_12._13.7_1.43 56150.34261709650309 g 13.7418 0.015212.5000 13.7058 1.4370  7.7049  7.9952  7.8903
lc_12._13.7_1.43 56150.33056826749817 g 13.7731 0.015212.5000 13.7058 1.4370  7.7049  7.9952  7.8903
lc_13._13.0_1.23 55363.46411597089900 g 13.6096 0.015313.0000 13.0586 1.2353  6.9815  7.2852  7.1817
lc_13._13.0_1.23 55363.45294446589833 g 13.5956 0.015313.0000 13.0586 1.2353  6.9815  7.2852  7.1817
lc_13._13.0_1.23 56482.37621455820045 g 13.7050 0.015213.0000 13.0586 1.2353  6.9815  7.2852  7.1817
lc_13._13.0_1.23 56482.38608647599904 g 13.7501 0.015213.0000 13.0586 1.2353  6.9815  7.2852  7.1817
lc_13._13.0_1.23 55389.42653004160093 g 13.5974 0.015313.0000 13.0586 1.2353  6.9815  7.2852  7.1817
lc_13._13.0_1.23 55389.41457611839724 g 13.6011 0.015313.0000 13.0586 1.2353  6.9815  7.2852  7.1817
lc_13._13.7_1.43 55363.46411597089900 g 14.8756 0.014913.0000 13.7058 1.4370  7.6527  7.9444  7.8381
lc_13._13.7_1.43 55363.45294446589833 g 14.8941 0.014913.0000 13.7058 1.4370  7.6527  7.9444  7.8381
lc_13._13.7_1.43 56482.37621455820045 g 14.9956 0.014813.0000 13.7058 1.4370  7.6527  7.9444  7.8381
lc_13._13.7_1.43 55722.51018681179994 g 13.9136 0.015213.0000 13.7058 1.4370  7.6527  7.9444  7.8381
lc_13._13.7_1.43 56479.42150584550109 g 14.4958 0.015013.0000 13.7058 1.4370  7.6527  7.9444  7.8381
lc_13._13.7_1.43 55722.52134439530346 g 13.9640 0.015213.0000 13.7058 1.4370  7.6527  7.9444  7.8381
lc_13._13.7_1.43 56482.38608647599904 g 14.9878 0.014913.0000 13.7058 1.4370  7.6527  7.9444  7.8381
lc_13._13.7_1.43 55389.42653004160093 g 14.8962 0.014913.0000 13.7058 1.4370  7.6527  7.9444  7.8381
lc_13._13.7_1.43 55007.47962270859716 g 13.9644 0.015213.0000 13.7058 1.4370  7.6527  7.9444  7.8381
lc_13._13.7_1.43 55007.48767702649639 g 13.9421 0.015213.0000 13.7058 1.4370  7.6527  7.9444  7.8381
lc_13._13.7_1.43 55389.41457611839724 g 14.8772 0.014913.0000 13.7058 1.4370  7.6527  7.9444  7.8381
lc_13._13.7_1.43 56150.34261709650309 g 13.6010 0.015313.0000 13.7058 1.4370  7.6527  7.9444  7.8381
lc_13._13.7_1.43 56150.33056826749817 g 13.5880 0.015313.0000 13.7058 1.4370  7.6527  7.9444  7.8381
lc_13._13.0_1.23 55363.46411597089900 g 13.5273 0.015313.5000 13.0586 1.2353  6.9312  7.2362  7.1315
lc_13._13.0_1.23 55363.45294446589833 g 13.5375 0.015313.5000 13.0586 1.2353  6.9312  7.2362  7.1315
lc_13._13.0_1.23 56482.37621455820045 g 13.6863 0.015213.5000 13.0586 1.2353  6.9312  7.2362  7.1315
lc_13._13.0_1.23 56482.38608647599904 g 13.7297 0.015213.5000 13.0586 1.2353  6.9312  7.2362  7.1315
lc_13._13.0_1.23 55389.42653004160093 g 13.6837 0.015213.5000 13.0586 1.2353  6.9312  7.2362  7.1315
lc_13._13.0_1.23 55389.41457611839724 g 13.6865 0.015213.5000 13.0586 1.2353  6.9312  7.2362  7.1315
lc_13._13.7_1.43 55363.46411597089900 g 14.8113 0.014913.5000 13.7058 1.4370  7.6024  7.8955  7.7879
lc_13._13.7_1.43 55363.45294446589833 g 14.8097 0.014913.5000 13.7058 1.4370  7.6024  7.8955  7.7879
lc_13._13.7_1.43 56482.37621455820045 g 14.9875 0.014913.5000 13.7058 1.4370  7.6024  7.8955  7.7879
lc_13._13.7_1.43 55722.51018681179994 g 14.3758 0.015013.5000 13.7058 1.4370  7.6024  7.8955  7.7879
lc_13._13.7_1.43 56479.42150584550109 g 14.5720 0.015013.5000 13.7058 1.4370  7.6024  7.8955  7.7879
lc_13._13.7_1.43 55722.52134439530346 g 14.3498 0.015013.5000 13.7058 1.4370  7.6024  7.8955  7.7879
lc_13._13.7_1.43 56482.38608647599904 g 14.9707 0.014913.5000 13.7058 1.4370  7.6024  7.8955  7.7879
lc_13._13.7_1.43 55389.42653004160093 g 14.9940 0.014813.5000 13.7058 1.4370  7.6024  7.8955  7.7879
lc_13._13.7_1.43 55007.47962270859716 g 14.4786 0.015013.5000 13.7058 1.4370  7.6024  7.8955  7.7879
lc_13._13.7_1.43 55007.48767702649639 g 14.4718 0.015013.5000 13.7058 1.4370  7.6024  7.8955  7.7879
lc_13._13.7_1.43 55389.41457611839724 g 14.9848 0.014913.5000 13.7058 1.4370  7.6024  7.8955  7.7879
lc_13._13.7_1.43 56150.34261709650309 g 13.6817 0.015213.5000 13.7058 1.4370  7.6024  7.8955  7.7879
lc_13._13.7_1.43 56150.33056826749817 g 13.6648 0.015213.5000 13.7058 1.4370  7.6024  7.8955  7.7879
lc_14._13.0_1.23 55363.46411597089900 g 13.6318 0.015314.0000 13.0586 1.2353  6.8828  7.1891  7.0831
lc_14._13.0_1.23 55363.45294446589833 g 13.6242 0.015314.0000 13.0586 1.2353  6.8828  7.1891  7.0831
lc_14._13.0_1.23 56482.37621455820045 g 13.6080 0.015314.0000 13.0586 1.2353  6.8828  7.1891  7.0831
lc_14._13.0_1.23 56482.38608647599904 g 13.6368 0.015314.0000 13.0586 1.2353  6.8828  7.1891  7.0831
lc_14._13.7_1.43 55363.46411597089900 g 14.8998 0.014914.0000 13.7058 1.4370  7.5539  7.8483  7.7395
lc_14._13.7_1.43 55363.45294446589833 g 14.9036 0.014914.0000 13.7058 1.4370  7.5539  7.8483  7.7395
lc_14._13.7_1.43 56482.37621455820045 g 14.8953 0.014914.0000 13.7058 1.4370  7.5539  7.8483  7.7395
lc_14._13.7_1.43 55722.51018681179994 g 14.3098 0.015114.0000 13.7058 1.4370  7.5539  7.8483  7.7395
lc_14._13.7_1.43 56479.42150584550109 g 14.4708 0.015014.0000 13.7058 1.4370  7.5539  7.8483  7.7395
lc_14._13.7_1.43 55722.52134439530346 g 14.3299 0.015014.0000 13.7058 1.4370  7.5539  7.8483  7.7395
lc_14._13.7_1.43 56482.38608647599904 g 14.9076 0.014914.0000 13.7058 1.4370  7.5539  7.8483  7.7395
lc_14._13.7_1.43 55389.42653004160093 g 14.7809 0.014914.0000 13.7058 1.4370  7.5539  7.8483  7.7395
lc_14._13.7_1.43 55007.47962270859716 g 14.1593 0.015114.0000 13.7058 1.4370  7.5539  7.8483  7.7395
lc_14._13.7_1.43 55007.48767702649639 g 14.1659 0.015114.0000 13.7058 1.4370  7.5539  7.8483  7.7395
lc_14._13.7_1.43 55389.41457611839724 g 14.7740 0.014914.0000 13.7058 1.4370  7.5539  7.8483  7.7395
lc_14._13.7_1.43 56150.34261709650309 g 14.4777 0.015014.0000 13.7058 1.4370  7.5539  7.8483  7.7395
lc_14._13.7_1.43 56150.33056826749817 g 14.4726 0.015014.0000 13.7058 1.4370  7.5539  7.8483  7.7395
lc_14._13.0_1.23 56482.37621455820045 g 13.6095 0.015314.5000 13.0586 1.2353  6.8360  7.1436  7.0365
lc_14._13.0_1.23 56482.38608647599904 g 13.6259 0.015314.5000 13.0586 1.2353  6.8360  7.1436  7.0365
lc_14._13.0_1.23 56150.34261709650309 g 13.5476 0.015314.5000 13.0586 1.2353  6.8360  7.1436  7.0365
lc_14._13.0_1.23 56150.33056826749817 g 13.5448 0.015314.5000 13.0586 1.2353  6.8360  7.1436  7.0365
lc_14._13.7_1.43 55363.46411597089900 g 14.5682 0.015014.5000 13.7058 1.4370  7.5071  7.8028  7.6929
lc_14._13.7_1.43 55363.45294446589833 g 14.5964 0.014914.5000 13.7058 1.4370  7.5071  7.8028  7.6929
lc_14._13.7_1.43 56482.37621455820045 g 14.9075 0.014914.5000 13.7058 1.4370  7.5071  7.8028  7.6929
lc_14._13.7_1.43 55722.51018681179994 g 14.0214 0.015214.5000 13.7058 1.4370  7.5071  7.8028  7.6929
lc_14._13.7_1.43 56479.42150584550109 g 14.4702 0.015014.5000 13.7058 1.4370  7.5071  7.8028  7.6929
lc_14._13.7_1.43 55722.52134439530346 g 13.9850 0.015214.5000 13.7058 1.4370  7.5071  7.8028  7.6929
lc_14._13.7_1.43 56482.38608647599904 g 14.8926 0.014914.5000 13.7058 1.4370  7.5071  7.8028  7.6929
lc_14._13.7_1.43 55389.42653004160093 g 14.1181 0.015114.5000 13.7058 1.4370  7.5071  7.8028  7.6929
lc_14._13.7_1.43 55007.47962270859716 g 14.4268 0.015014.5000 13.7058 1.4370  7.5071  7.8028  7.6929
lc_14._13.7_1.43 55007.48767702649639 g 14.4321 0.015014.5000 13.7058 1.4370  7.5071  7.8028  7.6929
lc_14._13.7_1.43 55389.41457611839724 g 14.1073 0.015114.5000 13.7058 1.4370  7.5071  7.8028  7.6929
lc_14._13.7_1.43 56150.34261709650309 g 14.8444 0.014914.5000 13.7058 1.4370  7.5071  7.8028  7.6929
lc_14._13.7_1.43 56150.33056826749817 g 14.8611 0.014914.5000 13.7058 1.4370  7.5071  7.8028  7.6929
lc_15._13.0_1.23 56482.37621455820045 g 13.6236 0.015315.0000 13.0586 1.2353  6.7908  7.0996  6.9914
lc_15._13.0_1.23 56482.38608647599904 g 13.6285 0.015315.0000 13.0586 1.2353  6.7908  7.0996  6.9914
lc_15._13.7_1.43 55363.45294446589833 g 13.5001 0.015315.0000 13.7058 1.4370  7.4620  7.7589  7.6478
lc_15._13.7_1.43 56482.37621455820045 g 14.8800 0.014915.0000 13.7058 1.4370  7.4620  7.7589  7.6478
lc_15._13.7_1.43 55722.51018681179994 g 13.7858 0.015215.0000 13.7058 1.4370  7.4620  7.7589  7.6478
lc_15._13.7_1.43 56479.42150584550109 g 14.5257 0.015015.0000 13.7058 1.4370  7.4620  7.7589  7.6478
lc_15._13.7_1.43 55722.52134439530346 g 13.7861 0.015215.0000 13.7058 1.4370  7.4620  7.7589  7.6478
lc_15._13.7_1.43 56482.38608647599904 g 14.8876 0.014915.0000 13.7058 1.4370  7.4620  7.7589  7.6478
lc_15._13.7_1.43 55389.42653004160093 g 14.6848 0.014915.0000 13.7058 1.4370  7.4620  7.7589  7.6478
lc_15._13.7_1.43 55007.47962270859716 g 14.2062 0.015115.0000 13.7058 1.4370  7.4620  7.7589  7.6478
lc_15._13.7_1.43 55007.48767702649639 g 14.2062 0.015115.0000 13.7058 1.4370  7.4620  7.7589  7.6478
lc_15._13.7_1.43 55389.41457611839724 g 14.6995 0.014915.0000 13.7058 1.4370  7.4620  7.7589  7.6478
lc_15._13.7_1.43 56150.34261709650309 g 14.6384 0.014915.0000 13.7058 1.4370  7.4620  7.7589  7.6478
lc_15._13.7_1.43 56150.33056826749817 g 14.6442 0.014915.0000 13.7058 1.4370  7.4620  7.7589  7.6478
lc_15._13.0_1.23 56482.37621455820045 g 13.5687 0.015315.5000 13.0586 1.2353  6.7471  7.0571  6.9478
lc_15._13.0_1.23 55722.51018681179994 g 13.5670 0.015315.5000 13.0586 1.2353  6.7471  7.0571  6.9478
lc_15._13.0_1.23 55722.52134439530346 g 13.5474 0.015315.5000 13.0586 1.2353  6.7471  7.0571  6.9478
lc_15._13.0_1.23 56482.38608647599904 g 13.5534 0.015315.5000 13.0586 1.2353  6.7471  7.0571  6.9478
lc_15._13.7_1.43 55363.46411597089900 g 14.5268 0.015015.5000 13.7058 1.4370  7.4183  7.7163  7.6042
lc_15._13.7_1.43 55363.45294446589833 g 14.5210 0.015015.5000 13.7058 1.4370  7.4183  7.7163  7.6042
lc_15._13.7_1.43 56482.37621455820045 g 14.8580 0.014915.5000 13.7058 1.4370  7.4183  7.7163  7.6042
lc_15._13.7_1.43 55722.51018681179994 g 14.8393 0.014915.5000 13.7058 1.4370  7.4183  7.7163  7.6042
lc_15._13.7_1.43 56479.42150584550109 g 14.5040 0.015015.5000 13.7058 1.4370  7.4183  7.7163  7.6042
lc_15._13.7_1.43 55722.52134439530346 g 14.8531 0.014915.5000 13.7058 1.4370  7.4183  7.7163  7.6042
lc_15._13.7_1.43 56482.38608647599904 g 14.8486 0.014915.5000 13.7058 1.4370  7.4183  7.7163  7.6042
lc_15._13.7_1.43 55389.42653004160093 g 13.7642 0.015215.5000 13.7058 1.4370  7.4183  7.7163  7.6042
lc_15._13.7_1.43 55007.47962270859716 g 14.6102 0.014915.5000 13.7058 1.4370  7.4183  7.7163  7.6042
lc_15._13.7_1.43 55007.48767702649639 g 14.6111 0.014915.5000 13.7058 1.4370  7.4183  7.7163  7.6042
lc_15._13.7_1.43 55389.41457611839724 g 13.7818 0.015215.5000 13.7058 1.4370  7.4183  7.7163  7.6042
lc_15._13.7_1.43 56150.34261709650309 g 14.0030 0.015215.5000 13.7058 1.4370  7.4183  7.7163  7.6042
lc_15._13.7_1.43 56150.33056826749817 g 14.0139 0.015215.5000 13.7058 1.4370  7.4183  7.7163  7.6042
lc_16._13.0_1.23 56482.37621455820045 g 13.5241 0.015316.0000 13.0586 1.2353  6.7048  7.0159  6.9055
lc_16._13.7_1.43 55363.46411597089900 g 14.7764 0.014916.0000 13.7058 1.4370  7.3759  7.6752  7.5620
lc_16._13.7_1.43 55363.45294446589833 g 14.7832 0.014916.0000 13.7058 1.4370  7.3759  7.6752  7.5620
lc_16._13.7_1.43 56482.37621455820045 g 14.7990 0.014916.0000 13.7058 1.4370  7.3759  7.6752  7.5620
lc_16._13.7_1.43 55722.51018681179994 g 13.7966 0.015216.0000 13.7058 1.4370  7.3759  7.6752  7.5620
lc_16._13.7_1.43 56479.42150584550109 g 14.5086 0.015016.0000 13.7058 1.4370  7.3759  7.6752  7.5620
lc_16._13.7_1.43 55722.52134439530346 g 13.7568 0.015216.0000 13.7058 1.4370  7.3759  7.6752  7.5620
lc_16._13.7_1.43 56482.38608647599904 g 14.8214 0.014916.0000 13.7058 1.4370  7.3759  7.6752  7.5620
lc_16._13.7_1.43 55389.42653004160093 g 14.2721 0.015116.0000 13.7058 1.4370  7.3759  7.6752  7.5620
lc_16._13.7_1.43 55007.47962270859716 g 14.5335 0.015016.0000 13.7058 1.4370  7.3759  7.6752  7.5620
lc_16._13.7_1.43 55007.48767702649639 g 14.5121 0.015016.0000 13.7058 1.4370  7.3759  7.6752  7.5620
lc_16._13.7_1.43 55389.41457611839724 g 14.2593 0.015116.0000 13.7058 1.4370  7.3759  7.6752  7.5620
lc_16._13.7_1.43 56150.34261709650309 g 14.4055 0.015016.0000 13.7058 1.4370  7.3759  7.6752  7.5620
lc_16._13.7_1.43 56150.33056826749817 g 14.4402 0.015016.0000 13.7058 1.4370  7.3759  7.6752  7.5620
lc_16._13.7_1.43 55363.46411597089900 g 14.4317 0.015016.5000 13.7058 1.4370  7.3349  7.6353  7.5210
lc_16._13.7_1.43 55363.45294446589833 g 14.4216 0.015016.5000 13.7058 1.4370  7.3349  7.6353  7.5210
lc_16._13.7_1.43 56482.37621455820045 g 14.7612 0.014916.5000 13.7058 1.4370  7.3349  7.6353  7.5210
lc_16._13.7_1.43 55722.51018681179994 g 14.7605 0.014916.5000 13.7058 1.4370  7.3349  7.6353  7.5210
lc_16._13.7_1.43 56479.42150584550109 g 14.5466 0.015016.5000 13.7058 1.4370  7.3349  7.6353  7.5210
lc_16._13.7_1.43 55722.52134439530346 g 14.7801 0.014916.5000 13.7058 1.4370  7.3349  7.6353  7.5210
lc_16._13.7_1.43 56482.38608647599904 g 14.8009 0.014916.5000 13.7058 1.4370  7.3349  7.6353  7.5210
lc_16._13.7_1.43 55389.42653004160093 g 14.3688 0.015016.5000 13.7058 1.4370  7.3349  7.6353  7.5210
lc_16._13.7_1.43 55007.47962270859716 g 14.0561 0.015116.5000 13.7058 1.4370  7.3349  7.6353  7.5210
lc_16._13.7_1.43 55007.48767702649639 g 14.0327 0.015216.5000 13.7058 1.4370  7.3349  7.6353  7.5210
lc_16._13.7_1.43 55389.41457611839724 g 14.3870 0.015016.5000 13.7058 1.4370  7.3349  7.6353  7.5210
lc_16._13.7_1.43 56150.34261709650309 g 14.6166 0.014916.5000 13.7058 1.4370  7.3349  7.6353  7.5210
lc_16._13.7_1.43 56150.33056826749817 g 14.6585 0.014916.5000 13.7058 1.4370  7.3349  7.6353  7.5210
lc_17._13.7_1.43 55363.46411597089900 g 14.3874 0.015017.0000 13.7058 1.4370  7.2951  7.5966  7.4813
lc_17._13.7_1.43 55363.45294446589833 g 14.4189 0.015017.0000 13.7058 1.4370  7.2951  7.5966  7.4813
lc_17._13.7_1.43 56482.37621455820045 g 14.7813 0.014917.0000 13.7058 1.4370  7.2951  7.5966  7.4813
lc_17._13.7_1.43 55722.51018681179994 g 13.6246 0.015317.0000 13.7058 1.4370  7.2951  7.5966  7.4813
lc_17._13.7_1.43 56479.42150584550109 g 14.5634 0.015017.0000 13.7058 1.4370  7.2951  7.5966  7.4813
lc_17._13.7_1.43 55722.52134439530346 g 13.5793 0.015317.0000 13.7058 1.4370  7.2951  7.5966  7.4813
lc_17._13.7_1.43 56482.38608647599904 g 14.7292 0.014917.0000 13.7058 1.4370  7.2951  7.5966  7.4813
lc_17._13.7_1.43 55389.42653004160093 g 14.3233 0.015017.0000 13.7058 1.4370  7.2951  7.5966  7.4813
lc_17._13.7_1.43 55007.47962270859716 g 14.2917 0.015117.0000 13.7058 1.4370  7.2951  7.5966  7.4813
lc_17._13.7_1.43 55007.48767702649639 g 14.2763 0.015117.0000 13.7058 1.4370  7.2951  7.5966  7.4813
lc_17._13.7_1.43 55389.41457611839724 g 14.2955 0.015117.0000 13.7058 1.4370  7.2951  7.5966  7.4813
lc_17._13.7_1.43 56150.34261709650309 g 13.6983 0.015217.0000 13.7058 1.4370  7.2951  7.5966  7.4813
lc_17._13.7_1.43 56150.33056826749817 g 13.6620 0.015217.0000 13.7058 1.4370  7.2951  7.5966  7.4813
lc_17._13.7_1.43 55363.46411597089900 g 14.6529 0.014917.5000 13.7058 1.4370  7.2565  7.5590  7.4428
lc_17._13.7_1.43 55363.45294446589833 g 14.6590 0.014917.5000 13.7058 1.4370  7.2565  7.5590  7.4428
lc_17._13.7_1.43 56482.37621455820045 g 14.7446 0.014917.5000 13.7058 1.4370  7.2565  7.5590  7.4428
lc_17._13.7_1.43 55722.51018681179994 g 13.9764 0.015217.5000 13.7058 1.4370  7.2565  7.5590  7.4428
lc_17._13.7_1.43 56479.42150584550109 g 14.5618 0.015017.5000 13.7058 1.4370  7.2565  7.5590  7.4428
lc_17._13.7_1.43 55722.52134439530346 g 14.0041 0.015217.5000 13.7058 1.4370  7.2565  7.5590  7.4428
lc_17._13.7_1.43 56482.38608647599904 g 14.7352 0.014917.5000 13.7058 1.4370  7.2565  7.5590  7.4428
lc_17._13.7_1.43 55389.42653004160093 g 13.8969 0.015217.5000 13.7058 1.4370  7.2565  7.5590  7.4428
lc_17._13.7_1.43 55007.47962270859716 g 14.2957 0.015117.5000 13.7058 1.4370  7.2565  7.5590  7.4428
lc_17._13.7_1.43 55007.48767702649639 g 14.3255 0.015017.5000 13.7058 1.4370  7.2565  7.5590  7.4428
lc_17._13.7_1.43 55389.41457611839724 g 13.9187 0.015217.5000 13.7058 1.4370  7.2565  7.5590  7.4428
lc_17._13.7_1.43 56150.34261709650309 g 14.6895 0.014917.5000 13.7058 1.4370  7.2565  7.5590  7.4428
lc_17._13.7_1.43 56150.33056826749817 g 14.7137 0.014917.5000 13.7058 1.4370  7.2565  7.5590  7.4428
lc_18._13.7_1.43 55363.46411597089900 g 14.5333 0.015018.0000 13.7058 1.4370  7.2190  7.5225  7.4053
lc_18._13.7_1.43 55363.45294446589833 g 14.5306 0.015018.0000 13.7058 1.4370  7.2190  7.5225  7.4053
lc_18._13.7_1.43 56482.37621455820045 g 14.6944 0.014918.0000 13.7058 1.4370  7.2190  7.5225  7.4053
lc_18._13.7_1.43 55722.51018681179994 g 14.4475 0.015018.0000 13.7058 1.4370  7.2190  7.5225  7.4053
lc_18._13.7_1.43 56479.42150584550109 g 14.5778 0.015018.0000 13.7058 1.4370  7.2190  7.5225  7.4053
lc_18._13.7_1.43 55722.52134439530346 g 14.4735 0.015018.0000 13.7058 1.4370  7.2190  7.5225  7.4053
lc_18._13.7_1.43 56482.38608647599904 g 14.6958 0.014918.0000 13.7058 1.4370  7.2190  7.5225  7.4053
lc_18._13.7_1.43 55389.42653004160093 g 13.6055 0.015318.0000 13.7058 1.4370  7.2190  7.5225  7.4053
lc_18._13.7_1.43 55007.47962270859716 g 14.6325 0.014918.0000 13.7058 1.4370  7.2190  7.5225  7.4053
lc_18._13.7_1.43 55007.48767702649639 g 14.6039 0.014918.0000 13.7058 1.4370  7.2190  7.5225  7.4053
lc_18._13.7_1.43 55389.41457611839724 g 13.6153 0.015318.0000 13.7058 1.4370  7.2190  7.5225  7.4053
lc_18._13.7_1.43 56150.34261709650309 g 13.9326 0.015218.0000 13.7058 1.4370  7.2190  7.5225  7.4053
lc_18._13.7_1.43 56150.33056826749817 g 13.9191 0.015218.0000 13.7058 1.4370  7.2190  7.5225  7.4053
lc_18._13.7_1.43 55363.46411597089900 g 13.8603 0.015218.5000 13.7058 1.4370  7.1825  7.4870  7.3689
lc_18._13.7_1.43 55363.45294446589833 g 13.8459 0.015218.5000 13.7058 1.4370  7.1825  7.4870  7.3689
lc_18._13.7_1.43 56482.37621455820045 g 14.6716 0.014918.5000 13.7058 1.4370  7.1825  7.4870  7.3689
lc_18._13.7_1.43 55722.51018681179994 g 14.6881 0.014918.5000 13.7058 1.4370  7.1825  7.4870  7.3689
lc_18._13.7_1.43 56479.42150584550109 g 14.5593 0.015018.5000 13.7058 1.4370  7.1825  7.4870  7.3689
lc_18._13.7_1.43 55722.52134439530346 g 14.6814 0.014918.5000 13.7058 1.4370  7.1825  7.4870  7.3689
lc_18._13.7_1.43 56482.38608647599904 g 14.6745 0.014918.5000 13.7058 1.4370  7.1825  7.4870  7.3689
lc_18._13.7_1.43 55389.42653004160093 g 14.6798 0.014918.5000 13.7058 1.4370  7.1825  7.4870  7.3689
lc_18._13.7_1.43 55007.47962270859716 g 13.5230 0.015318.5000 13.7058 1.4370  7.1825  7.4870  7.3689
lc_18._13.7_1.43 55007.48767702649639 g 13.5224 0.015318.5000 13.7058 1.4370  7.1825  7.4870  7.3689
lc_18._13.7_1.43 55389.41457611839724 g 14.6638 0.014918.5000 13.7058 1.4370  7.1825  7.4870  7.3689
lc_18._13.7_1.43 56150.34261709650309 g 14.6203 0.014918.5000 13.7058 1.4370  7.1825  7.4870  7.3689
lc_18._13.7_1.43 56150.33056826749817 g 14.5949 0.014918.5000 13.7058 1.4370  7.1825  7.4870  7.3689
lc_19._13.7_1.43 55363.46411597089900 g 14.3352 0.015019.0000 13.7058 1.4370  7.1469  7.4524  7.3334
lc_19._13.7_1.43 55363.45294446589833 g 14.3537 0.015019.0000 13.7058 1.4370  7.1469  7.4524  7.3334
lc_19._13.7_1.43 56482.37621455820045 g 14.6607 0.014919.0000 13.7058 1.4370  7.1469  7.4524  7.3334
lc_19._13.7_1.43 55722.51018681179994 g 14.6238 0.014919.0000 13.7058 1.4370  7.1469  7.4524  7.3334
lc_19._13.7_1.43 56479.42150584550109 g 14.5540 0.015019.0000 13.7058 1.4370  7.1469  7.4524  7.3334
lc_19._13.7_1.43 55722.52134439530346 g 14.6067 0.014919.0000 13.7058 1.4370  7.1469  7.4524  7.3334
lc_19._13.7_1.43 56482.38608647599904 g 14.6366 0.014919.0000 13.7058 1.4370  7.1469  7.4524  7.3334
lc_19._13.7_1.43 55389.42653004160093 g 13.7042 0.015219.0000 13.7058 1.4370  7.1469  7.4524  7.3334
lc_19._13.7_1.43 55007.48767702649639 g 13.5016 0.015319.0000 13.7058 1.4370  7.1469  7.4524  7.3334
lc_19._13.7_1.43 55389.41457611839724 g 13.7322 0.015219.0000 13.7058 1.4370  7.1469  7.4524  7.3334
lc_19._13.7_1.43 56150.34261709650309 g 13.8407 0.015219.0000 13.7058 1.4370  7.1469  7.4524  7.3334
lc_19._13.7_1.43 56150.33056826749817 g 13.8550 0.015219.0000 13.7058 1.4370  7.1469  7.4524  7.3334
lc_19._13.7_1.43 55363.46411597089900 g 14.1112 0.015119.5000 13.7058 1.4370  7.1123  7.4187  7.2989
lc_19._13.7_1.43 55363.45294446589833 g 14.0828 0.015119.5000 13.7058 1.4370  7.1123  7.4187  7.2989
lc_19._13.7_1.43 56482.37621455820045 g 14.6087 0.014919.5000 13.7058 1.4370  7.1123  7.4187  7.2989
lc_19._13.7_1.43 55722.51018681179994 g 14.5655 0.015019.5000 13.7058 1.4370  7.1123  7.4187  7.2989
lc_19._13.7_1.43 56479.42150584550109 g 14.5595 0.015019.5000 13.7058 1.4370  7.1123  7.4187  7.2989
lc_19._13.7_1.43 55722.52134439530346 g 14.5783 0.015019.5000 13.7058 1.4370  7.1123  7.4187  7.2989
lc_19._13.7_1.43 56482.38608647599904 g 14.6026 0.014919.5000 13.7058 1.4370  7.1123  7.4187  7.2989
lc_19._13.7_1.43 55389.42653004160093 g 14.6480 0.014919.5000 13.7058 1.4370  7.1123  7.4187  7.2989
lc_19._13.7_1.43 55389.41457611839724 g 14.6421 0.014919.5000 13.7058 1.4370  7.1123  7.4187  7.2989
lc_19._13.7_1.43 56150.34261709650309 g 14.6342 0.014919.5000 13.7058 1.4370  7.1123  7.4187  7.2989
lc_19._13.7_1.43 56150.33056826749817 g 14.6297 0.014919.5000 13.7058 1.4370  7.1123  7.4187  7.2989
lc_20._13.7_1.43 55363.46411597089900 g 14.4531 0.015020.0000 13.7058 1.4370  7.0785  7.3859  7.2652
lc_20._13.7_1.43 55363.45294446589833 g 14.4595 0.015020.0000 13.7058 1.4370  7.0785  7.3859  7.2652
lc_20._13.7_1.43 56482.37621455820045 g 14.5847 0.014920.0000 13.7058 1.4370  7.0785  7.3859  7.2652
lc_20._13.7_1.43 55722.51018681179994 g 14.5956 0.014920.0000 13.7058 1.4370  7.0785  7.3859  7.2652
lc_20._13.7_1.43 56479.42150584550109 g 14.5026 0.015020.0000 13.7058 1.4370  7.0785  7.3859  7.2652
lc_20._13.7_1.43 55722.52134439530346 g 14.5861 0.014920.0000 13.7058 1.4370  7.0785  7.3859  7.2652
lc_20._13.7_1.43 56482.38608647599904 g 14.5653 0.015020.0000 13.7058 1.4370  7.0785  7.3859  7.2652
lc_20._13.7_1.43 56150.34261709650309 g 13.5503 0.015320.0000 13.7058 1.4370  7.0785  7.3859  7.2652
lc_20._13.7_1.43 56150.33056826749817 g 13.5190 0.015320.0000 13.7058 1.4370  7.0785  7.3859  7.2652
lc_20._13.7_1.43 55363.46411597089900 g 13.5619 0.015320.5000 13.7058 1.4370  7.0456  7.3539  7.2324
lc_20._13.7_1.43 55363.45294446589833 g 13.5600 0.015320.5000 13.7058 1.4370  7.0456  7.3539  7.2324
lc_20._13.7_1.43 56482.37621455820045 g 14.6121 0.014920.5000 13.7058 1.4370  7.0456  7.3539  7.2324
lc_20._13.7_1.43 55722.51018681179994 g 14.5900 0.014920.5000 13.7058 1.4370  7.0456  7.3539  7.2324
lc_20._13.7_1.43 56479.42150584550109 g 14.4924 0.015020.5000 13.7058 1.4370  7.0456  7.3539  7.2324
lc_20._13.7_1.43 55722.52134439530346 g 14.5695 0.015020.5000 13.7058 1.4370  7.0456  7.3539  7.2324
lc_20._13.7_1.43 56482.38608647599904 g 14.5986 0.014920.5000 13.7058 1.4370  7.0456  7.3539  7.2324
lc_20._13.7_1.43 55389.42653004160093 g 14.1248 0.015120.5000 13.7058 1.4370  7.0456  7.3539  7.2324
lc_20._13.7_1.43 55007.47962270859716 g 14.4956 0.015020.5000 13.7058 1.4370  7.0456  7.3539  7.2324
lc_20._13.7_1.43 55007.48767702649639 g 14.5087 0.015020.5000 13.7058 1.4370  7.0456  7.3539  7.2324
lc_20._13.7_1.43 55389.41457611839724 g 14.1190 0.015120.5000 13.7058 1.4370  7.0456  7.3539  7.2324
lc_20._13.7_1.43 56150.34261709650309 g 14.3620 0.015020.5000 13.7058 1.4370  7.0456  7.3539  7.2324
lc_20._13.7_1.43 56150.33056826749817 g 14.3582 0.015020.5000 13.7058 1.4370  7.0456  7.3539  7.2324
lc_21._13.7_1.43 55363.46411597089900 g 14.1991 0.015121.0000 13.7058 1.4370  7.0135  7.3226  7.2003
lc_21._13.7_1.43 55363.45294446589833 g 14.1886 0.015121.0000 13.7058 1.4370  7.0135  7.3226  7.2003
lc_21._13.7_1.43 56482.37621455820045 g 14.5921 0.014921.0000 13.7058 1.4370  7.0135  7.3226  7.2003
lc_21._13.7_1.43 55722.51018681179994 g 14.3752 0.015021.0000 13.7058 1.4370  7.0135  7.3226  7.2003
lc_21._13.7_1.43 56479.42150584550109 g 14.4694 0.015021.0000 13.7058 1.4370  7.0135  7.3226  7.2003
lc_21._13.7_1.43 55722.52134439530346 g 14.3813 0.015021.0000 13.7058 1.4370  7.0135  7.3226  7.2003
lc_21._13.7_1.43 56482.38608647599904 g 14.6007 0.014921.0000 13.7058 1.4370  7.0135  7.3226  7.2003
lc_21._13.7_1.43 55389.42653004160093 g 14.5282 0.015021.0000 13.7058 1.4370  7.0135  7.3226  7.2003
lc_21._13.7_1.43 55007.47962270859716 g 14.2704 0.015121.0000 13.7058 1.4370  7.0135  7.3226  7.2003
lc_21._13.7_1.43 55007.48767702649639 g 14.3328 0.015021.0000 13.7058 1.4370  7.0135  7.3226  7.2003
lc_21._13.7_1.43 55389.41457611839724 g 14.5854 0.014921.0000 13.7058 1.4370  7.0135  7.3226  7.2003
lc_21._13.7_1.43 56150.34261709650309 g 14.1369 0.015121.0000 13.7058 1.4370  7.0135  7.3226  7.2003
lc_21._13.7_1.43 56150.33056826749817 g 14.1281 0.015121.0000 13.7058 1.4370  7.0135  7.3226  7.2003
lc_21._13.7_1.43 55363.46411597089900 g 14.5180 0.015021.5000 13.7058 1.4370  6.9822  7.2921  7.1690
lc_21._13.7_1.43 55363.45294446589833 g 14.5677 0.015021.5000 13.7058 1.4370  6.9822  7.2921  7.1690
lc_21._13.7_1.43 56482.37621455820045 g 14.5300 0.015021.5000 13.7058 1.4370  6.9822  7.2921  7.1690
lc_21._13.7_1.43 55722.51018681179994 g 14.0388 0.015221.5000 13.7058 1.4370  6.9822  7.2921  7.1690
lc_21._13.7_1.43 56479.42150584550109 g 14.4966 0.015021.5000 13.7058 1.4370  6.9822  7.2921  7.1690
lc_21._13.7_1.43 55722.52134439530346 g 14.0381 0.015221.5000 13.7058 1.4370  6.9822  7.2921  7.1690
lc_21._13.7_1.43 56482.38608647599904 g 14.5535 0.015021.5000 13.7058 1.4370  6.9822  7.2921  7.1690
lc_21._13.7_1.43 55389.42653004160093 g 14.2264 0.015121.5000 13.7058 1.4370  6.9822  7.2921  7.1690
lc_21._13.7_1.43 55007.47962270859716 g 13.5022 0.015321.5000 13.7058 1.4370  6.9822  7.2921  7.1690
lc_21._13.7_1.43 55007.48767702649639 g 13.5039 0.015321.5000 13.7058 1.4370  6.9822  7.2921  7.1690
lc_21._13.7_1.43 55389.41457611839724 g 14.2791 0.015121.5000 13.7058 1.4370  6.9822  7.2921  7.1690
lc_21._13.7_1.43 56150.34261709650309 g 13.8592 0.015221.5000 13.7058 1.4370  6.9822  7.2921  7.1690
lc_21._13.7_1.43 56150.33056826749817 g 13.8287 0.015221.5000 13.7058 1.4370  6.9822  7.2921  7.1690
lc_22._13.7_1.43 55363.46411597089900 g 14.3227 0.015022.0000 13.7058 1.4370  6.9515  7.2623  7.1384
lc_22._13.7_1.43 55363.45294446589833 g 14.2955 0.015122.0000 13.7058 1.4370  6.9515  7.2623  7.1384
lc_22._13.7_1.43 56482.37621455820045 g 14.5411 0.015022.0000 13.7058 1.4370  6.9515  7.2623  7.1384
lc_22._13.7_1.43 55722.51018681179994 g 13.6524 0.015322.0000 13.7058 1.4370  6.9515  7.2623  7.1384
lc_22._13.7_1.43 56479.42150584550109 g 14.4947 0.015022.0000 13.7058 1.4370  6.9515  7.2623  7.1384
lc_22._13.7_1.43 55722.52134439530346 g 13.6610 0.015222.0000 13.7058 1.4370  6.9515  7.2623  7.1384
lc_22._13.7_1.43 56482.38608647599904 g 14.5272 0.015022.0000 13.7058 1.4370  6.9515  7.2623  7.1384
lc_22._13.7_1.43 55007.47962270859716 g 14.5142 0.015022.0000 13.7058 1.4370  6.9515  7.2623  7.1384
lc_22._13.7_1.43 55007.48767702649639 g 14.5401 0.015022.0000 13.7058 1.4370  6.9515  7.2623  7.1384
lc_22._13.7_1.43 56150.34261709650309 g 14.5253 0.015022.0000 13.7058 1.4370  6.9515  7.2623  7.1384
lc_22._13.7_1.43 56150.33056826749817 g 14.5088 0.015022.0000 13.7058 1.4370  6.9515  7.2623  7.1384
lc_22._13.7_1.43 56482.37621455820045 g 14.4806 0.015022.5000 13.7058 1.4370  6.9216  7.2332  7.1086
lc_22._13.7_1.43 56479.42150584550109 g 14.5034 0.015022.5000 13.7058 1.4370  6.9216  7.2332  7.1086
lc_22._13.7_1.43 56482.38608647599904 g 14.5102 0.015022.5000 13.7058 1.4370  6.9216  7.2332  7.1086
lc_22._13.7_1.43 55389.42653004160093 g 13.5503 0.015322.5000 13.7058 1.4370  6.9216  7.2332  7.1086
lc_22._13.7_1.43 55007.47962270859716 g 13.6400 0.015322.5000 13.7058 1.4370  6.9216  7.2332  7.1086
lc_22._13.7_1.43 55007.48767702649639 g 13.6456 0.015322.5000 13.7058 1.4370  6.9216  7.2332  7.1086
lc_22._13.7_1.43 55389.41457611839724 g 13.5513 0.015322.5000 13.7058 1.4370  6.9216  7.2332  7.1086
lc_23._13.7_1.43 56482.37621455820045 g 14.4681 0.015023.0000 13.7058 1.4370  6.8923  7.2047  7.0793
lc_23._13.7_1.43 55722.51018681179994 g 14.5215 0.015023.0000 13.7058 1.4370  6.8923  7.2047  7.0793
lc_23._13.7_1.43 56479.42150584550109 g 14.4990 0.015023.0000 13.7058 1.4370  6.8923  7.2047  7.0793
lc_23._13.7_1.43 55722.52134439530346 g 14.5117 0.015023.0000 13.7058 1.4370  6.8923  7.2047  7.0793
lc_23._13.7_1.43 56482.38608647599904 g 14.4686 0.015023.0000 13.7058 1.4370  6.8923  7.2047  7.0793
lc_23._13.7_1.43 55389.42653004160093 g 13.7176 0.015223.0000 13.7058 1.4370  6.8923  7.2047  7.0793
lc_23._13.7_1.43 55007.47962270859716 g 14.5020 0.015023.0000 13.7058 1.4370  6.8923  7.2047  7.0793
lc_23._13.7_1.43 55007.48767702649639 g 14.4677 0.015023.0000 13.7058 1.4370  6.8923  7.2047  7.0793
lc_23._13.7_1.43 55389.41457611839724 g 13.6811 0.015223.0000 13.7058 1.4370  6.8923  7.2047  7.0793
lc_23._13.7_1.43 56150.34261709650309 g 13.8597 0.015223.0000 13.7058 1.4370  6.8923  7.2047  7.0793
lc_23._13.7_1.43 56150.33056826749817 g 13.8556 0.015223.0000 13.7058 1.4370  6.8923  7.2047  7.0793
lc_23._13.7_1.43 56482.37621455820045 g 14.4614 0.015023.5000 13.7058 1.4370  6.8636  7.1768  7.0507
lc_23._13.7_1.43 55722.51018681179994 g 14.0639 0.015123.5000 13.7058 1.4370  6.8636  7.1768  7.0507
lc_23._13.7_1.43 56479.42150584550109 g 14.4867 0.015023.5000 13.7058 1.4370  6.8636  7.1768  7.0507
lc_23._13.7_1.43 55722.52134439530346 g 14.0401 0.015223.5000 13.7058 1.4370  6.8636  7.1768  7.0507
lc_23._13.7_1.43 56482.38608647599904 g 14.4555 0.015023.5000 13.7058 1.4370  6.8636  7.1768  7.0507
lc_23._13.7_1.43 55389.42653004160093 g 13.6864 0.015223.5000 13.7058 1.4370  6.8636  7.1768  7.0507
lc_23._13.7_1.43 55389.41457611839724 g 13.6909 0.015223.5000 13.7058 1.4370  6.8636  7.1768  7.0507
lc_23._13.7_1.43 56150.34261709650309 g 14.4581 0.015023.5000 13.7058 1.4370  6.8636  7.1768  7.0507
lc_23._13.7_1.43 56150.33056826749817 g 14.4563 0.015023.5000 13.7058 1.4370  6.8636  7.1768  7.0507
lc_24._13.7_1.43 56482.37621455820045 g 14.3919 0.015024.0000 13.7058 1.4370  6.8356  7.1495  7.0227
lc_24._13.7_1.43 56479.42150584550109 g 14.4415 0.015024.0000 13.7058 1.4370  6.8356  7.1495  7.0227
lc_24._13.7_1.43 56482.38608647599904 g 14.3787 0.015024.0000 13.7058 1.4370  6.8356  7.1495  7.0227
lc_24._13.7_1.43 55389.42653004160093 g 13.6279 0.015324.0000 13.7058 1.4370  6.8356  7.1495  7.0227
lc_24._13.7_1.43 55007.47962270859716 g 13.8129 0.015224.0000 13.7058 1.4370  6.8356  7.1495  7.0227
lc_24._13.7_1.43 55007.48767702649639 g 13.8126 0.015224.0000 13.7058 1.4370  6.8356  7.1495  7.0227
lc_24._13.7_1.43 55389.41457611839724 g 13.6363 0.015324.0000 13.7058 1.4370  6.8356  7.1495  7.0227
lc_24._13.7_1.43 56150.34261709650309 g 13.8767 0.015224.0000 13.7058 1.4370  6.8356  7.1495  7.0227
lc_24._13.7_1.43 56150.33056826749817 g 13.8849 0.015224.0000 13.7058 1.4370  6.8356  7.1495  7.0227
lc_24._13.7_1.43 56482.37621455820045 g 14.3607 0.015024.5000 13.7058 1.4370  6.8081  7.1228  6.9953
lc_24._13.7_1.43 55722.51018681179994 g 14.4319 0.015024.5000 13.7058 1.4370  6.8081  7.1228  6.9953
lc_24._13.7_1.43 56479.42150584550109 g 14.4393 0.015024.5000 13.7058 1.4370  6.8081  7.1228  6.9953
lc_24._13.7_1.43 55722.52134439530346 g 14.4233 0.015024.5000 13.7058 1.4370  6.8081  7.1228  6.9953
lc_24._13.7_1.43 56482.38608647599904 g 14.3550 0.015024.5000 13.7058 1.4370  6.8081  7.1228  6.9953
lc_24._13.7_1.43 55007.47962270859716 g 14.3328 0.015024.5000 13.7058 1.4370  6.8081  7.1228  6.9953
lc_24._13.7_1.43 55007.48767702649639 g 14.3165 0.015024.5000 13.7058 1.4370  6.8081  7.1228  6.9953
lc_24._13.7_1.43 56150.34261709650309 g 13.6173 0.015324.5000 13.7058 1.4370  6.8081  7.1228  6.9953
lc_24._13.7_1.43 56150.33056826749817 g 13.5921 0.015324.5000 13.7058 1.4370  6.8081  7.1228  6.9953
lc_25._13.7_1.43 56482.37621455820045 g 14.3672 0.015025.0000 13.7058 1.4370  6.7812  7.0966  6.9684
lc_25._13.7_1.43 55722.51018681179994 g 13.9177 0.015225.0000 13.7058 1.4370  6.7812  7.0966  6.9684
lc_25._13.7_1.43 56479.42150584550109 g 14.4161 0.015025.0000 13.7058 1.4370  6.7812  7.0966  6.9684
lc_25._13.7_1.43 55722.52134439530346 g 13.9019 0.015225.0000 13.7058 1.4370  6.7812  7.0966  6.9684
lc_25._13.7_1.43 56482.38608647599904 g 14.3199 0.015025.0000 13.7058 1.4370  6.7812  7.0966  6.9684
lc_25._13.7_1.43 55007.47962270859716 g 14.3187 0.015025.0000 13.7058 1.4370  6.7812  7.0966  6.9684
lc_25._13.7_1.43 55007.48767702649639 g 14.3389 0.015025.0000 13.7058 1.4370  6.7812  7.0966  6.9684
lc_25._13.7_1.43 56150.34261709650309 g 14.1690 0.015125.0000 13.7058 1.4370  6.7812  7.0966  6.9684
lc_25._13.7_1.43 56150.33056826749817 g 14.1654 0.015125.0000 13.7058 1.4370  6.7812  7.0966  6.9684
lc_25._13.7_1.43 55363.46411597089900 g 14.1547 0.015125.5000 13.7058 1.4370  6.7548  7.0709  6.9421
lc_25._13.7_1.43 55363.45294446589833 g 14.1318 0.015125.5000 13.7058 1.4370  6.7548  7.0709  6.9421
lc_25._13.7_1.43 56482.37621455820045 g 14.3342 0.015025.5000 13.7058 1.4370  6.7548  7.0709  6.9421
lc_25._13.7_1.43 56479.42150584550109 g 14.3921 0.015025.5000 13.7058 1.4370  6.7548  7.0709  6.9421
lc_25._13.7_1.43 56482.38608647599904 g 14.3228 0.015025.5000 13.7058 1.4370  6.7548  7.0709  6.9421
lc_25._13.7_1.43 55389.42653004160093 g 13.9717 0.015225.5000 13.7058 1.4370  6.7548  7.0709  6.9421
lc_25._13.7_1.43 55007.47962270859716 g 13.6734 0.015225.5000 13.7058 1.4370  6.7548  7.0709  6.9421
lc_25._13.7_1.43 55007.48767702649639 g 13.6994 0.015225.5000 13.7058 1.4370  6.7548  7.0709  6.9421
lc_25._13.7_1.43 55389.41457611839724 g 13.9675 0.015225.5000 13.7058 1.4370  6.7548  7.0709  6.9421
lc_25._13.7_1.43 56150.34261709650309 g 14.3845 0.015025.5000 13.7058 1.4370  6.7548  7.0709  6.9421
lc_25._13.7_1.43 56150.33056826749817 g 14.3754 0.015025.5000 13.7058 1.4370  6.7548  7.0709  6.9421
lc_26._13.7_1.43 55363.46411597089900 g 14.3667 0.015026.0000 13.7058 1.4370  6.7289  7.0457  6.9163
lc_26._13.7_1.43 55363.45294446589833 g 14.3881 0.015026.0000 13.7058 1.4370  6.7289  7.0457  6.9163
lc_26._13.7_1.43 56482.37621455820045 g 14.2801 0.015126.0000 13.7058 1.4370  6.7289  7.0457  6.9163
lc_26._13.7_1.43 55722.51018681179994 g 14.2746 0.015126.0000 13.7058 1.4370  6.7289  7.0457  6.9163
lc_26._13.7_1.43 56479.42150584550109 g 14.3975 0.015026.0000 13.7058 1.4370  6.7289  7.0457  6.9163
lc_26._13.7_1.43 55722.52134439530346 g 14.2502 0.015126.0000 13.7058 1.4370  6.7289  7.0457  6.9163
lc_26._13.7_1.43 56482.38608647599904 g 14.2905 0.015126.0000 13.7058 1.4370  6.7289  7.0457  6.9163
lc_26._13.7_1.43 55389.42653004160093 g 14.3843 0.015026.0000 13.7058 1.4370  6.7289  7.0457  6.9163
lc_26._13.7_1.43 55389.41457611839724 g 14.3671 0.015026.0000 13.7058 1.4370  6.7289  7.0457  6.9163
lc_26._13.7_1.43 55363.46411597089900 g 14.2394 0.015126.5000 13.7058 1.4370  6.7035  7.0210  6.8909
lc_26._13.7_1.43 55363.45294446589833 g 14.2353 0.015126.5000 13.7058 1.4370  6.7035  7.0210  6.8909
lc_26._13.7_1.43 56482.37621455820045 g 14.2567 0.015126.5000 13.7058 1.4370  6.7035  7.0210  6.8909
lc_26._13.7_1.43 56479.42150584550109 g 14.3931 0.015026.5000 13.7058 1.4370  6.7035  7.0210  6.8909
lc_26._13.7_1.43 56482.38608647599904 g 14.2381 0.015126.5000 13.7058 1.4370  6.7035  7.0210  6.8909
lc_26._13.7_1.43 55389.42653004160093 g 14.2185 0.015126.5000 13.7058 1.4370  6.7035  7.0210  6.8909
lc_26._13.7_1.43 55389.41457611839724 g 14.2023 0.015126.5000 13.7058 1.4370  6.7035  7.0210  6.8909
lc_26._13.7_1.43 56150.34261709650309 g 13.6299 0.015326.5000 13.7058 1.4370  6.7035  7.0210  6.8909
lc_26._13.7_1.43 56150.33056826749817 g 13.6071 0.015326.5000 13.7058 1.4370  6.7035  7.0210  6.8909
lc_27._13.7_1.43 55363.46411597089900 g 13.8162 0.015227.0000 13.7058 1.4370  6.6786  6.9968  6.8661
lc_27._13.7_1.43 55363.45294446589833 g 13.8003 0.015227.0000 13.7058 1.4370  6.6786  6.9968  6.8661
lc_27._13.7_1.43 56482.37621455820045 g 14.2216 0.015127.0000 13.7058 1.4370  6.6786  6.9968  6.8661
lc_27._13.7_1.43 55722.51018681179994 g 14.3705 0.015027.0000 13.7058 1.4370  6.6786  6.9968  6.8661
lc_27._13.7_1.43 56479.42150584550109 g 14.3667 0.015027.0000 13.7058 1.4370  6.6786  6.9968  6.8661
lc_27._13.7_1.43 55722.52134439530346 g 14.3743 0.015027.0000 13.7058 1.4370  6.6786  6.9968  6.8661
lc_27._13.7_1.43 56482.38608647599904 g 14.2411 0.015127.0000 13.7058 1.4370  6.6786  6.9968  6.8661
lc_27._13.7_1.43 55389.42653004160093 g 13.7207 0.015227.0000 13.7058 1.4370  6.6786  6.9968  6.8661
lc_27._13.7_1.43 55389.41457611839724 g 13.7008 0.015227.0000 13.7058 1.4370  6.6786  6.9968  6.8661
lc_27._13.7_1.43 56150.34261709650309 g 14.1208 0.015127.0000 13.7058 1.4370  6.6786  6.9968  6.8661
lc_27._13.7_1.43 56150.33056826749817 g 14.1024 0.015127.0000 13.7058 1.4370  6.6786  6.9968  6.8661
lc_27._13.7_1.43 56482.37621455820045 g 14.2032 0.015127.5000 13.7058 1.4370  6.6541  6.9730  6.8417
lc_27._13.7_1.43 56479.42150584550109 g 14.3329 0.015027.5000 13.7058 1.4370  6.6541  6.9730  6.8417
lc_27._13.7_1.43 56482.38608647599904 g 14.1938 0.015127.5000 13.7058 1.4370  6.6541  6.9730  6.8417
lc_27._13.7_1.43 56150.34261709650309 g 14.3423 0.015027.5000 13.7058 1.4370  6.6541  6.9730  6.8417
lc_27._13.7_1.43 56150.33056826749817 g 14.3503 0.015027.5000 13.7058 1.4370  6.6541  6.9730  6.8417
lc_28._13.7_1.43 55363.46411597089900 g 14.1111 0.015128.0000 13.7058 1.4370  6.6301  6.9496  6.8177
lc_28._13.7_1.43 55363.45294446589833 g 14.1263 0.015128.0000 13.7058 1.4370  6.6301  6.9496  6.8177
lc_28._13.7_1.43 56482.37621455820045 g 14.1684 0.015128.0000 13.7058 1.4370  6.6301  6.9496  6.8177
lc_28._13.7_1.43 55722.51018681179994 g 14.3412 0.015028.0000 13.7058 1.4370  6.6301  6.9496  6.8177
lc_28._13.7_1.43 56479.42150584550109 g 14.3171 0.015028.0000 13.7058 1.4370  6.6301  6.9496  6.8177
lc_28._13.7_1.43 55722.52134439530346 g 14.3293 0.015028.0000 13.7058 1.4370  6.6301  6.9496  6.8177
lc_28._13.7_1.43 56482.38608647599904 g 14.1740 0.015128.0000 13.7058 1.4370  6.6301  6.9496  6.8177
lc_28._13.7_1.43 55389.42653004160093 g 14.2846 0.015128.0000 13.7058 1.4370  6.6301  6.9496  6.8177
lc_28._13.7_1.43 55389.41457611839724 g 14.3017 0.015128.0000 13.7058 1.4370  6.6301  6.9496  6.8177
lc_28._13.7_1.43 56150.34261709650309 g 13.6132 0.015328.0000 13.7058 1.4370  6.6301  6.9496  6.8177
lc_28._13.7_1.43 56150.33056826749817 g 13.6186 0.015328.0000 13.7058 1.4370  6.6301  6.9496  6.8177
lc_28._13.7_1.43 55363.46411597089900 g 14.1368 0.015128.5000 13.7058 1.4370  6.6065  6.9267  6.7942
lc_28._13.7_1.43 55363.45294446589833 g 14.1476 0.015128.5000 13.7058 1.4370  6.6065  6.9267  6.7942
lc_28._13.7_1.43 56482.37621455820045 g 14.1412 0.015128.5000 13.7058 1.4370  6.6065  6.9267  6.7942
lc_28._13.7_1.43 56479.42150584550109 g 14.3057 0.015128.5000 13.7058 1.4370  6.6065  6.9267  6.7942
lc_28._13.7_1.43 56482.38608647599904 g 14.1512 0.015128.5000 13.7058 1.4370  6.6065  6.9267  6.7942
lc_28._13.7_1.43 55389.42653004160093 g 13.9860 0.015228.5000 13.7058 1.4370  6.6065  6.9267  6.7942
lc_28._13.7_1.43 55389.41457611839724 g 13.9666 0.015228.5000 13.7058 1.4370  6.6065  6.9267  6.7942
lc_29._13.7_1.43 56482.37621455820045 g 14.1426 0.015129.0000 13.7058 1.4370  6.5833  6.9041  6.7710
lc_29._13.7_1.43 55722.51018681179994 g 14.2977 0.015129.0000 13.7058 1.4370  6.5833  6.9041  6.7710
lc_29._13.7_1.43 56479.42150584550109 g 14.3359 0.015029.0000 13.7058 1.4370  6.5833  6.9041  6.7710
lc_29._13.7_1.43 55722.52134439530346 g 14.2653 0.015129.0000 13.7058 1.4370  6.5833  6.9041  6.7710
lc_29._13.7_1.43 56482.38608647599904 g 14.1000 0.015129.0000 13.7058 1.4370  6.5833  6.9041  6.7710
lc_29._13.7_1.43 56150.34261709650309 g 13.7831 0.015229.0000 13.7058 1.4370  6.5833  6.9041  6.7710
lc_29._13.7_1.43 56150.33056826749817 g 13.7774 0.015229.0000 13.7058 1.4370  6.5833  6.9041  6.7710
lc_29._13.7_1.43 55363.46411597089900 g 14.1029 0.015129.5000 13.7058 1.4370  6.5606  6.8820  6.7483
lc_29._13.7_1.43 55363.45294446589833 g 14.0821 0.015129.5000 13.7058 1.4370  6.5606  6.8820  6.7483
lc_29._13.7_1.43 56482.37621455820045 g 14.0976 0.015129.5000 13.7058 1.4370  6.5606  6.8820  6.7483
lc_29._13.7_1.43 56479.42150584550109 g 14.2979 0.015129.5000 13.7058 1.4370  6.5606  6.8820  6.7483
lc_29._13.7_1.43 56482.38608647599904 g 14.0889 0.015129.5000 13.7058 1.4370  6.5606  6.8820  6.7483
lc_29._13.7_1.43 55389.42653004160093 g 14.2349 0.015129.5000 13.7058 1.4370  6.5606  6.8820  6.7483
lc_29._13.7_1.43 55007.47962270859716 g 14.1268 0.015129.5000 13.7058 1.4370  6.5606  6.8820  6.7483
lc_29._13.7_1.43 55007.48767702649639 g 14.0958 0.015129.5000 13.7058 1.4370  6.5606  6.8820  6.7483
lc_29._13.7_1.43 55389.41457611839724 g 14.2645 0.015129.5000 13.7058 1.4370  6.5606  6.8820  6.7483
lc_29._13.7_1.43 56150.34261709650309 g 14.1780 0.015129.5000 13.7058 1.4370  6.5606  6.8820  6.7483
lc_29._13.7_1.43 56150.33056826749817 g 14.1598 0.015129.5000 13.7058 1.4370  6.5606  6.8820  6.7483
lc_30._13.7_1.43 55363.46411597089900 g 14.0565 0.015130.0000 13.7058 1.4370  6.5382  6.8602  6.7260
lc_30._13.7_1.43 55363.45294446589833 g 14.0554 0.015130.0000 13.7058 1.4370  6.5382  6.8602  6.7260
lc_30._13.7_1.43 56482.37621455820045 g 14.0922 0.015130.0000 13.7058 1.4370  6.5382  6.8602  6.7260
lc_30._13.7_1.43 55722.51018681179994 g 14.0392 0.015230.0000 13.7058 1.4370  6.5382  6.8602  6.7260
lc_30._13.7_1.43 56479.42150584550109 g 14.2984 0.015130.0000 13.7058 1.4370  6.5382  6.8602  6.7260
lc_30._13.7_1.43 55722.52134439530346 g 14.0077 0.015230.0000 13.7058 1.4370  6.5382  6.8602  6.7260
lc_30._13.7_1.43 56482.38608647599904 g 14.0793 0.015130.0000 13.7058 1.4370  6.5382  6.8602  6.7260
lc_30._13.7_1.43 55389.42653004160093 g 13.7559 0.015230.0000 13.7058 1.4370  6.5382  6.8602  6.7260
lc_30._13.7_1.43 55007.47962270859716 g 14.2783 0.015130.0000 13.7058 1.4370  6.5382  6.8602  6.7260
lc_30._13.7_1.43 55007.48767702649639 g 14.2848 0.015130.0000 13.7058 1.4370  6.5382  6.8602  6.7260
lc_30._13.7_1.43 55389.41457611839724 g 13.7934 0.015230.0000 13.7058 1.4370  6.5382  6.8602  6.7260
lc_30._13.7_1.43 56150.34261709650309 g 14.2466 0.015130.0000 13.7058 1.4370  6.5382  6.8602  6.7260
lc_30._13.7_1.43 56150.33056826749817 g 14.2792 0.015130.0000 13.7058 1.4370  6.5382  6.8602  6.7260
