# Name Epoch Band Mag eMag period DM E(B-V) KMEAN  W1MEAN W2MEAN
0.47712.7_1.3_11 56538.24849002609699 g 13.8650 0.0152 3.0000 12.7079 1.3263 8.9542 8.9852 8.8097
0.47713.1_1.3_11 56538.24849002609699 g 14.5408 0.0150 3.0000 13.1419 1.3959 9.4031 9.4488 9.2639
0.47713.1_1.3_11 56455.53867639540113 r 13.5275 0.0011 3.0000 13.1419 1.3959 9.4031 9.4488 9.2639
0.47713.1_1.3_11 56455.54845129969908 r 13.5305 0.0011 3.0000 13.1419 1.3959 9.4031 9.4488 9.2639
0.47713.1_1.3_11 55751.38532522119931 r 13.7187 0.0012 3.0000 13.1419 1.3959 9.4031 9.4488 9.2639
0.47713.1_1.3_11 55751.38472358880244 r 13.7163 0.0012 3.0000 13.1419 1.3959 9.4031 9.4488 9.2639
0.47713.9_1.4_11 56538.24849002609699 g 15.4375 0.0149 3.0000 13.9759 1.4147 10.2405 10.2746 10.1065
0.47713.9_1.4_11 55365.54138303350192 r 13.9861 0.0014 3.0000 13.9759 1.4147 10.2405 10.2746 10.1065
0.47713.9_1.4_11 55365.55279374730162 r 13.9919 0.0014 3.0000 13.9759 1.4147 10.2405 10.2746 10.1065
0.47713.9_1.4_11 56455.53867639540113 r 14.4030 0.0017 3.0000 13.9759 1.4147 10.2405 10.2746 10.1065
0.47713.9_1.4_11 56455.54845129969908 r 14.4088 0.0017 3.0000 13.9759 1.4147 10.2405 10.2746 10.1065
0.47713.9_1.4_11 55751.38532522119931 r 14.5967 0.0018 3.0000 13.9759 1.4147 10.2405 10.2746 10.1065
0.47713.9_1.4_11 55751.38472358880244 r 14.5933 0.0018 3.0000 13.9759 1.4147 10.2405 10.2746 10.1065
0.47713.9_1.4_11 56470.46085263130226 i 13.7308 0.0152 3.0000 13.9759 1.4147 10.2405 10.2746 10.1065
0.47713.9_1.4_11 55368.47286136129696 i 13.5133 0.0154 3.0000 13.9759 1.4147 10.2405 10.2746 10.1065
0.47713.9_1.4_11 55368.48553904269647 i 13.5131 0.0154 3.0000 13.9759 1.4147 10.2405 10.2746 10.1065
0.47713.9_1.4_11 55762.43413221139781 i 13.7095 0.0152 3.0000 13.9759 1.4147 10.2405 10.2746 10.1065
0.47713.9_1.4_11 55762.44521914929646 i 13.7098 0.0152 3.0000 13.9759 1.4147 10.2405 10.2746 10.1065
0.47713.9_1.4_11 55814.29156187640183 i 13.9417 0.0150 3.0000 13.9759 1.4147 10.2405 10.2746 10.1065
0.47713.9_1.4_11 55814.28131575539737 i 13.9079 0.0150 3.0000 13.9759 1.4147 10.2405 10.2746 10.1065
0.47713.9_1.4_11 55814.27304463140172 i 13.9115 0.0150 3.0000 13.9759 1.4147 10.2405 10.2746 10.1065
0.47713.9_1.4_11 55814.28329884410050 i 13.8727 0.0151 3.0000 13.9759 1.4147 10.2405 10.2746 10.1065
0.47713.9_1.4_11 56087.54433193120349 i 13.8855 0.0151 3.0000 13.9759 1.4147 10.2405 10.2746 10.1065
0.47713.9_1.4_11 56087.55470092030009 i 13.8237 0.0151 3.0000 13.9759 1.4147 10.2405 10.2746 10.1065
0.47713.9_1.4_11 56463.48284840059932 i 13.5204 0.0154 3.0000 13.9759 1.4147 10.2405 10.2746 10.1065
0.47713.9_1.4_11 56463.47191794060200 i 13.5319 0.0154 3.0000 13.9759 1.4147 10.2405 10.2746 10.1065
0.47713.9_1.4_11 56545.24850367839827 i 13.6801 0.0153 3.0000 13.9759 1.4147 10.2405 10.2746 10.1065
0.47714.6_1.4_11 56538.24849002609699 g 16.0958 0.0154 3.0000 14.6547 1.4147 10.9231 10.9490 10.7681
0.47714.6_1.4_11 55365.54138303350192 r 14.6657 0.0019 3.0000 14.6547 1.4147 10.9231 10.9490 10.7681
0.47714.6_1.4_11 55365.55279374730162 r 14.6678 0.0019 3.0000 14.6547 1.4147 10.9231 10.9490 10.7681
0.47714.6_1.4_11 56455.53867639540113 r 15.0878 0.0024 3.0000 14.6547 1.4147 10.9231 10.9490 10.7681
0.47714.6_1.4_11 56455.54845129969908 r 15.0858 0.0024 3.0000 14.6547 1.4147 10.9231 10.9490 10.7681
0.47714.6_1.4_11 55751.38532522119931 r 15.2763 0.0026 3.0000 14.6547 1.4147 10.9231 10.9490 10.7681
0.47714.6_1.4_11 55751.38472358880244 r 15.2742 0.0026 3.0000 14.6547 1.4147 10.9231 10.9490 10.7681
0.47714.6_1.4_11 56470.46085263130226 i 14.4387 0.0147 3.0000 14.6547 1.4147 10.9231 10.9490 10.7681
0.47714.6_1.4_11 55368.47286136129696 i 14.2171 0.0148 3.0000 14.6547 1.4147 10.9231 10.9490 10.7681
0.47714.6_1.4_11 55368.48553904269647 i 14.2534 0.0148 3.0000 14.6547 1.4147 10.9231 10.9490 10.7681
0.47714.6_1.4_11 55762.43413221139781 i 14.4042 0.0147 3.0000 14.6547 1.4147 10.9231 10.9490 10.7681
0.47714.6_1.4_11 55762.44521914929646 i 14.3922 0.0147 3.0000 14.6547 1.4147 10.9231 10.9490 10.7681
0.47714.6_1.4_11 55814.29156187640183 i 14.5634 0.0146 3.0000 14.6547 1.4147 10.9231 10.9490 10.7681
0.47714.6_1.4_11 55814.28131575539737 i 14.5654 0.0146 3.0000 14.6547 1.4147 10.9231 10.9490 10.7681
0.47714.6_1.4_11 55814.27304463140172 i 14.6027 0.0146 3.0000 14.6547 1.4147 10.9231 10.9490 10.7681
0.47714.6_1.4_11 55814.28329884410050 i 14.5567 0.0146 3.0000 14.6547 1.4147 10.9231 10.9490 10.7681
0.47714.6_1.4_11 56087.54433193120349 i 14.5333 0.0146 3.0000 14.6547 1.4147 10.9231 10.9490 10.7681
0.47714.6_1.4_11 56087.55470092030009 i 14.5628 0.0146 3.0000 14.6547 1.4147 10.9231 10.9490 10.7681
0.47714.6_1.4_11 56463.48284840059932 i 14.1909 0.0148 3.0000 14.6547 1.4147 10.9231 10.9490 10.7681
0.47714.6_1.4_11 56463.47191794060200 i 14.1845 0.0148 3.0000 14.6547 1.4147 10.9231 10.9490 10.7681
0.47714.6_1.4_11 56545.24850367839827 i 14.3221 0.0147 3.0000 14.6547 1.4147 10.9231 10.9490 10.7681
0.54412.7_1.3_11 56538.24849002609699 g 13.7376 0.0152 3.5000 12.7079 1.3263 8.7471 8.7869 8.6076
0.54413.1_1.3_11 56538.24849002609699 g 14.4208 0.0150 3.5000 13.1419 1.3959 9.1950 9.2141 9.0420
0.54413.9_1.4_11 56538.24849002609699 g 15.3211 0.0149 3.5000 13.9759 1.4147 10.0413 10.0592  9.8778
0.54413.9_1.4_11 55365.54138303350192 r 13.8353 0.0013 3.5000 13.9759 1.4147 10.0413 10.0592  9.8778
0.54413.9_1.4_11 55365.55279374730162 r 13.8189 0.0013 3.5000 13.9759 1.4147 10.0413 10.0592  9.8778
0.54413.9_1.4_11 56455.53867639540113 r 14.1920 0.0015 3.5000 13.9759 1.4147 10.0413 10.0592  9.8778
0.54413.9_1.4_11 56455.54845129969908 r 14.1900 0.0015 3.5000 13.9759 1.4147 10.0413 10.0592  9.8778
0.54413.9_1.4_11 55751.38532522119931 r 13.9530 0.0014 3.5000 13.9759 1.4147 10.0413 10.0592  9.8778
0.54413.9_1.4_11 55751.38472358880244 r 13.9518 0.0014 3.5000 13.9759 1.4147 10.0413 10.0592  9.8778
0.54413.9_1.4_11 56470.46085263130226 i 13.7295 0.0152 3.5000 13.9759 1.4147 10.0413 10.0592  9.8778
0.54413.9_1.4_11 55368.47286136129696 i 13.7042 0.0152 3.5000 13.9759 1.4147 10.0413 10.0592  9.8778
0.54413.9_1.4_11 55368.48553904269647 i 13.7179 0.0152 3.5000 13.9759 1.4147 10.0413 10.0592  9.8778
0.54413.9_1.4_11 56463.48284840059932 i 13.8078 0.0151 3.5000 13.9759 1.4147 10.0413 10.0592  9.8778
0.54413.9_1.4_11 56463.47191794060200 i 13.7666 0.0152 3.5000 13.9759 1.4147 10.0413 10.0592  9.8778
0.54414.6_1.4_11 56538.24849002609699 g 15.9744 0.0152 3.5000 14.6547 1.4147 10.7225 10.7259 10.5433
0.54414.6_1.4_11 55365.54138303350192 r 14.5108 0.0018 3.5000 14.6547 1.4147 10.7225 10.7259 10.5433
0.54414.6_1.4_11 55365.55279374730162 r 14.4974 0.0017 3.5000 14.6547 1.4147 10.7225 10.7259 10.5433
0.54414.6_1.4_11 56455.53867639540113 r 14.8691 0.0021 3.5000 14.6547 1.4147 10.7225 10.7259 10.5433
0.54414.6_1.4_11 56455.54845129969908 r 14.8705 0.0021 3.5000 14.6547 1.4147 10.7225 10.7259 10.5433
0.54414.6_1.4_11 55751.38532522119931 r 14.6302 0.0019 3.5000 14.6547 1.4147 10.7225 10.7259 10.5433
0.54414.6_1.4_11 55751.38472358880244 r 14.6271 0.0019 3.5000 14.6547 1.4147 10.7225 10.7259 10.5433
0.54414.6_1.4_11 56470.46085263130226 i 14.4766 0.0147 3.5000 14.6547 1.4147 10.7225 10.7259 10.5433
0.54414.6_1.4_11 55368.47286136129696 i 14.3909 0.0147 3.5000 14.6547 1.4147 10.7225 10.7259 10.5433
0.54414.6_1.4_11 55368.48553904269647 i 14.4038 0.0147 3.5000 14.6547 1.4147 10.7225 10.7259 10.5433
0.54414.6_1.4_11 55762.43413221139781 i 14.1481 0.0149 3.5000 14.6547 1.4147 10.7225 10.7259 10.5433
0.54414.6_1.4_11 55762.44521914929646 i 14.1661 0.0148 3.5000 14.6547 1.4147 10.7225 10.7259 10.5433
0.54414.6_1.4_11 55814.29156187640183 i 14.1165 0.0149 3.5000 14.6547 1.4147 10.7225 10.7259 10.5433
0.54414.6_1.4_11 55814.28131575539737 i 14.1010 0.0149 3.5000 14.6547 1.4147 10.7225 10.7259 10.5433
0.54414.6_1.4_11 55814.27304463140172 i 14.1043 0.0149 3.5000 14.6547 1.4147 10.7225 10.7259 10.5433
0.54414.6_1.4_11 55814.28329884410050 i 14.1003 0.0149 3.5000 14.6547 1.4147 10.7225 10.7259 10.5433
0.54414.6_1.4_11 56087.54433193120349 i 14.1183 0.0149 3.5000 14.6547 1.4147 10.7225 10.7259 10.5433
0.54414.6_1.4_11 56087.55470092030009 i 14.1186 0.0149 3.5000 14.6547 1.4147 10.7225 10.7259 10.5433
0.54414.6_1.4_11 56463.48284840059932 i 14.4347 0.0147 3.5000 14.6547 1.4147 10.7225 10.7259 10.5433
0.54414.6_1.4_11 56463.47191794060200 i 14.4125 0.0147 3.5000 14.6547 1.4147 10.7225 10.7259 10.5433
0.54414.6_1.4_11 56545.24850367839827 i 14.0459 0.0149 3.5000 14.6547 1.4147 10.7225 10.7259 10.5433
0.60212.7_1.3_11 56538.24849002609699 g 13.6158 0.0153 4.0000 12.7079 1.3263 8.5516 8.5787 8.4208
0.60213.1_1.3_11 56538.24849002609699 g 14.2959 0.0151 4.0000 13.1419 1.3959 9.0393 9.0296 8.8450
0.60213.9_1.4_11 56538.24849002609699 g 15.1961 0.0148 4.0000 13.9759 1.4147 9.8736 9.8838 9.6942
0.60213.9_1.4_11 55365.54138303350192 r 14.1879 0.0015 4.0000 13.9759 1.4147 9.8736 9.8838 9.6942
0.60213.9_1.4_11 55365.55279374730162 r 14.1809 0.0015 4.0000 13.9759 1.4147 9.8736 9.8838 9.6942
0.60213.9_1.4_11 56455.53867639540113 r 13.9986 0.0014 4.0000 13.9759 1.4147 9.8736 9.8838 9.6942
0.60213.9_1.4_11 56455.54845129969908 r 14.0008 0.0014 4.0000 13.9759 1.4147 9.8736 9.8838 9.6942
0.60213.9_1.4_11 55751.38532522119931 r 13.9522 0.0014 4.0000 13.9759 1.4147 9.8736 9.8838 9.6942
0.60213.9_1.4_11 55751.38472358880244 r 13.9507 0.0014 4.0000 13.9759 1.4147 9.8736 9.8838 9.6942
0.60213.9_1.4_11 55368.47286136129696 i 13.5838 0.0153 4.0000 13.9759 1.4147 9.8736 9.8838 9.6942
0.60213.9_1.4_11 55368.48553904269647 i 13.5600 0.0154 4.0000 13.9759 1.4147 9.8736 9.8838 9.6942
0.60213.9_1.4_11 56545.24850367839827 i 13.5664 0.0154 4.0000 13.9759 1.4147 9.8736 9.8838 9.6942
0.60214.6_1.4_11 56538.24849002609699 g 15.8647 0.0151 4.0000 14.6547 1.4147 10.5407 10.5538 10.3743
0.60214.6_1.4_11 55365.54138303350192 r 14.8690 0.0021 4.0000 14.6547 1.4147 10.5407 10.5538 10.3743
0.60214.6_1.4_11 55365.55279374730162 r 14.8596 0.0021 4.0000 14.6547 1.4147 10.5407 10.5538 10.3743
0.60214.6_1.4_11 56455.53867639540113 r 14.6766 0.0019 4.0000 14.6547 1.4147 10.5407 10.5538 10.3743
0.60214.6_1.4_11 56455.54845129969908 r 14.6805 0.0019 4.0000 14.6547 1.4147 10.5407 10.5538 10.3743
0.60214.6_1.4_11 55751.38532522119931 r 14.6300 0.0019 4.0000 14.6547 1.4147 10.5407 10.5538 10.3743
0.60214.6_1.4_11 55751.38472358880244 r 14.6306 0.0019 4.0000 14.6547 1.4147 10.5407 10.5538 10.3743
0.60214.6_1.4_11 56470.46085263130226 i 13.8616 0.0151 4.0000 14.6547 1.4147 10.5407 10.5538 10.3743
0.60214.6_1.4_11 55368.47286136129696 i 14.2327 0.0148 4.0000 14.6547 1.4147 10.5407 10.5538 10.3743
0.60214.6_1.4_11 55368.48553904269647 i 14.2394 0.0148 4.0000 14.6547 1.4147 10.5407 10.5538 10.3743
0.60214.6_1.4_11 55762.43413221139781 i 13.8810 0.0151 4.0000 14.6547 1.4147 10.5407 10.5538 10.3743
0.60214.6_1.4_11 55762.44521914929646 i 13.9116 0.0150 4.0000 14.6547 1.4147 10.5407 10.5538 10.3743
0.60214.6_1.4_11 55814.29156187640183 i 13.8404 0.0151 4.0000 14.6547 1.4147 10.5407 10.5538 10.3743
0.60214.6_1.4_11 55814.28131575539737 i 13.8808 0.0151 4.0000 14.6547 1.4147 10.5407 10.5538 10.3743
0.60214.6_1.4_11 55814.27304463140172 i 13.8902 0.0151 4.0000 14.6547 1.4147 10.5407 10.5538 10.3743
0.60214.6_1.4_11 55814.28329884410050 i 13.8866 0.0151 4.0000 14.6547 1.4147 10.5407 10.5538 10.3743
0.60214.6_1.4_11 56087.54433193120349 i 14.0092 0.0150 4.0000 14.6547 1.4147 10.5407 10.5538 10.3743
0.60214.6_1.4_11 56087.55470092030009 i 14.0070 0.0150 4.0000 14.6547 1.4147 10.5407 10.5538 10.3743
0.60214.6_1.4_11 56463.48284840059932 i 14.0079 0.0150 4.0000 14.6547 1.4147 10.5407 10.5538 10.3743
0.60214.6_1.4_11 56463.47191794060200 i 14.0308 0.0149 4.0000 14.6547 1.4147 10.5407 10.5538 10.3743
0.60214.6_1.4_11 56545.24850367839827 i 14.3053 0.0147 4.0000 14.6547 1.4147 10.5407 10.5538 10.3743
0.65312.7_1.3_11 56538.24849002609699 g 13.5285 0.0153 4.5000 12.7079 1.3263 8.4103 8.4059 8.2398
0.65313.1_1.3_11 56538.24849002609699 g 14.2080 0.0151 4.5000 13.1419 1.3959 8.8603 8.8483 8.6982
0.65313.9_1.4_11 56538.24849002609699 g 15.0947 0.0148 4.5000 13.9759 1.4147 9.7233 9.6949 9.5343
0.65313.9_1.4_11 55365.54138303350192 r 13.9674 0.0014 4.5000 13.9759 1.4147 9.7233 9.6949 9.5343
0.65313.9_1.4_11 55365.55279374730162 r 13.9684 0.0014 4.5000 13.9759 1.4147 9.7233 9.6949 9.5343
0.65313.9_1.4_11 56455.53867639540113 r 14.1455 0.0015 4.5000 13.9759 1.4147 9.7233 9.6949 9.5343
0.65313.9_1.4_11 56455.54845129969908 r 14.1466 0.0015 4.5000 13.9759 1.4147 9.7233 9.6949 9.5343
0.65313.9_1.4_11 55751.38532522119931 r 13.6361 0.0012 4.5000 13.9759 1.4147 9.7233 9.6949 9.5343
0.65313.9_1.4_11 55751.38472358880244 r 13.6380 0.0012 4.5000 13.9759 1.4147 9.7233 9.6949 9.5343
0.65314.6_1.4_11 56538.24849002609699 g 15.7618 0.0150 4.5000 14.6547 1.4147 10.3878 10.3840 10.2127
0.65314.6_1.4_11 55365.54138303350192 r 14.6421 0.0019 4.5000 14.6547 1.4147 10.3878 10.3840 10.2127
0.65314.6_1.4_11 55365.55279374730162 r 14.6458 0.0019 4.5000 14.6547 1.4147 10.3878 10.3840 10.2127
0.65314.6_1.4_11 56455.53867639540113 r 14.8235 0.0021 4.5000 14.6547 1.4147 10.3878 10.3840 10.2127
0.65314.6_1.4_11 56455.54845129969908 r 14.8257 0.0021 4.5000 14.6547 1.4147 10.3878 10.3840 10.2127
0.65314.6_1.4_11 55751.38532522119931 r 14.3153 0.0016 4.5000 14.6547 1.4147 10.3878 10.3840 10.2127
0.65314.6_1.4_11 55751.38472358880244 r 14.3123 0.0016 4.5000 14.6547 1.4147 10.3878 10.3840 10.2127
0.65314.6_1.4_11 56470.46085263130226 i 13.8311 0.0151 4.5000 14.6547 1.4147 10.3878 10.3840 10.2127
0.65314.6_1.4_11 55368.47286136129696 i 13.7917 0.0152 4.5000 14.6547 1.4147 10.3878 10.3840 10.2127
0.65314.6_1.4_11 55368.48553904269647 i 13.7770 0.0152 4.5000 14.6547 1.4147 10.3878 10.3840 10.2127
0.65314.6_1.4_11 55762.43413221139781 i 14.1817 0.0148 4.5000 14.6547 1.4147 10.3878 10.3840 10.2127
0.65314.6_1.4_11 55762.44521914929646 i 14.1715 0.0148 4.5000 14.6547 1.4147 10.3878 10.3840 10.2127
0.65314.6_1.4_11 55814.29156187640183 i 13.8415 0.0151 4.5000 14.6547 1.4147 10.3878 10.3840 10.2127
0.65314.6_1.4_11 55814.28131575539737 i 13.7909 0.0152 4.5000 14.6547 1.4147 10.3878 10.3840 10.2127
0.65314.6_1.4_11 55814.27304463140172 i 13.8319 0.0151 4.5000 14.6547 1.4147 10.3878 10.3840 10.2127
0.65314.6_1.4_11 55814.28329884410050 i 13.8061 0.0151 4.5000 14.6547 1.4147 10.3878 10.3840 10.2127
0.65314.6_1.4_11 56087.54433193120349 i 14.0475 0.0149 4.5000 14.6547 1.4147 10.3878 10.3840 10.2127
0.65314.6_1.4_11 56087.55470092030009 i 14.0326 0.0149 4.5000 14.6547 1.4147 10.3878 10.3840 10.2127
0.65314.6_1.4_11 56463.48284840059932 i 13.9917 0.0150 4.5000 14.6547 1.4147 10.3878 10.3840 10.2127
0.65314.6_1.4_11 56463.47191794060200 i 13.9572 0.0150 4.5000 14.6547 1.4147 10.3878 10.3840 10.2127
0.65314.6_1.4_11 56545.24850367839827 i 14.0854 0.0149 4.5000 14.6547 1.4147 10.3878 10.3840 10.2127
0.69813.1_1.3_11 56538.24849002609699 g 14.1126 0.0151 5.0000 13.1419 1.3959 8.7372 8.7223 8.5371
0.69813.9_1.4_11 56538.24849002609699 g 14.9981 0.0148 5.0000 13.9759 1.4147 9.5728 9.5577 9.3795
0.69813.9_1.4_11 55365.54138303350192 r 13.9141 0.0013 5.0000 13.9759 1.4147 9.5728 9.5577 9.3795
0.69813.9_1.4_11 55365.55279374730162 r 13.9190 0.0013 5.0000 13.9759 1.4147 9.5728 9.5577 9.3795
0.69813.9_1.4_11 56455.53867639540113 r 13.9179 0.0013 5.0000 13.9759 1.4147 9.5728 9.5577 9.3795
0.69813.9_1.4_11 56455.54845129969908 r 13.9180 0.0013 5.0000 13.9759 1.4147 9.5728 9.5577 9.3795
0.69813.9_1.4_11 55751.38532522119931 r 14.0450 0.0014 5.0000 13.9759 1.4147 9.5728 9.5577 9.3795
0.69813.9_1.4_11 55751.38472358880244 r 14.0442 0.0014 5.0000 13.9759 1.4147 9.5728 9.5577 9.3795
0.69814.6_1.4_11 56538.24849002609699 g 15.6917 0.0150 5.0000 14.6547 1.4147 10.2424 10.2254 10.0596
0.69814.6_1.4_11 55365.54138303350192 r 14.5978 0.0018 5.0000 14.6547 1.4147 10.2424 10.2254 10.0596
0.69814.6_1.4_11 55365.55279374730162 r 14.5958 0.0018 5.0000 14.6547 1.4147 10.2424 10.2254 10.0596
0.69814.6_1.4_11 56455.53867639540113 r 14.5932 0.0018 5.0000 14.6547 1.4147 10.2424 10.2254 10.0596
0.69814.6_1.4_11 56455.54845129969908 r 14.5962 0.0018 5.0000 14.6547 1.4147 10.2424 10.2254 10.0596
0.69814.6_1.4_11 55751.38532522119931 r 14.7231 0.0020 5.0000 14.6547 1.4147 10.2424 10.2254 10.0596
0.69814.6_1.4_11 55751.38472358880244 r 14.7211 0.0020 5.0000 14.6547 1.4147 10.2424 10.2254 10.0596
0.69814.6_1.4_11 56470.46085263130226 i 13.9051 0.0151 5.0000 14.6547 1.4147 10.2424 10.2254 10.0596
0.69814.6_1.4_11 55368.47286136129696 i 13.6853 0.0152 5.0000 14.6547 1.4147 10.2424 10.2254 10.0596
0.69814.6_1.4_11 55368.48553904269647 i 13.6328 0.0153 5.0000 14.6547 1.4147 10.2424 10.2254 10.0596
0.69814.6_1.4_11 55762.43413221139781 i 13.9495 0.0150 5.0000 14.6547 1.4147 10.2424 10.2254 10.0596
0.69814.6_1.4_11 55762.44521914929646 i 13.9367 0.0150 5.0000 14.6547 1.4147 10.2424 10.2254 10.0596
0.69814.6_1.4_11 55814.29156187640183 i 13.7563 0.0152 5.0000 14.6547 1.4147 10.2424 10.2254 10.0596
0.69814.6_1.4_11 55814.28131575539737 i 13.7569 0.0152 5.0000 14.6547 1.4147 10.2424 10.2254 10.0596
0.69814.6_1.4_11 55814.27304463140172 i 13.7842 0.0152 5.0000 14.6547 1.4147 10.2424 10.2254 10.0596
0.69814.6_1.4_11 55814.28329884410050 i 13.7616 0.0152 5.0000 14.6547 1.4147 10.2424 10.2254 10.0596
0.69814.6_1.4_11 56087.54433193120349 i 13.8827 0.0151 5.0000 14.6547 1.4147 10.2424 10.2254 10.0596
0.69814.6_1.4_11 56087.55470092030009 i 13.8961 0.0151 5.0000 14.6547 1.4147 10.2424 10.2254 10.0596
0.69814.6_1.4_11 56463.48284840059932 i 13.6861 0.0152 5.0000 14.6547 1.4147 10.2424 10.2254 10.0596
0.69814.6_1.4_11 56463.47191794060200 i 13.6611 0.0153 5.0000 14.6547 1.4147 10.2424 10.2254 10.0596
0.69814.6_1.4_11 56545.24850367839827 i 13.8421 0.0151 5.0000 14.6547 1.4147 10.2424 10.2254 10.0596
0.74013.1_1.3_11 56538.24849002609699 g 14.0621 0.0151 5.5000 13.1419 1.3959 8.5979 8.5756 8.4163
0.74013.9_1.4_11 56538.24849002609699 g 14.9365 0.0149 5.5000 13.9759 1.4147 9.4520 9.4061 9.2584
0.74013.9_1.4_11 55365.54138303350192 r 13.9545 0.0014 5.5000 13.9759 1.4147 9.4520 9.4061 9.2584
0.74013.9_1.4_11 55365.55279374730162 r 13.9498 0.0014 5.5000 13.9759 1.4147 9.4520 9.4061 9.2584
0.74014.6_1.4_11 56538.24849002609699 g 15.6329 0.0150 5.5000 14.6547 1.4147 10.1019 10.0914  9.9480
0.74014.6_1.4_11 55365.54138303350192 r 14.6357 0.0019 5.5000 14.6547 1.4147 10.1019 10.0914  9.9480
0.74014.6_1.4_11 55365.55279374730162 r 14.6323 0.0019 5.5000 14.6547 1.4147 10.1019 10.0914  9.9480
0.74014.6_1.4_11 56455.53867639540113 r 14.0167 0.0014 5.5000 14.6547 1.4147 10.1019 10.0914  9.9480
0.74014.6_1.4_11 56455.54845129969908 r 14.0120 0.0014 5.5000 14.6547 1.4147 10.1019 10.0914  9.9480
0.74014.6_1.4_11 55751.38532522119931 r 14.1009 0.0015 5.5000 14.6547 1.4147 10.1019 10.0914  9.9480
0.74014.6_1.4_11 55751.38472358880244 r 14.1016 0.0015 5.5000 14.6547 1.4147 10.1019 10.0914  9.9480
0.74014.6_1.4_11 56470.46085263130226 i 14.0534 0.0149 5.5000 14.6547 1.4147 10.1019 10.0914  9.9480
0.74014.6_1.4_11 55368.47286136129696 i 13.6708 0.0153 5.5000 14.6547 1.4147 10.1019 10.0914  9.9480
0.74014.6_1.4_11 55368.48553904269647 i 13.6564 0.0153 5.5000 14.6547 1.4147 10.1019 10.0914  9.9480
0.74014.6_1.4_11 55762.43413221139781 i 13.6304 0.0153 5.5000 14.6547 1.4147 10.1019 10.0914  9.9480
0.74014.6_1.4_11 55762.44521914929646 i 13.6090 0.0153 5.5000 14.6547 1.4147 10.1019 10.0914  9.9480
0.74014.6_1.4_11 55814.29156187640183 i 13.7998 0.0151 5.5000 14.6547 1.4147 10.1019 10.0914  9.9480
0.74014.6_1.4_11 55814.28131575539737 i 13.8032 0.0151 5.5000 14.6547 1.4147 10.1019 10.0914  9.9480
0.74014.6_1.4_11 55814.27304463140172 i 13.7158 0.0152 5.5000 14.6547 1.4147 10.1019 10.0914  9.9480
0.74014.6_1.4_11 55814.28329884410050 i 13.7670 0.0152 5.5000 14.6547 1.4147 10.1019 10.0914  9.9480
0.74014.6_1.4_11 56087.54433193120349 i 13.5936 0.0153 5.5000 14.6547 1.4147 10.1019 10.0914  9.9480
0.74014.6_1.4_11 56087.55470092030009 i 13.5942 0.0153 5.5000 14.6547 1.4147 10.1019 10.0914  9.9480
0.74014.6_1.4_11 56463.48284840059932 i 13.8664 0.0151 5.5000 14.6547 1.4147 10.1019 10.0914  9.9480
0.74014.6_1.4_11 56463.47191794060200 i 13.8266 0.0151 5.5000 14.6547 1.4147 10.1019 10.0914  9.9480
0.74014.6_1.4_11 56545.24850367839827 i 13.6708 0.0153 5.5000 14.6547 1.4147 10.1019 10.0914  9.9480
0.77813.1_1.3_11 56538.24849002609699 g 13.9769 0.0152 6.0000 13.1419 1.3959 8.4908 8.4500 8.2918
0.77813.9_1.4_11 56538.24849002609699 g 14.8897 0.0149 6.0000 13.9759 1.4147 9.3267 9.2645 9.1205
0.77813.9_1.4_11 55365.54138303350192 r 13.8018 0.0013 6.0000 13.9759 1.4147 9.3267 9.2645 9.1205
0.77813.9_1.4_11 55365.55279374730162 r 13.8020 0.0013 6.0000 13.9759 1.4147 9.3267 9.2645 9.1205
0.77813.9_1.4_11 55751.38532522119931 r 13.6389 0.0012 6.0000 13.9759 1.4147 9.3267 9.2645 9.1205
0.77813.9_1.4_11 55751.38472358880244 r 13.6389 0.0012 6.0000 13.9759 1.4147 9.3267 9.2645 9.1205
0.77814.6_1.4_11 56538.24849002609699 g 15.5207 0.0149 6.0000 14.6547 1.414710.0000 9.9676 9.8113
0.77814.6_1.4_11 55365.54138303350192 r 14.4795 0.0017 6.0000 14.6547 1.414710.0000 9.9676 9.8113
0.77814.6_1.4_11 55365.55279374730162 r 14.4825 0.0017 6.0000 14.6547 1.414710.0000 9.9676 9.8113
0.77814.6_1.4_11 56455.53867639540113 r 14.1435 0.0015 6.0000 14.6547 1.414710.0000 9.9676 9.8113
0.77814.6_1.4_11 56455.54845129969908 r 14.1451 0.0015 6.0000 14.6547 1.414710.0000 9.9676 9.8113
0.77814.6_1.4_11 55751.38532522119931 r 14.3194 0.0016 6.0000 14.6547 1.414710.0000 9.9676 9.8113
0.77814.6_1.4_11 55751.38472358880244 r 14.3169 0.0016 6.0000 14.6547 1.414710.0000 9.9676 9.8113
0.77814.6_1.4_11 56470.46085263130226 i 13.8900 0.0151 6.0000 14.6547 1.414710.0000 9.9676 9.8113
0.77814.6_1.4_11 55368.47286136129696 i 13.5322 0.0154 6.0000 14.6547 1.414710.0000 9.9676 9.8113
0.77814.6_1.4_11 55368.48553904269647 i 13.5307 0.0154 6.0000 14.6547 1.414710.0000 9.9676 9.8113
0.77814.6_1.4_11 55762.43413221139781 i 13.9123 0.0150 6.0000 14.6547 1.414710.0000 9.9676 9.8113
0.77814.6_1.4_11 55762.44521914929646 i 13.8635 0.0151 6.0000 14.6547 1.414710.0000 9.9676 9.8113
0.77814.6_1.4_11 55814.29156187640183 i 13.6666 0.0153 6.0000 14.6547 1.414710.0000 9.9676 9.8113
0.77814.6_1.4_11 55814.28131575539737 i 13.5902 0.0153 6.0000 14.6547 1.414710.0000 9.9676 9.8113
0.77814.6_1.4_11 55814.27304463140172 i 13.6509 0.0153 6.0000 14.6547 1.414710.0000 9.9676 9.8113
0.77814.6_1.4_11 55814.28329884410050 i 13.6108 0.0153 6.0000 14.6547 1.414710.0000 9.9676 9.8113
0.77814.6_1.4_11 56087.54433193120349 i 13.6954 0.0152 6.0000 14.6547 1.414710.0000 9.9676 9.8113
0.77814.6_1.4_11 56087.55470092030009 i 13.6696 0.0153 6.0000 14.6547 1.414710.0000 9.9676 9.8113
0.77814.6_1.4_11 56463.48284840059932 i 13.8690 0.0151 6.0000 14.6547 1.414710.0000 9.9676 9.8113
0.77814.6_1.4_11 56463.47191794060200 i 13.8432 0.0151 6.0000 14.6547 1.414710.0000 9.9676 9.8113
0.77814.6_1.4_11 56545.24850367839827 i 13.5697 0.0153 6.0000 14.6547 1.414710.0000 9.9676 9.8113
0.81213.1_1.3_11 56538.24849002609699 g 13.9231 0.0152 6.5000 13.1419 1.3959 8.3719 8.3504 8.1690
0.81213.9_1.4_11 56538.24849002609699 g 14.8281 0.0149 6.5000 13.9759 1.4147 9.2272 9.1821 9.0224
0.81213.9_1.4_11 55365.54138303350192 r 13.7615 0.0013 6.5000 13.9759 1.4147 9.2272 9.1821 9.0224
0.81213.9_1.4_11 55365.55279374730162 r 13.7617 0.0013 6.5000 13.9759 1.4147 9.2272 9.1821 9.0224
0.81214.6_1.4_11 56538.24849002609699 g 15.5230 0.0149 6.5000 14.6547 1.4147 9.8947 9.8498 9.6982
0.81214.6_1.4_11 55365.54138303350192 r 14.4359 0.0017 6.5000 14.6547 1.4147 9.8947 9.8498 9.6982
0.81214.6_1.4_11 55365.55279374730162 r 14.4396 0.0017 6.5000 14.6547 1.4147 9.8947 9.8498 9.6982
0.81214.6_1.4_11 56455.53867639540113 r 14.1132 0.0015 6.5000 14.6547 1.4147 9.8947 9.8498 9.6982
0.81214.6_1.4_11 56455.54845129969908 r 14.1149 0.0015 6.5000 14.6547 1.4147 9.8947 9.8498 9.6982
0.81214.6_1.4_11 55751.38532522119931 r 13.8971 0.0013 6.5000 14.6547 1.4147 9.8947 9.8498 9.6982
0.81214.6_1.4_11 55751.38472358880244 r 13.8989 0.0013 6.5000 14.6547 1.4147 9.8947 9.8498 9.6982
0.81214.6_1.4_11 56470.46085263130226 i 13.7521 0.0152 6.5000 14.6547 1.4147 9.8947 9.8498 9.6982
0.81214.6_1.4_11 55762.43413221139781 i 13.8340 0.0151 6.5000 14.6547 1.4147 9.8947 9.8498 9.6982
0.81214.6_1.4_11 55762.44521914929646 i 13.8287 0.0151 6.5000 14.6547 1.4147 9.8947 9.8498 9.6982
0.81214.6_1.4_11 55814.29156187640183 i 13.8328 0.0151 6.5000 14.6547 1.4147 9.8947 9.8498 9.6982
0.81214.6_1.4_11 55814.28131575539737 i 13.7965 0.0151 6.5000 14.6547 1.4147 9.8947 9.8498 9.6982
0.81214.6_1.4_11 55814.27304463140172 i 13.7877 0.0152 6.5000 14.6547 1.4147 9.8947 9.8498 9.6982
0.81214.6_1.4_11 55814.28329884410050 i 13.7929 0.0151 6.5000 14.6547 1.4147 9.8947 9.8498 9.6982
0.81214.6_1.4_11 56087.54433193120349 i 13.8865 0.0151 6.5000 14.6547 1.4147 9.8947 9.8498 9.6982
0.81214.6_1.4_11 56087.55470092030009 i 13.8455 0.0151 6.5000 14.6547 1.4147 9.8947 9.8498 9.6982
0.81214.6_1.4_11 56463.48284840059932 i 13.7272 0.0152 6.5000 14.6547 1.4147 9.8947 9.8498 9.6982
0.81214.6_1.4_11 56463.47191794060200 i 13.7418 0.0152 6.5000 14.6547 1.4147 9.8947 9.8498 9.6982
0.84513.1_1.3_11 56538.24849002609699 g 13.8785 0.0152 7.0000 13.1419 1.3959 8.2727 8.2399 8.0887
0.84513.9_1.4_11 56538.24849002609699 g 14.7608 0.0149 7.0000 13.9759 1.4147 9.1141 9.0790 8.9151
0.84513.9_1.4_11 55365.54138303350192 r 13.5627 0.0012 7.0000 13.9759 1.4147 9.1141 9.0790 8.9151
0.84513.9_1.4_11 55365.55279374730162 r 13.5661 0.0012 7.0000 13.9759 1.4147 9.1141 9.0790 8.9151
0.84513.9_1.4_11 55751.38532522119931 r 13.6932 0.0012 7.0000 13.9759 1.4147 9.1141 9.0790 8.9151
0.84513.9_1.4_11 55751.38472358880244 r 13.6935 0.0012 7.0000 13.9759 1.4147 9.1141 9.0790 8.9151
0.84514.6_1.4_11 56538.24849002609699 g 15.4440 0.0149 7.0000 14.6547 1.4147 9.8051 9.7260 9.5953
0.84514.6_1.4_11 55365.54138303350192 r 14.2403 0.0015 7.0000 14.6547 1.4147 9.8051 9.7260 9.5953
0.84514.6_1.4_11 55365.55279374730162 r 14.2443 0.0016 7.0000 14.6547 1.4147 9.8051 9.7260 9.5953
0.84514.6_1.4_11 56455.53867639540113 r 13.9463 0.0014 7.0000 14.6547 1.4147 9.8051 9.7260 9.5953
0.84514.6_1.4_11 56455.54845129969908 r 13.9480 0.0014 7.0000 14.6547 1.4147 9.8051 9.7260 9.5953
0.84514.6_1.4_11 55751.38532522119931 r 14.3749 0.0016 7.0000 14.6547 1.4147 9.8051 9.7260 9.5953
0.84514.6_1.4_11 55751.38472358880244 r 14.3732 0.0016 7.0000 14.6547 1.4147 9.8051 9.7260 9.5953
0.84514.6_1.4_11 55368.47286136129696 i 13.5019 0.0154 7.0000 14.6547 1.4147 9.8051 9.7260 9.5953
0.84514.6_1.4_11 55368.48553904269647 i 13.5604 0.0154 7.0000 14.6547 1.4147 9.8051 9.7260 9.5953
0.84514.6_1.4_11 55814.29156187640183 i 13.6844 0.0152 7.0000 14.6547 1.4147 9.8051 9.7260 9.5953
0.84514.6_1.4_11 55814.28131575539737 i 13.6762 0.0153 7.0000 14.6547 1.4147 9.8051 9.7260 9.5953
0.84514.6_1.4_11 55814.27304463140172 i 13.7010 0.0152 7.0000 14.6547 1.4147 9.8051 9.7260 9.5953
0.84514.6_1.4_11 55814.28329884410050 i 13.7423 0.0152 7.0000 14.6547 1.4147 9.8051 9.7260 9.5953
0.84514.6_1.4_11 56087.54433193120349 i 13.7086 0.0152 7.0000 14.6547 1.4147 9.8051 9.7260 9.5953
0.84514.6_1.4_11 56087.55470092030009 i 13.6982 0.0152 7.0000 14.6547 1.4147 9.8051 9.7260 9.5953
0.84514.6_1.4_11 56463.47191794060200 i 13.5117 0.0154 7.0000 14.6547 1.4147 9.8051 9.7260 9.5953
0.87513.1_1.3_11 56538.24849002609699 g 13.8167 0.0152 7.5000 13.1419 1.3959 8.1763 8.1254 7.9761
0.87513.9_1.4_11 56538.24849002609699 g 14.7418 0.0149 7.5000 13.9759 1.4147 9.0368 8.9592 8.8189
0.87513.9_1.4_11 55365.54138303350192 r 13.7026 0.0012 7.5000 13.9759 1.4147 9.0368 8.9592 8.8189
0.87513.9_1.4_11 55365.55279374730162 r 13.7035 0.0012 7.5000 13.9759 1.4147 9.0368 8.9592 8.8189
0.87514.6_1.4_11 56538.24849002609699 g 15.4035 0.0149 7.5000 14.6547 1.4147 9.7039 9.6457 9.4917
0.87514.6_1.4_11 55365.54138303350192 r 14.3814 0.0017 7.5000 14.6547 1.4147 9.7039 9.6457 9.4917
0.87514.6_1.4_11 55365.55279374730162 r 14.3835 0.0017 7.5000 14.6547 1.4147 9.7039 9.6457 9.4917
0.87514.6_1.4_11 56455.53867639540113 r 13.7023 0.0012 7.5000 14.6547 1.4147 9.7039 9.6457 9.4917
0.87514.6_1.4_11 56455.54845129969908 r 13.7031 0.0012 7.5000 14.6547 1.4147 9.7039 9.6457 9.4917
0.87514.6_1.4_11 55751.38532522119931 r 13.7811 0.0013 7.5000 14.6547 1.4147 9.7039 9.6457 9.4917
0.87514.6_1.4_11 55751.38472358880244 r 13.7818 0.0013 7.5000 14.6547 1.4147 9.7039 9.6457 9.4917
0.87514.6_1.4_11 55762.43413221139781 i 13.5480 0.0154 7.5000 14.6547 1.4147 9.7039 9.6457 9.4917
0.87514.6_1.4_11 55762.44521914929646 i 13.6480 0.0153 7.5000 14.6547 1.4147 9.7039 9.6457 9.4917
0.87514.6_1.4_11 55814.29156187640183 i 13.5759 0.0153 7.5000 14.6547 1.4147 9.7039 9.6457 9.4917
0.87514.6_1.4_11 55814.28131575539737 i 13.5383 0.0154 7.5000 14.6547 1.4147 9.7039 9.6457 9.4917
0.87514.6_1.4_11 55814.27304463140172 i 13.5556 0.0154 7.5000 14.6547 1.4147 9.7039 9.6457 9.4917
0.87514.6_1.4_11 55814.28329884410050 i 13.6054 0.0153 7.5000 14.6547 1.4147 9.7039 9.6457 9.4917
0.90313.1_1.3_11 56538.24849002609699 g 13.7924 0.0152 8.0000 13.1419 1.3959 8.0954 8.0360 7.8982
0.90313.9_1.4_11 56538.24849002609699 g 14.6524 0.0149 8.0000 13.9759 1.4147 8.9433 8.8768 8.7067
0.90313.9_1.4_11 56455.53867639540113 r 13.6470 0.0012 8.0000 13.9759 1.4147 8.9433 8.8768 8.7067
0.90313.9_1.4_11 56455.54845129969908 r 13.6455 0.0012 8.0000 13.9759 1.4147 8.9433 8.8768 8.7067
0.90313.9_1.4_11 55751.38532522119931 r 13.6387 0.0012 8.0000 13.9759 1.4147 8.9433 8.8768 8.7067
0.90313.9_1.4_11 55751.38472358880244 r 13.6384 0.0012 8.0000 13.9759 1.4147 8.9433 8.8768 8.7067
0.90314.6_1.4_11 56538.24849002609699 g 15.3629 0.0149 8.0000 14.6547 1.4147 9.6285 9.5497 9.3984
0.90314.6_1.4_11 55365.54138303350192 r 14.0418 0.0014 8.0000 14.6547 1.4147 9.6285 9.5497 9.3984
0.90314.6_1.4_11 55365.55279374730162 r 14.0459 0.0014 8.0000 14.6547 1.4147 9.6285 9.5497 9.3984
0.90314.6_1.4_11 56455.53867639540113 r 14.3221 0.0016 8.0000 14.6547 1.4147 9.6285 9.5497 9.3984
0.90314.6_1.4_11 56455.54845129969908 r 14.3219 0.0016 8.0000 14.6547 1.4147 9.6285 9.5497 9.3984
0.90314.6_1.4_11 55751.38532522119931 r 14.3171 0.0016 8.0000 14.6547 1.4147 9.6285 9.5497 9.3984
0.90314.6_1.4_11 55751.38472358880244 r 14.3170 0.0016 8.0000 14.6547 1.4147 9.6285 9.5497 9.3984
0.90314.6_1.4_11 56470.46085263130226 i 13.5382 0.0154 8.0000 14.6547 1.4147 9.6285 9.5497 9.3984
0.90314.6_1.4_11 55368.47286136129696 i 13.5397 0.0154 8.0000 14.6547 1.4147 9.6285 9.5497 9.3984
0.90314.6_1.4_11 55368.48553904269647 i 13.5530 0.0154 8.0000 14.6547 1.4147 9.6285 9.5497 9.3984
0.90314.6_1.4_11 55814.29156187640183 i 13.5052 0.0154 8.0000 14.6547 1.4147 9.6285 9.5497 9.3984
0.90314.6_1.4_11 55814.28131575539737 i 13.5264 0.0154 8.0000 14.6547 1.4147 9.6285 9.5497 9.3984
0.90314.6_1.4_11 55814.27304463140172 i 13.5591 0.0154 8.0000 14.6547 1.4147 9.6285 9.5497 9.3984
0.90314.6_1.4_11 55814.28329884410050 i 13.5830 0.0153 8.0000 14.6547 1.4147 9.6285 9.5497 9.3984
0.90314.6_1.4_11 56087.54433193120349 i 13.5934 0.0153 8.0000 14.6547 1.4147 9.6285 9.5497 9.3984
0.90314.6_1.4_11 56087.55470092030009 i 13.6588 0.0153 8.0000 14.6547 1.4147 9.6285 9.5497 9.3984
0.90314.6_1.4_11 56463.48284840059932 i 13.6249 0.0153 8.0000 14.6547 1.4147 9.6285 9.5497 9.3984
0.90314.6_1.4_11 56463.47191794060200 i 13.6585 0.0153 8.0000 14.6547 1.4147 9.6285 9.5497 9.3984
0.92913.1_1.3_11 56538.24849002609699 g 13.7518 0.0152 8.5000 13.1419 1.3959 8.0317 7.9514 7.7978
0.92913.9_1.4_11 56538.24849002609699 g 14.6449 0.0149 8.5000 13.9759 1.4147 8.8793 8.7831 8.6510
0.92914.6_1.4_11 56538.24849002609699 g 15.3455 0.0149 8.5000 14.6547 1.4147 9.5388 9.4680 9.3313
0.92914.6_1.4_11 55365.54138303350192 r 13.5837 0.0012 8.5000 14.6547 1.4147 9.5388 9.4680 9.3313
0.92914.6_1.4_11 55365.55279374730162 r 13.5843 0.0012 8.5000 14.6547 1.4147 9.5388 9.4680 9.3313
0.92914.6_1.4_11 56455.53867639540113 r 13.7645 0.0013 8.5000 14.6547 1.4147 9.5388 9.4680 9.3313
0.92914.6_1.4_11 56455.54845129969908 r 13.7645 0.0013 8.5000 14.6547 1.4147 9.5388 9.4680 9.3313
0.92914.6_1.4_11 55751.38532522119931 r 14.0057 0.0014 8.5000 14.6547 1.4147 9.5388 9.4680 9.3313
0.92914.6_1.4_11 55751.38472358880244 r 14.0051 0.0014 8.5000 14.6547 1.4147 9.5388 9.4680 9.3313
0.92914.6_1.4_11 55762.43413221139781 i 13.5740 0.0153 8.5000 14.6547 1.4147 9.5388 9.4680 9.3313
0.92914.6_1.4_11 55762.44521914929646 i 13.5932 0.0153 8.5000 14.6547 1.4147 9.5388 9.4680 9.3313
0.95413.1_1.3_11 56538.24849002609699 g 13.6908 0.0152 9.0000 13.1419 1.3959 7.9576 7.8681 7.7304
0.95413.9_1.4_11 56538.24849002609699 g 14.6083 0.0149 9.0000 13.9759 1.4147 8.7616 8.6904 8.5693
0.95413.9_1.4_11 55365.54138303350192 r 13.5237 0.0011 9.0000 13.9759 1.4147 8.7616 8.6904 8.5693
0.95413.9_1.4_11 55365.55279374730162 r 13.5250 0.0011 9.0000 13.9759 1.4147 8.7616 8.6904 8.5693
0.95414.6_1.4_11 56538.24849002609699 g 15.2438 0.0148 9.0000 14.6547 1.4147 9.4586 9.3727 9.2360
0.95414.6_1.4_11 55365.54138303350192 r 14.2022 0.0015 9.0000 14.6547 1.4147 9.4586 9.3727 9.2360
0.95414.6_1.4_11 55365.55279374730162 r 14.2027 0.0015 9.0000 14.6547 1.4147 9.4586 9.3727 9.2360
0.95414.6_1.4_11 56455.53867639540113 r 14.0480 0.0014 9.0000 14.6547 1.4147 9.4586 9.3727 9.2360
0.95414.6_1.4_11 56455.54845129969908 r 14.0434 0.0014 9.0000 14.6547 1.4147 9.4586 9.3727 9.2360
0.95414.6_1.4_11 55751.38532522119931 r 14.1087 0.0015 9.0000 14.6547 1.4147 9.4586 9.3727 9.2360
0.95414.6_1.4_11 55751.38472358880244 r 14.1080 0.0015 9.0000 14.6547 1.4147 9.4586 9.3727 9.2360
0.95414.6_1.4_11 56463.47191794060200 i 13.5221 0.0154 9.0000 14.6547 1.4147 9.4586 9.3727 9.2360
0.97713.1_1.3_11 56538.24849002609699 g 13.6785 0.0152 9.5000 13.1419 1.3959 7.8841 7.7854 7.6500
0.97713.9_1.4_11 56538.24849002609699 g 14.5682 0.0150 9.5000 13.9759 1.4147 8.7006 8.6362 8.4920
0.97714.6_1.4_11 56538.24849002609699 g 15.2055 0.0148 9.5000 14.6547 1.4147 9.3927 9.2896 9.1606
0.97714.6_1.4_11 55365.54138303350192 r 14.0331 0.0014 9.5000 14.6547 1.4147 9.3927 9.2896 9.1606
0.97714.6_1.4_11 55365.55279374730162 r 14.0359 0.0014 9.5000 14.6547 1.4147 9.3927 9.2896 9.1606
0.97714.6_1.4_11 56455.53867639540113 r 13.6766 0.0012 9.5000 14.6547 1.4147 9.3927 9.2896 9.1606
0.97714.6_1.4_11 56455.54845129969908 r 13.6798 0.0012 9.5000 14.6547 1.4147 9.3927 9.2896 9.1606
0.97714.6_1.4_11 55751.38532522119931 r 13.6107 0.0012 9.5000 14.6547 1.4147 9.3927 9.2896 9.1606
0.97714.6_1.4_11 55751.38472358880244 r 13.6116 0.0012 9.5000 14.6547 1.4147 9.3927 9.2896 9.1606
1.04113.9_1.4_11 56538.24849002609699 g 14.1428 0.0151 11.0000 13.9759 1.4147 8.5349 8.4133 8.2711
1.04114.6_1.4_11 56538.24849002609699 g 14.8065 0.0149 11.0000 14.6547 1.4147 9.2115 9.0916 8.9575
1.04114.6_1.4_11 55365.54138303350192 r 13.8083 0.0013 11.0000 14.6547 1.4147 9.2115 9.0916 8.9575
1.04114.6_1.4_11 55365.55279374730162 r 13.8091 0.0013 11.0000 14.6547 1.4147 9.2115 9.0916 8.9575
1.04114.6_1.4_11 56455.53867639540113 r 13.9612 0.0014 11.0000 14.6547 1.4147 9.2115 9.0916 8.9575
1.04114.6_1.4_11 56455.54845129969908 r 13.9656 0.0014 11.0000 14.6547 1.4147 9.2115 9.0916 8.9575
1.04114.6_1.4_11 55751.38532522119931 r 13.9390 0.0014 11.0000 14.6547 1.4147 9.2115 9.0916 8.9575
1.04114.6_1.4_11 55751.38472358880244 r 13.9367 0.0014 11.0000 14.6547 1.4147 9.2115 9.0916 8.9575
1.06013.9_1.4_11 56538.24849002609699 g 14.0906 0.0151 11.5000 13.9759 1.4147 8.4702 8.3416 8.2132
1.06014.6_1.4_11 56538.24849002609699 g 14.7993 0.0149 11.5000 14.6547 1.4147 9.1375 9.0320 8.9039
1.06014.6_1.4_11 56455.53867639540113 r 13.6344 0.0012 11.5000 14.6547 1.4147 9.1375 9.0320 8.9039
1.06014.6_1.4_11 56455.54845129969908 r 13.6331 0.0012 11.5000 14.6547 1.4147 9.1375 9.0320 8.9039
1.06014.6_1.4_11 55751.38532522119931 r 14.0023 0.0014 11.5000 14.6547 1.4147 9.1375 9.0320 8.9039
1.06014.6_1.4_11 55751.38472358880244 r 14.0030 0.0014 11.5000 14.6547 1.4147 9.1375 9.0320 8.9039
1.07913.9_1.4_11 56538.24849002609699 g 14.0433 0.0152 12.0000 13.9759 1.4147 8.4101 8.2791 8.1753
1.07914.6_1.4_11 56538.24849002609699 g 14.7358 0.0149 12.0000 14.6547 1.4147 9.0912 8.9542 8.8443
1.07914.6_1.4_11 55365.54138303350192 r 13.5020 0.0011 12.0000 14.6547 1.4147 9.0912 8.9542 8.8443
1.07914.6_1.4_11 55365.55279374730162 r 13.5048 0.0011 12.0000 14.6547 1.4147 9.0912 8.9542 8.8443
1.07914.6_1.4_11 55751.38532522119931 r 13.7778 0.0013 12.0000 14.6547 1.4147 9.0912 8.9542 8.8443
1.07914.6_1.4_11 55751.38472358880244 r 13.7779 0.0013 12.0000 14.6547 1.4147 9.0912 8.9542 8.8443
1.09613.9_1.4_11 56538.24849002609699 g 14.0537 0.0151 12.5000 13.9759 1.4147 8.3437 8.2263 8.0900
1.09614.6_1.4_11 56538.24849002609699 g 14.7002 0.0149 12.5000 14.6547 1.4147 9.0249 8.9292 8.7899
1.09614.6_1.4_11 56455.53867639540113 r 13.6675 0.0012 12.5000 14.6547 1.4147 9.0249 8.9292 8.7899
1.09614.6_1.4_11 56455.54845129969908 r 13.6686 0.0012 12.5000 14.6547 1.4147 9.0249 8.9292 8.7899
1.11313.9_1.4_11 56538.24849002609699 g 13.9815 0.0152 13.0000 13.9759 1.4147 8.3025 8.1714 8.0595
1.11314.6_1.4_11 56538.24849002609699 g 14.6758 0.0149 13.0000 14.6547 1.4147 8.9653 8.8515 8.7300
1.11314.6_1.4_11 55365.54138303350192 r 13.5344 0.0011 13.0000 14.6547 1.4147 8.9653 8.8515 8.7300
1.11314.6_1.4_11 55365.55279374730162 r 13.5327 0.0011 13.0000 14.6547 1.4147 8.9653 8.8515 8.7300
1.11314.6_1.4_11 56455.53867639540113 r 13.8579 0.0013 13.0000 14.6547 1.4147 8.9653 8.8515 8.7300
1.11314.6_1.4_11 56455.54845129969908 r 13.8593 0.0013 13.0000 14.6547 1.4147 8.9653 8.8515 8.7300
1.11314.6_1.4_11 55751.38532522119931 r 13.7776 0.0013 13.0000 14.6547 1.4147 8.9653 8.8515 8.7300
1.11314.6_1.4_11 55751.38472358880244 r 13.7773 0.0013 13.0000 14.6547 1.4147 8.9653 8.8515 8.7300
1.13013.9_1.4_11 56538.24849002609699 g 13.9514 0.0152 13.5000 13.9759 1.4147 8.2543 8.1325 7.9993
1.13014.6_1.4_11 56538.24849002609699 g 14.6588 0.0149 13.5000 14.6547 1.4147 8.9217 8.7733 8.6760
1.13014.6_1.4_11 55751.38532522119931 r 13.6670 0.0012 13.5000 14.6547 1.4147 8.9217 8.7733 8.6760
1.13014.6_1.4_11 55751.38472358880244 r 13.6680 0.0012 13.5000 14.6547 1.4147 8.9217 8.7733 8.6760
1.14613.9_1.4_11 56538.24849002609699 g 13.9460 0.0152 14.0000 13.9759 1.4147 8.1977 8.0639 7.9395
1.14614.6_1.4_11 56538.24849002609699 g 14.6025 0.0149 14.0000 14.6547 1.4147 8.8709 8.7440 8.6203
1.14614.6_1.4_11 55751.38532522119931 r 13.5544 0.0012 14.0000 14.6547 1.4147 8.8709 8.7440 8.6203
1.14614.6_1.4_11 55751.38472358880244 r 13.5548 0.0012 14.0000 14.6547 1.4147 8.8709 8.7440 8.6203
1.16113.9_1.4_11 56538.24849002609699 g 13.8976 0.0152 14.5000 13.9759 1.4147 8.1562 8.0039 7.9201
1.16114.6_1.4_11 56538.24849002609699 g 14.5521 0.0150 14.5000 14.6547 1.4147 8.8363 8.6953 8.5797
1.16114.6_1.4_11 55751.38532522119931 r 13.6847 0.0012 14.5000 14.6547 1.4147 8.8363 8.6953 8.5797
1.16114.6_1.4_11 55751.38472358880244 r 13.6864 0.0012 14.5000 14.6547 1.4147 8.8363 8.6953 8.5797
1.17613.9_1.4_11 56538.24849002609699 g 13.8681 0.0152 15.0000 13.9759 1.4147 8.1126 7.9766 7.8642
1.17614.6_1.4_11 56538.24849002609699 g 14.5577 0.0150 15.0000 14.6547 1.4147 8.7715 8.6305 8.5211
1.17614.6_1.4_11 56455.53867639540113 r 13.5641 0.0012 15.0000 14.6547 1.4147 8.7715 8.6305 8.5211
1.17614.6_1.4_11 56455.54845129969908 r 13.5633 0.0012 15.0000 14.6547 1.4147 8.7715 8.6305 8.5211
1.17614.6_1.4_11 55751.38532522119931 r 13.6388 0.0012 15.0000 14.6547 1.4147 8.7715 8.6305 8.5211
1.17614.6_1.4_11 55751.38472358880244 r 13.6386 0.0012 15.0000 14.6547 1.4147 8.7715 8.6305 8.5211
1.19013.9_1.4_11 56538.24849002609699 g 13.8158 0.0152 15.5000 13.9759 1.4147 8.0616 7.9204 7.7967
1.19014.6_1.4_11 56538.24849002609699 g 14.5228 0.0150 15.5000 14.6547 1.4147 8.7483 8.5911 8.4851
1.19014.6_1.4_11 56455.53867639540113 r 13.6784 0.0012 15.5000 14.6547 1.4147 8.7483 8.5911 8.4851
1.19014.6_1.4_11 56455.54845129969908 r 13.6782 0.0012 15.5000 14.6547 1.4147 8.7483 8.5911 8.4851
1.20413.9_1.4_11 56538.24849002609699 g 13.7865 0.0152 16.0000 13.9759 1.4147 8.0039 7.8840 7.7680
1.20414.6_1.4_11 56538.24849002609699 g 14.4800 0.0150 16.0000 14.6547 1.4147 8.6917 8.5525 8.4472
1.20414.6_1.4_11 55365.54138303350192 r 13.6541 0.0012 16.0000 14.6547 1.4147 8.6917 8.5525 8.4472
1.20414.6_1.4_11 55365.55279374730162 r 13.6550 0.0012 16.0000 14.6547 1.4147 8.6917 8.5525 8.4472
1.21713.9_1.4_11 56538.24849002609699 g 13.7863 0.0152 16.5000 13.9759 1.4147 7.9859 7.8416 7.7006
1.21714.6_1.4_11 56538.24849002609699 g 14.4586 0.0150 16.5000 14.6547 1.4147 8.6528 8.5120 8.3856
1.23013.9_1.4_11 56538.24849002609699 g 13.7635 0.0152 17.0000 13.9759 1.4147 7.9469 7.7923 7.6794
1.23014.6_1.4_11 56538.24849002609699 g 14.4194 0.0150 17.0000 14.6547 1.4147 8.6320 8.4679 8.3683
1.23014.6_1.4_11 55751.38532522119931 r 13.5864 0.0012 17.0000 14.6547 1.4147 8.6320 8.4679 8.3683
1.23014.6_1.4_11 55751.38472358880244 r 13.5867 0.0012 17.0000 14.6547 1.4147 8.6320 8.4679 8.3683
1.24313.9_1.4_11 56538.24849002609699 g 13.7250 0.0152 17.5000 13.9759 1.4147 7.8844 7.7371 7.6328
1.24314.6_1.4_11 56538.24849002609699 g 14.3901 0.0150 17.5000 14.6547 1.4147 8.5787 8.4326 8.3144
1.25513.9_1.4_11 56538.24849002609699 g 13.7205 0.0152 18.0000 13.9759 1.4147 7.8679 7.6896 7.6117
1.25514.6_1.4_11 56538.24849002609699 g 14.3304 0.0150 18.0000 14.6547 1.4147 8.5596 8.3886 8.2861
1.26713.9_1.4_11 56538.24849002609699 g 13.6698 0.0152 18.5000 13.9759 1.4147 7.8191 7.6591 7.5564
1.26714.6_1.4_11 56538.24849002609699 g 14.3453 0.0150 18.5000 14.6547 1.4147 8.5059 8.3285 8.2316
1.26714.6_1.4_11 55365.54138303350192 r 13.5035 0.0011 18.5000 14.6547 1.4147 8.5059 8.3285 8.2316
1.26714.6_1.4_11 55365.55279374730162 r 13.5044 0.0011 18.5000 14.6547 1.4147 8.5059 8.3285 8.2316
1.27813.9_1.4_11 56538.24849002609699 g 13.6662 0.0152 19.0000 13.9759 1.4147 7.7885 7.6176 7.5006
1.27814.6_1.4_11 56538.24849002609699 g 14.3147 0.0150 19.0000 14.6547 1.4147 8.4678 8.2840 8.1898
1.29013.9_1.4_11 56538.24849002609699 g 13.6372 0.0153 19.5000 13.9759 1.4147 7.7831 7.5951 7.4908
1.29014.6_1.4_11 56538.24849002609699 g 14.3260 0.0150 19.5000 14.6547 1.4147 8.4427 8.2627 8.1663
1.30113.9_1.4_11 56538.24849002609699 g 13.5960 0.0153 20.0000 13.9759 1.4147 7.7164 7.5588 7.4373
1.30114.6_1.4_11 56538.24849002609699 g 14.2551 0.0151 20.0000 14.6547 1.4147 8.4031 8.2272 8.1476
1.31113.9_1.4_11 56538.24849002609699 g 13.5699 0.0153 20.5000 13.9759 1.4147 7.7029 7.5140 7.4211
1.31114.6_1.4_11 56538.24849002609699 g 14.2592 0.0151 20.5000 14.6547 1.4147 8.3621 8.2038 8.1098
1.32213.9_1.4_11 56538.24849002609699 g 13.5671 0.0153 21.0000 13.9759 1.4147 7.6693 7.4756 7.3818
1.32214.6_1.4_11 56538.24849002609699 g 14.2672 0.0151 21.0000 14.6547 1.4147 8.3156 8.1736 8.0621
1.33213.9_1.4_11 56538.24849002609699 g 13.5441 0.0153 21.5000 13.9759 1.4147 7.6250 7.4495 7.3385
1.33214.6_1.4_11 56538.24849002609699 g 14.2237 0.0151 21.5000 14.6547 1.4147 8.2883 8.1346 8.0371
1.34213.9_1.4_11 56538.24849002609699 g 13.5235 0.0153 22.0000 13.9759 1.4147 7.6039 7.4096 7.3146
1.34214.6_1.4_11 56538.24849002609699 g 14.2057 0.0151 22.0000 14.6547 1.4147 8.3024 8.1044 7.9834
1.35214.6_1.4_11 56538.24849002609699 g 14.1964 0.0151 22.5000 14.6547 1.4147 8.2309 8.0722 7.9521
1.36114.6_1.4_11 56538.24849002609699 g 14.1655 0.0151 23.0000 14.6547 1.4147 8.2161 8.0345 7.9259
1.37114.6_1.4_11 56538.24849002609699 g 14.1560 0.0151 23.5000 14.6547 1.4147 8.1952 8.0016 7.9036
1.38014.6_1.4_11 56538.24849002609699 g 14.1425 0.0151 24.0000 14.6547 1.4147 8.1407 7.9698 7.8766
1.38914.6_1.4_11 56538.24849002609699 g 14.1042 0.0151 24.5000 14.6547 1.4147 8.1310 7.9365 7.8616
1.39714.6_1.4_11 56538.24849002609699 g 14.0945 0.0151 25.0000 14.6547 1.4147 8.1065 7.9249 7.8013
1.40614.6_1.4_11 56538.24849002609699 g 14.0986 0.0151 25.5000 14.6547 1.4147 8.0713 7.8859 7.8057
1.41414.6_1.4_11 56538.24849002609699 g 14.0708 0.0151 26.0000 14.6547 1.4147 8.0445 7.8479 7.7785
1.42314.6_1.4_11 56538.24849002609699 g 14.0637 0.0151 26.5000 14.6547 1.4147 8.0319 7.8313 7.7184
1.43114.6_1.4_11 56538.24849002609699 g 14.0281 0.0152 27.0000 14.6547 1.4147 7.9908 7.7907 7.7060
1.43914.6_1.4_11 56538.24849002609699 g 14.0355 0.0152 27.5000 14.6547 1.4147 7.9646 7.7749 7.6725
1.44714.6_1.4_11 56538.24849002609699 g 13.9814 0.0152 28.0000 14.6547 1.4147 7.9552 7.7441 7.6513
1.45414.6_1.4_11 56538.24849002609699 g 13.9978 0.0152 28.5000 14.6547 1.4147 7.9139 7.7308 7.6398
1.46214.6_1.4_11 56538.24849002609699 g 13.9981 0.0152 29.0000 14.6547 1.4147 7.9108 7.6932 7.6075
1.46914.6_1.4_11 56538.24849002609699 g 13.9832 0.0152 29.5000 14.6547 1.4147 7.8794 7.6809 7.5833
1.47714.6_1.4_11 56538.24849002609699 g 13.9655 0.0152 30.0000 14.6547 1.4147 7.8514 7.6520 7.5722
