# Name Epoch Band Mag eMag period DM E(B-V) KMEAN  W1MEAN W2MEAN
0.47713.0_1.2_82 55517.62605148409784 g 13.9551 0.0152 3.0000 13.0533 1.2244 9.2514 9.3321 9.2562
0.47713.4_1.2_82 55517.62605148409784 g 14.5074 0.0150 3.0000 13.4062 1.2968 9.6422 9.7045 9.6269
0.47713.8_1.3_82 55517.62605148409784 g 14.9114 0.0149 3.0000 13.8543 1.3102 10.0664 10.1542 10.0794
0.47714.3_1.3_82 55517.62605148409784 g 15.6812 0.0150 3.0000 14.3077 1.3799 10.5636 10.6377 10.5349
0.47714.3_1.3_82 55517.62605148409784 r 14.1709 0.0015 3.0000 14.3077 1.3799 10.5636 10.6377 10.5349
0.47714.3_1.3_82 55517.62605148409784 i 13.7205 0.0152 3.0000 14.3077 1.3799 10.5636 10.6377 10.5349
0.47714.7_1.4_82 55517.62605148409784 g 16.1427 0.0154 3.0000 14.7784 1.4174 11.0604 11.0928 11.0125
0.47714.7_1.4_82 55517.62605148409784 r 14.6448 0.0019 3.0000 14.7784 1.4174 11.0604 11.0928 11.0125
0.47714.7_1.4_82 55517.62605148409784 i 14.2832 0.0148 3.0000 14.7784 1.4174 11.0604 11.0928 11.0125
0.47715.2_1.4_82 55517.62605148409784 g 16.9357 0.0170 3.0000 15.2692 1.4843 11.5679 11.6241 11.5072
0.47715.2_1.4_82 55517.62605148409784 r 15.3595 0.0027 3.0000 15.2692 1.4843 11.5679 11.6241 11.5072
0.47715.2_1.4_82 55517.62605148409784 i 14.9491 0.0145 3.0000 15.2692 1.4843 11.5679 11.6241 11.5072
0.47715.2_1.4_82 55517.62605148409784 z 14.0004 0.0146 3.0000 15.2692 1.4843 11.5679 11.6241 11.5072
0.47715.2_1.4_82 55517.62605148409784 y 13.7764 0.0149 3.0000 15.2692 1.4843 11.5679 11.6241 11.5072
0.47715.8_1.5_82 55517.62605148409784 g 17.8674 0.0213 3.0000 15.8098 1.5888 12.1449 12.1713 12.0768
0.47715.8_1.5_82 55517.62605148409784 r 16.1546 0.0043 3.0000 15.8098 1.5888 12.1449 12.1713 12.0768
0.47715.8_1.5_82 55517.62605148409784 i 15.6141 0.0149 3.0000 15.8098 1.5888 12.1449 12.1713 12.0768
0.47715.8_1.5_82 55517.62605148409784 z 14.7372 0.0148 3.0000 15.8098 1.5888 12.1449 12.1713 12.0768
0.47715.8_1.5_82 55517.62605148409784 y 14.4164 0.0157 3.0000 15.8098 1.5888 12.1449 12.1713 12.0768
0.54413.0_1.2_82 55517.62605148409784 g 13.7126 0.0152 3.5000 13.0533 1.2244 9.0433 9.1310 9.0417
0.54413.4_1.2_82 55517.62605148409784 g 14.3341 0.0150 3.5000 13.4062 1.2968 9.4215 9.5230 9.3876
0.54413.8_1.3_82 55517.62605148409784 g 14.8296 0.0149 3.5000 13.8543 1.3102 9.8999 9.9520 9.8692
0.54414.3_1.3_82 55517.62605148409784 g 15.4590 0.0149 3.5000 14.3077 1.3799 10.3530 10.4363 10.3253
0.54414.3_1.3_82 55517.62605148409784 r 13.9488 0.0014 3.5000 14.3077 1.3799 10.3530 10.4363 10.3253
0.54414.3_1.3_82 55517.62605148409784 i 13.5872 0.0153 3.5000 14.3077 1.3799 10.3530 10.4363 10.3253
0.54414.7_1.4_82 55517.62605148409784 g 16.1671 0.0154 3.5000 14.7784 1.4174 10.8400 10.9221 10.7989
0.54414.7_1.4_82 55517.62605148409784 r 14.6164 0.0019 3.5000 14.7784 1.4174 10.8400 10.9221 10.7989
0.54414.7_1.4_82 55517.62605148409784 i 14.1766 0.0148 3.5000 14.7784 1.4174 10.8400 10.9221 10.7989
0.54415.2_1.4_82 55517.62605148409784 g 16.8418 0.0168 3.5000 15.2692 1.4843 11.3574 11.3852 11.2933
0.54415.2_1.4_82 55517.62605148409784 r 15.2258 0.0025 3.5000 15.2692 1.4843 11.3574 11.3852 11.2933
0.54415.2_1.4_82 55517.62605148409784 i 14.7543 0.0146 3.5000 15.2692 1.4843 11.3574 11.3852 11.2933
0.54415.2_1.4_82 55517.62605148409784 z 13.9125 0.0146 3.5000 15.2692 1.4843 11.3574 11.3852 11.2933
0.54415.2_1.4_82 55517.62605148409784 y 13.6133 0.0148 3.5000 15.2692 1.4843 11.3574 11.3852 11.2933
0.54415.8_1.5_82 55517.62605148409784 g 17.6567 0.0200 3.5000 15.8098 1.5888 11.9365 11.9774 11.8590
0.54415.8_1.5_82 55517.62605148409784 r 15.9543 0.0038 3.5000 15.8098 1.5888 11.9365 11.9774 11.8590
0.54415.8_1.5_82 55517.62605148409784 i 15.4423 0.0148 3.5000 15.8098 1.5888 11.9365 11.9774 11.8590
0.54415.8_1.5_82 55517.62605148409784 z 14.5686 0.0147 3.5000 15.8098 1.5888 11.9365 11.9774 11.8590
0.54415.8_1.5_82 55517.62605148409784 y 14.2972 0.0155 3.5000 15.8098 1.5888 11.9365 11.9774 11.8590
0.60213.0_1.2_82 55517.62605148409784 g 13.5737 0.0153 4.0000 13.0533 1.2244 8.8769 8.9841 8.8549
0.60213.4_1.2_82 55517.62605148409784 g 14.1364 0.0151 4.0000 13.4062 1.2968 9.2368 9.3419 9.2406
0.60213.8_1.3_82 55517.62605148409784 g 14.7716 0.0149 4.0000 13.8543 1.3102 9.6956 9.7903 9.6853
0.60214.3_1.3_82 55517.62605148409784 g 15.4444 0.0149 4.0000 14.3077 1.3799 10.1875 10.2475 10.1538
0.60214.3_1.3_82 55517.62605148409784 r 13.8877 0.0013 4.0000 14.3077 1.3799 10.1875 10.2475 10.1538
0.60214.7_1.4_82 55517.62605148409784 g 16.0775 0.0153 4.0000 14.7784 1.4174 10.6683 10.7368 10.6282
0.60214.7_1.4_82 55517.62605148409784 r 14.4814 0.0017 4.0000 14.7784 1.4174 10.6683 10.7368 10.6282
0.60214.7_1.4_82 55517.62605148409784 i 14.0413 0.0149 4.0000 14.7784 1.4174 10.6683 10.7368 10.6282
0.60215.2_1.4_82 55517.62605148409784 g 16.7691 0.0166 4.0000 15.2692 1.4843 11.1650 11.2197 11.1356
0.60215.2_1.4_82 55517.62605148409784 r 15.0984 0.0024 4.0000 15.2692 1.4843 11.1650 11.2197 11.1356
0.60215.2_1.4_82 55517.62605148409784 i 14.6480 0.0146 4.0000 15.2692 1.4843 11.1650 11.2197 11.1356
0.60215.2_1.4_82 55517.62605148409784 z 13.7429 0.0146 4.0000 15.2692 1.4843 11.1650 11.2197 11.1356
0.60215.8_1.5_82 55517.62605148409784 g 17.5763 0.0196 4.0000 15.8098 1.5888 11.7719 11.7962 11.6829
0.60215.8_1.5_82 55517.62605148409784 r 15.8480 0.0036 4.0000 15.8098 1.5888 11.7719 11.7962 11.6829
0.60215.8_1.5_82 55517.62605148409784 i 15.3395 0.0147 4.0000 15.8098 1.5888 11.7719 11.7962 11.6829
0.60215.8_1.5_82 55517.62605148409784 z 14.4530 0.0146 4.0000 15.8098 1.5888 11.7719 11.7962 11.6829
0.60215.8_1.5_82 55517.62605148409784 y 14.1020 0.0152 4.0000 15.8098 1.5888 11.7719 11.7962 11.6829
0.65313.0_1.2_82 55517.62605148409784 g 13.5219 0.0153 4.5000 13.0533 1.2244 8.7140 8.8127 8.6958
0.65313.4_1.2_82 55517.62605148409784 g 14.1194 0.0151 4.5000 13.4062 1.2968 9.0928 9.1930 9.0818
0.65313.8_1.3_82 55517.62605148409784 g 14.6727 0.0149 4.5000 13.8543 1.3102 9.5544 9.6521 9.5140
0.65314.3_1.3_82 55517.62605148409784 g 15.2645 0.0148 4.5000 14.3077 1.3799 10.0150 10.1007 9.9801
0.65314.3_1.3_82 55517.62605148409784 r 13.7044 0.0012 4.5000 14.3077 1.3799 10.0150 10.1007 9.9801
0.65314.7_1.4_82 55517.62605148409784 g 15.8553 0.0151 4.5000 14.7784 1.4174 10.5267 10.5877 10.4807
0.65314.7_1.4_82 55517.62605148409784 r 14.2537 0.0016 4.5000 14.7784 1.4174 10.5267 10.5877 10.4807
0.65314.7_1.4_82 55517.62605148409784 i 13.9535 0.0150 4.5000 14.7784 1.4174 10.5267 10.5877 10.4807
0.65315.2_1.4_82 55517.62605148409784 g 16.6777 0.0164 4.5000 15.2692 1.4843 11.0450 11.0841 10.9794
0.65315.2_1.4_82 55517.62605148409784 r 15.0104 0.0023 4.5000 15.2692 1.4843 11.0450 11.0841 10.9794
0.65315.2_1.4_82 55517.62605148409784 i 14.4813 0.0147 4.5000 15.2692 1.4843 11.0450 11.0841 10.9794
0.65315.2_1.4_82 55517.62605148409784 z 13.6779 0.0147 4.5000 15.2692 1.4843 11.0450 11.0841 10.9794
0.65315.8_1.5_82 55517.62605148409784 g 17.4916 0.0192 4.5000 15.8098 1.5888 11.6035 11.6485 11.5223
0.65315.8_1.5_82 55517.62605148409784 r 15.7286 0.0034 4.5000 15.8098 1.5888 11.6035 11.6485 11.5223
0.65315.8_1.5_82 55517.62605148409784 i 15.2401 0.0146 4.5000 15.8098 1.5888 11.6035 11.6485 11.5223
0.65315.8_1.5_82 55517.62605148409784 z 14.3082 0.0146 4.5000 15.8098 1.5888 11.6035 11.6485 11.5223
0.65315.8_1.5_82 55517.62605148409784 y 13.9959 0.0151 4.5000 15.8098 1.5888 11.6035 11.6485 11.5223
0.69813.4_1.2_82 55517.62605148409784 g 13.9385 0.0152 5.0000 13.4062 1.2968 8.9672 9.0420 8.9168
0.69813.8_1.3_82 55517.62605148409784 g 14.4818 0.0150 5.0000 13.8543 1.3102 9.4040 9.4883 9.3942
0.69814.3_1.3_82 55517.62605148409784 g 15.2486 0.0148 5.0000 14.3077 1.3799 9.9037 9.9704 9.8597
0.69814.3_1.3_82 55517.62605148409784 r 13.6321 0.0012 5.0000 14.3077 1.3799 9.9037 9.9704 9.8597
0.69814.7_1.4_82 55517.62605148409784 g 15.7004 0.0150 5.0000 14.7784 1.4174 10.3822 10.4254 10.3139
0.69814.7_1.4_82 55517.62605148409784 r 14.1008 0.0015 5.0000 14.7784 1.4174 10.3822 10.4254 10.3139
0.69814.7_1.4_82 55517.62605148409784 i 13.7886 0.0152 5.0000 14.7784 1.4174 10.3822 10.4254 10.3139
0.69815.2_1.4_82 55517.62605148409784 g 16.4651 0.0159 5.0000 15.2692 1.4843 10.9163 10.9436 10.8319
0.69815.2_1.4_82 55517.62605148409784 r 14.8167 0.0020 5.0000 15.2692 1.4843 10.9163 10.9436 10.8319
0.69815.2_1.4_82 55517.62605148409784 i 14.3986 0.0147 5.0000 15.2692 1.4843 10.9163 10.9436 10.8319
0.69815.8_1.5_82 55517.62605148409784 g 17.3490 0.0185 5.0000 15.8098 1.5888 11.4595 11.5144 11.3705
0.69815.8_1.5_82 55517.62605148409784 r 15.6102 0.0031 5.0000 15.8098 1.5888 11.4595 11.5144 11.3705
0.69815.8_1.5_82 55517.62605148409784 i 15.1137 0.0146 5.0000 15.8098 1.5888 11.4595 11.5144 11.3705
0.69815.8_1.5_82 55517.62605148409784 z 14.1630 0.0146 5.0000 15.8098 1.5888 11.4595 11.5144 11.3705
0.69815.8_1.5_82 55517.62605148409784 y 13.8970 0.0150 5.0000 15.8098 1.5888 11.4595 11.5144 11.3705
0.74013.4_1.2_82 55517.62605148409784 g 13.9861 0.0152 5.5000 13.4062 1.2968 8.8340 8.9301 8.8123
0.74013.8_1.3_82 55517.62605148409784 g 14.5383 0.0150 5.5000 13.8543 1.3102 9.2762 9.3902 9.2632
0.74014.3_1.3_82 55517.62605148409784 g 15.1137 0.0148 5.5000 14.3077 1.3799 9.7726 9.8614 9.7156
0.74014.3_1.3_82 55517.62605148409784 r 13.5016 0.0011 5.5000 14.3077 1.3799 9.7726 9.8614 9.7156
0.74014.7_1.4_82 55517.62605148409784 g 15.7609 0.0150 5.5000 14.7784 1.4174 10.2449 10.3000 10.1804
0.74014.7_1.4_82 55517.62605148409784 r 14.1033 0.0015 5.5000 14.7784 1.4174 10.2449 10.3000 10.1804
0.74014.7_1.4_82 55517.62605148409784 i 13.6380 0.0153 5.5000 14.7784 1.4174 10.2449 10.3000 10.1804
0.74015.2_1.4_82 55517.62605148409784 g 16.4814 0.0159 5.5000 15.2692 1.4843 10.7627 10.8108 10.7087
0.74015.2_1.4_82 55517.62605148409784 r 14.7646 0.0020 5.5000 15.2692 1.4843 10.7627 10.8108 10.7087
0.74015.2_1.4_82 55517.62605148409784 i 14.3428 0.0147 5.5000 15.2692 1.4843 10.7627 10.8108 10.7087
0.74015.8_1.5_82 55517.62605148409784 g 17.3290 0.0185 5.5000 15.8098 1.5888 11.3449 11.3834 11.2582
0.74015.8_1.5_82 55517.62605148409784 r 15.4991 0.0030 5.5000 15.8098 1.5888 11.3449 11.3834 11.2582
0.74015.8_1.5_82 55517.62605148409784 i 14.9145 0.0145 5.5000 15.8098 1.5888 11.3449 11.3834 11.2582
0.74015.8_1.5_82 55517.62605148409784 z 14.0589 0.0146 5.5000 15.8098 1.5888 11.3449 11.3834 11.2582
0.74015.8_1.5_82 55517.62605148409784 y 13.7297 0.0149 5.5000 15.8098 1.5888 11.3449 11.3834 11.2582
0.77813.4_1.2_82 55517.62605148409784 g 13.9112 0.0152 6.0000 13.4062 1.2968 8.7099 8.8256 8.6893
0.77813.8_1.3_82 55517.62605148409784 g 14.4929 0.0150 6.0000 13.8543 1.3102 9.1523 9.2837 9.1632
0.77814.3_1.3_82 55517.62605148409784 g 15.1321 0.0148 6.0000 14.3077 1.3799 9.6602 9.7288 9.6252
0.77814.7_1.4_82 55517.62605148409784 g 15.6578 0.0150 6.0000 14.7784 1.4174 10.1347 10.2042 10.0930
0.77814.7_1.4_82 55517.62605148409784 r 13.9961 0.0014 6.0000 14.7784 1.4174 10.1347 10.2042 10.0930
0.77814.7_1.4_82 55517.62605148409784 i 13.5475 0.0154 6.0000 14.7784 1.4174 10.1347 10.2042 10.0930
0.77815.2_1.4_82 55517.62605148409784 g 16.3691 0.0157 6.0000 15.2692 1.4843 10.6559 10.6993 10.5721
0.77815.2_1.4_82 55517.62605148409784 r 14.6194 0.0019 6.0000 15.2692 1.4843 10.6559 10.6993 10.5721
0.77815.2_1.4_82 55517.62605148409784 i 14.1700 0.0148 6.0000 15.2692 1.4843 10.6559 10.6993 10.5721
0.77815.8_1.5_82 55517.62605148409784 g 17.3183 0.0184 6.0000 15.8098 1.5888 11.2282 11.2766 11.1467
0.77815.8_1.5_82 55517.62605148409784 r 15.4714 0.0029 6.0000 15.8098 1.5888 11.2282 11.2766 11.1467
0.77815.8_1.5_82 55517.62605148409784 i 14.9441 0.0145 6.0000 15.8098 1.5888 11.2282 11.2766 11.1467
0.77815.8_1.5_82 55517.62605148409784 z 14.0078 0.0146 6.0000 15.8098 1.5888 11.2282 11.2766 11.1467
0.77815.8_1.5_82 55517.62605148409784 y 13.6812 0.0149 6.0000 15.8098 1.5888 11.2282 11.2766 11.1467
0.81213.4_1.2_82 55517.62605148409784 g 13.7931 0.0152 6.5000 13.4062 1.2968 8.6004 8.7105 8.5883
0.81213.8_1.3_82 55517.62605148409784 g 14.2332 0.0151 6.5000 13.8543 1.3102 9.0523 9.1538 9.0459
0.81214.3_1.3_82 55517.62605148409784 g 15.0467 0.0148 6.5000 14.3077 1.3799 9.5306 9.6253 9.5042
0.81214.7_1.4_82 55517.62605148409784 g 15.6243 0.0150 6.5000 14.7784 1.4174 10.0159 10.1211 9.9837
0.81214.7_1.4_82 55517.62605148409784 r 13.9266 0.0013 6.5000 14.7784 1.4174 10.0159 10.1211 9.9837
0.81215.2_1.4_82 55517.62605148409784 g 16.3688 0.0157 6.5000 15.2692 1.4843 10.5317 10.6091 10.4827
0.81215.2_1.4_82 55517.62605148409784 r 14.5980 0.0018 6.5000 15.2692 1.4843 10.5317 10.6091 10.4827
0.81215.2_1.4_82 55517.62605148409784 i 14.1844 0.0148 6.5000 15.2692 1.4843 10.5317 10.6091 10.4827
0.81215.8_1.5_82 55517.62605148409784 g 17.2806 0.0183 6.5000 15.8098 1.5888 11.1217 11.1907 11.0586
0.81215.8_1.5_82 55517.62605148409784 r 15.3985 0.0028 6.5000 15.8098 1.5888 11.1217 11.1907 11.0586
0.81215.8_1.5_82 55517.62605148409784 i 14.8940 0.0145 6.5000 15.8098 1.5888 11.1217 11.1907 11.0586
0.81215.8_1.5_82 55517.62605148409784 z 13.8774 0.0146 6.5000 15.8098 1.5888 11.1217 11.1907 11.0586
0.81215.8_1.5_82 55517.62605148409784 y 13.5674 0.0148 6.5000 15.8098 1.5888 11.1217 11.1907 11.0586
0.84513.4_1.2_82 55517.62605148409784 g 13.8370 0.0152 7.0000 13.4062 1.2968 8.4937 8.6065 8.4978
0.84513.8_1.3_82 55517.62605148409784 g 14.2294 0.0151 7.0000 13.8543 1.3102 8.9521 9.0450 8.9333
0.84514.3_1.3_82 55517.62605148409784 g 15.0666 0.0148 7.0000 14.3077 1.3799 9.4454 9.5214 9.4077
0.84514.7_1.4_82 55517.62605148409784 g 15.5408 0.0149 7.0000 14.7784 1.4174 9.9284 9.9946 9.8701
0.84514.7_1.4_82 55517.62605148409784 r 13.8388 0.0013 7.0000 14.7784 1.4174 9.9284 9.9946 9.8701
0.84515.2_1.4_82 55517.62605148409784 g 16.2904 0.0156 7.0000 15.2692 1.4843 10.4616 10.5211 10.3859
0.84515.2_1.4_82 55517.62605148409784 r 14.5143 0.0018 7.0000 15.2692 1.4843 10.4616 10.5211 10.3859
0.84515.2_1.4_82 55517.62605148409784 i 14.0625 0.0149 7.0000 15.2692 1.4843 10.4616 10.5211 10.3859
0.84515.8_1.5_82 55517.62605148409784 g 17.1593 0.0178 7.0000 15.8098 1.5888 11.0161 11.0755 10.9603
0.84515.8_1.5_82 55517.62605148409784 r 15.2913 0.0026 7.0000 15.8098 1.5888 11.0161 11.0755 10.9603
0.84515.8_1.5_82 55517.62605148409784 i 14.7666 0.0146 7.0000 15.8098 1.5888 11.0161 11.0755 10.9603
0.84515.8_1.5_82 55517.62605148409784 z 13.7931 0.0146 7.0000 15.8098 1.5888 11.0161 11.0755 10.9603
0.87513.4_1.2_82 55517.62605148409784 g 13.8138 0.0152 7.5000 13.4062 1.2968 8.4089 8.5084 8.4117
0.87513.8_1.3_82 55517.62605148409784 g 14.2522 0.0151 7.5000 13.8543 1.3102 8.8547 8.9757 8.8553
0.87514.3_1.3_82 55517.62605148409784 g 15.2058 0.0148 7.5000 14.3077 1.3799 9.3433 9.4514 9.3173
0.87514.7_1.4_82 55517.62605148409784 g 15.4130 0.0149 7.5000 14.7784 1.4174 9.8379 9.9331 9.7834
0.87514.7_1.4_82 55517.62605148409784 r 13.7208 0.0012 7.5000 14.7784 1.4174 9.8379 9.9331 9.7834
0.87515.2_1.4_82 55517.62605148409784 g 16.1876 0.0155 7.5000 15.2692 1.4843 10.3353 10.4278 10.2887
0.87515.2_1.4_82 55517.62605148409784 r 14.4126 0.0017 7.5000 15.2692 1.4843 10.3353 10.4278 10.2887
0.87515.2_1.4_82 55517.62605148409784 i 13.9955 0.0150 7.5000 15.2692 1.4843 10.3353 10.4278 10.2887
0.87515.8_1.5_82 55517.62605148409784 g 17.2259 0.0180 7.5000 15.8098 1.5888 10.9361 10.9796 10.8438
0.87515.8_1.5_82 55517.62605148409784 r 15.3033 0.0027 7.5000 15.8098 1.5888 10.9361 10.9796 10.8438
0.87515.8_1.5_82 55517.62605148409784 i 14.7808 0.0146 7.5000 15.8098 1.5888 10.9361 10.9796 10.8438
0.87515.8_1.5_82 55517.62605148409784 z 13.8251 0.0146 7.5000 15.8098 1.5888 10.9361 10.9796 10.8438
0.90313.4_1.2_82 55517.62605148409784 g 13.7686 0.0152 8.0000 13.4062 1.2968 8.3252 8.4389 8.3008
0.90313.8_1.3_82 55517.62605148409784 g 14.3103 0.0151 8.0000 13.8543 1.3102 8.7706 8.8862 8.7682
0.90314.3_1.3_82 55517.62605148409784 g 14.8863 0.0149 8.0000 14.3077 1.3799 9.2576 9.3508 9.2163
0.90314.7_1.4_82 55517.62605148409784 g 15.4357 0.0149 8.0000 14.7784 1.4174 9.7368 9.8279 9.7025
0.90314.7_1.4_82 55517.62605148409784 r 13.6991 0.0012 8.0000 14.7784 1.4174 9.7368 9.8279 9.7025
0.90315.2_1.4_82 55517.62605148409784 g 16.2293 0.0155 8.0000 15.2692 1.4843 10.2683 10.3238 10.2081
0.90315.2_1.4_82 55517.62605148409784 r 14.4046 0.0017 8.0000 15.2692 1.4843 10.2683 10.3238 10.2081
0.90315.2_1.4_82 55517.62605148409784 i 13.9607 0.0150 8.0000 15.2692 1.4843 10.2683 10.3238 10.2081
0.90315.8_1.5_82 55517.62605148409784 g 17.1456 0.0177 8.0000 15.8098 1.5888 10.8422 10.9273 10.7604
0.90315.8_1.5_82 55517.62605148409784 r 15.1898 0.0025 8.0000 15.8098 1.5888 10.8422 10.9273 10.7604
0.90315.8_1.5_82 55517.62605148409784 i 14.6290 0.0146 8.0000 15.8098 1.5888 10.8422 10.9273 10.7604
0.90315.8_1.5_82 55517.62605148409784 z 13.7276 0.0147 8.0000 15.8098 1.5888 10.8422 10.9273 10.7604
0.92913.4_1.2_82 55517.62605148409784 g 13.6690 0.0152 8.5000 13.4062 1.2968 8.2518 8.3509 8.2237
0.92913.8_1.3_82 55517.62605148409784 g 14.2374 0.0151 8.5000 13.8543 1.3102 8.6808 8.7950 8.6673
0.92914.3_1.3_82 55517.62605148409784 g 14.9142 0.0149 8.5000 14.3077 1.3799 9.1626 9.2789 9.1288
0.92914.7_1.4_82 55517.62605148409784 g 15.5695 0.0149 8.5000 14.7784 1.4174 9.6898 9.7559 9.6301
0.92914.7_1.4_82 55517.62605148409784 r 13.7463 0.0012 8.5000 14.7784 1.4174 9.6898 9.7559 9.6301
0.92915.2_1.4_82 55517.62605148409784 g 16.2232 0.0155 8.5000 15.2692 1.4843 10.1756 10.2431 10.1198
0.92915.2_1.4_82 55517.62605148409784 r 14.3602 0.0016 8.5000 15.2692 1.4843 10.1756 10.2431 10.1198
0.92915.2_1.4_82 55517.62605148409784 i 13.8563 0.0151 8.5000 15.2692 1.4843 10.1756 10.2431 10.1198
0.92915.8_1.5_82 55517.62605148409784 g 16.9971 0.0172 8.5000 15.8098 1.5888 10.7599 10.7997 10.6762
0.92915.8_1.5_82 55517.62605148409784 r 15.0998 0.0024 8.5000 15.8098 1.5888 10.7599 10.7997 10.6762
0.92915.8_1.5_82 55517.62605148409784 i 14.6138 0.0146 8.5000 15.8098 1.5888 10.7599 10.7997 10.6762
0.92915.8_1.5_82 55517.62605148409784 z 13.6770 0.0147 8.5000 15.8098 1.5888 10.7599 10.7997 10.6762
0.95413.4_1.2_82 55517.62605148409784 g 13.6754 0.0152 9.0000 13.4062 1.2968 8.1912 8.2913 8.1595
0.95413.8_1.3_82 55517.62605148409784 g 14.1434 0.0151 9.0000 13.8543 1.3102 8.6320 8.7553 8.6048
0.95414.3_1.3_82 55517.62605148409784 g 14.7109 0.0149 9.0000 14.3077 1.3799 9.1139 9.2073 9.0641
0.95414.7_1.4_82 55517.62605148409784 g 15.5198 0.0149 9.0000 14.7784 1.4174 9.5865 9.6835 9.5465
0.95414.7_1.4_82 55517.62605148409784 r 13.6728 0.0012 9.0000 14.7784 1.4174 9.5865 9.6835 9.5465
0.95415.2_1.4_82 55517.62605148409784 g 16.1030 0.0154 9.0000 15.2692 1.4843 10.1105 10.1845 10.0547
0.95415.2_1.4_82 55517.62605148409784 r 14.2416 0.0015 9.0000 15.2692 1.4843 10.1105 10.1845 10.0547
0.95415.2_1.4_82 55517.62605148409784 i 13.8195 0.0151 9.0000 15.2692 1.4843 10.1105 10.1845 10.0547
0.95415.8_1.5_82 55517.62605148409784 g 16.8262 0.0167 9.0000 15.8098 1.5888 10.7005 10.7492 10.5959
0.95415.8_1.5_82 55517.62605148409784 r 14.9723 0.0022 9.0000 15.8098 1.5888 10.7005 10.7492 10.5959
0.95415.8_1.5_82 55517.62605148409784 i 14.5008 0.0146 9.0000 15.8098 1.5888 10.7005 10.7492 10.5959
0.95415.8_1.5_82 55517.62605148409784 z 13.5975 0.0147 9.0000 15.8098 1.5888 10.7005 10.7492 10.5959
0.97713.4_1.2_82 55517.62605148409784 g 13.6901 0.0152 9.5000 13.4062 1.2968 8.1048 8.2237 8.0776
0.97713.8_1.3_82 55517.62605148409784 g 14.1715 0.0151 9.5000 13.8543 1.3102 8.5587 8.6660 8.5290
0.97714.3_1.3_82 55517.62605148409784 g 14.7228 0.0149 9.5000 14.3077 1.3799 9.0435 9.1371 9.0033
0.97714.7_1.4_82 55517.62605148409784 g 15.3622 0.0149 9.5000 14.7784 1.4174 9.5228 9.6008 9.4951
0.97714.7_1.4_82 55517.62605148409784 r 13.5590 0.0012 9.5000 14.7784 1.4174 9.5228 9.6008 9.4951
0.97715.2_1.4_82 55517.62605148409784 g 16.0997 0.0154 9.5000 15.2692 1.4843 10.0371 10.1210 9.9809
0.97715.2_1.4_82 55517.62605148409784 r 14.2287 0.0015 9.5000 15.2692 1.4843 10.0371 10.1210 9.9809
0.97715.2_1.4_82 55517.62605148409784 i 13.8127 0.0151 9.5000 15.2692 1.4843 10.0371 10.1210 9.9809
0.97715.8_1.5_82 55517.62605148409784 g 17.1156 0.0176 9.5000 15.8098 1.5888 10.6057 10.6609 10.5267
0.97715.8_1.5_82 55517.62605148409784 r 15.0727 0.0023 9.5000 15.8098 1.5888 10.6057 10.6609 10.5267
0.97715.8_1.5_82 55517.62605148409784 i 14.5656 0.0146 9.5000 15.8098 1.5888 10.6057 10.6609 10.5267
0.97715.8_1.5_82 55517.62605148409784 z 13.5637 0.0147 9.5000 15.8098 1.5888 10.6057 10.6609 10.5267
1.04113.8_1.3_82 55517.62605148409784 g 13.8580 0.0152 11.0000 13.8543 1.3102 8.3667 8.4779 8.3368
1.04114.3_1.3_82 55517.62605148409784 g 14.3313 0.0150 11.0000 14.3077 1.3799 8.8368 8.9340 8.8085
1.04114.7_1.4_82 55517.62605148409784 g 14.8916 0.0149 11.0000 14.7784 1.4174 9.3232 9.4090 9.2707
1.04115.2_1.4_82 55517.62605148409784 g 15.6436 0.0150 11.0000 15.2692 1.4843 9.8498 9.9367 9.7816
1.04115.2_1.4_82 55517.62605148409784 r 13.9107 0.0013 11.0000 15.2692 1.4843 9.8498 9.9367 9.7816
1.04115.2_1.4_82 55517.62605148409784 i 13.5366 0.0154 11.0000 15.2692 1.4843 9.8498 9.9367 9.7816
1.04115.8_1.5_82 55517.62605148409784 g 16.4115 0.0158 11.0000 15.8098 1.5888 10.4167 10.4872 10.3430
1.04115.8_1.5_82 55517.62605148409784 r 14.6248 0.0019 11.0000 15.8098 1.5888 10.4167 10.4872 10.3430
1.04115.8_1.5_82 55517.62605148409784 i 14.1474 0.0149 11.0000 15.8098 1.5888 10.4167 10.4872 10.3430
1.06013.8_1.3_82 55517.62605148409784 g 13.6734 0.0152 11.5000 13.8543 1.3102 8.2995 8.4176 8.2714
1.06014.3_1.3_82 55517.62605148409784 g 14.4073 0.0150 11.5000 14.3077 1.3799 8.7819 8.8998 8.7438
1.06014.7_1.4_82 55517.62605148409784 g 14.7316 0.0149 11.5000 14.7784 1.4174 9.2739 9.3835 9.2242
1.06015.2_1.4_82 55517.62605148409784 g 15.5562 0.0149 11.5000 15.2692 1.4843 9.7850 9.8874 9.7221
1.06015.2_1.4_82 55517.62605148409784 r 13.8371 0.0013 11.5000 15.2692 1.4843 9.7850 9.8874 9.7221
1.06015.8_1.5_82 55517.62605148409784 g 16.6089 0.0162 11.5000 15.8098 1.5888 10.3618 10.4301 10.2710
1.06015.8_1.5_82 55517.62605148409784 r 14.7481 0.0020 11.5000 15.8098 1.5888 10.3618 10.4301 10.2710
1.06015.8_1.5_82 55517.62605148409784 i 14.3359 0.0147 11.5000 15.8098 1.5888 10.3618 10.4301 10.2710
1.07913.8_1.3_82 55517.62605148409784 g 13.5612 0.0153 12.0000 13.8543 1.3102 8.2461 8.3462 8.2178
1.07914.3_1.3_82 55517.62605148409784 g 14.4754 0.0150 12.0000 14.3077 1.3799 8.7118 8.8235 8.6923
1.07914.7_1.4_82 55517.62605148409784 g 14.7200 0.0149 12.0000 14.7784 1.4174 9.1955 9.3127 9.1531
1.07915.2_1.4_82 55517.62605148409784 g 15.7459 0.0150 12.0000 15.2692 1.4843 9.7244 9.8301 9.6542
1.07915.2_1.4_82 55517.62605148409784 r 13.9506 0.0014 12.0000 15.2692 1.4843 9.7244 9.8301 9.6542
1.07915.2_1.4_82 55517.62605148409784 i 13.5907 0.0153 12.0000 15.2692 1.4843 9.7244 9.8301 9.6542
1.07915.8_1.5_82 55517.62605148409784 g 16.6298 0.0163 12.0000 15.8098 1.5888 10.3119 10.3659 10.2163
1.07915.8_1.5_82 55517.62605148409784 r 14.7210 0.0020 12.0000 15.8098 1.5888 10.3119 10.3659 10.2163
1.07915.8_1.5_82 55517.62605148409784 i 14.2892 0.0148 12.0000 15.8098 1.5888 10.3119 10.3659 10.2163
1.09613.8_1.3_82 55517.62605148409784 g 13.6063 0.0153 12.5000 13.8543 1.3102 8.1897 8.3246 8.1782
1.09614.3_1.3_82 55517.62605148409784 g 14.3506 0.0150 12.5000 14.3077 1.3799 8.6611 8.7703 8.6337
1.09614.7_1.4_82 55517.62605148409784 g 15.0258 0.0148 12.5000 14.7784 1.4174 9.1520 9.2598 9.1190
1.09615.2_1.4_82 55517.62605148409784 g 15.5066 0.0149 12.5000 15.2692 1.4843 9.6812 9.7612 9.6000
1.09615.2_1.4_82 55517.62605148409784 r 13.7676 0.0013 12.5000 15.2692 1.4843 9.6812 9.7612 9.6000
1.09615.8_1.5_82 55517.62605148409784 g 16.4428 0.0159 12.5000 15.8098 1.5888 10.2402 10.3264 10.1643
1.09615.8_1.5_82 55517.62605148409784 r 14.5828 0.0018 12.5000 15.8098 1.5888 10.2402 10.3264 10.1643
1.09615.8_1.5_82 55517.62605148409784 i 14.1202 0.0149 12.5000 15.8098 1.5888 10.2402 10.3264 10.1643
1.11313.8_1.3_82 55517.62605148409784 g 13.5255 0.0153 13.0000 13.8543 1.3102 8.1439 8.2549 8.1049
1.11314.3_1.3_82 55517.62605148409784 g 14.4456 0.0150 13.0000 14.3077 1.3799 8.6123 8.7373 8.5733
1.11314.7_1.4_82 55517.62605148409784 g 14.9719 0.0149 13.0000 14.7784 1.4174 9.1126 9.2233 9.0510
1.11315.2_1.4_82 55517.62605148409784 g 15.4696 0.0149 13.0000 15.2692 1.4843 9.6195 9.7141 9.5718
1.11315.2_1.4_82 55517.62605148409784 r 13.7183 0.0012 13.0000 15.2692 1.4843 9.6195 9.7141 9.5718
1.11315.8_1.5_82 55517.62605148409784 g 16.4379 0.0159 13.0000 15.8098 1.5888 10.2200 10.2728 10.1248
1.11315.8_1.5_82 55517.62605148409784 r 14.5710 0.0018 13.0000 15.8098 1.5888 10.2200 10.2728 10.1248
1.11315.8_1.5_82 55517.62605148409784 i 14.1592 0.0148 13.0000 15.8098 1.5888 10.2200 10.2728 10.1248
1.13013.8_1.3_82 55517.62605148409784 g 13.6506 0.0153 13.5000 13.8543 1.3102 8.1054 8.2236 8.0724
1.13014.3_1.3_82 55517.62605148409784 g 14.2031 0.0151 13.5000 14.3077 1.3799 8.5739 8.6846 8.5328
1.13014.7_1.4_82 55517.62605148409784 g 14.9159 0.0149 13.5000 14.7784 1.4174 9.0502 9.1573 8.9994
1.13015.2_1.4_82 55517.62605148409784 g 15.4191 0.0149 13.5000 15.2692 1.4843 9.5576 9.6736 9.5056
1.13015.2_1.4_82 55517.62605148409784 r 13.6843 0.0012 13.5000 15.2692 1.4843 9.5576 9.6736 9.5056
1.13015.8_1.5_82 55517.62605148409784 g 16.4679 0.0159 13.5000 15.8098 1.5888 10.1591 10.2169 10.0812
1.13015.8_1.5_82 55517.62605148409784 r 14.5607 0.0018 13.5000 15.8098 1.5888 10.1591 10.2169 10.0812
1.13015.8_1.5_82 55517.62605148409784 i 14.1456 0.0149 13.5000 15.8098 1.5888 10.1591 10.2169 10.0812
1.14614.3_1.3_82 55517.62605148409784 g 13.9189 0.0152 14.0000 14.3077 1.3799 8.5164 8.6270 8.4746
1.14614.7_1.4_82 55517.62605148409784 g 14.3894 0.0150 14.0000 14.7784 1.4174 9.0168 9.1495 8.9708
1.14615.2_1.4_82 55517.62605148409784 g 15.2646 0.0148 14.0000 15.2692 1.4843 9.5379 9.6203 9.4530
1.14615.2_1.4_82 55517.62605148409784 r 13.5594 0.0012 14.0000 15.2692 1.4843 9.5379 9.6203 9.4530
1.14615.8_1.5_82 55517.62605148409784 g 16.2380 0.0155 14.0000 15.8098 1.5888 10.0896 10.1680 9.9990
1.14615.8_1.5_82 55517.62605148409784 r 14.3985 0.0017 14.0000 15.8098 1.5888 10.0896 10.1680 9.9990
1.14615.8_1.5_82 55517.62605148409784 i 13.9950 0.0150 14.0000 15.8098 1.5888 10.0896 10.1680 9.9990
1.16114.3_1.3_82 55517.62605148409784 g 13.9268 0.0152 14.5000 14.3077 1.3799 8.4634 8.5808 8.4228
1.16114.7_1.4_82 55517.62605148409784 g 14.6099 0.0149 14.5000 14.7784 1.4174 8.9702 9.0631 8.9086
1.16115.2_1.4_82 55517.62605148409784 g 15.4659 0.0149 14.5000 15.2692 1.4843 9.4744 9.5693 9.4082
1.16115.2_1.4_82 55517.62605148409784 r 13.6467 0.0012 14.5000 15.2692 1.4843 9.4744 9.5693 9.4082
1.16115.8_1.5_82 55517.62605148409784 g 16.0296 0.0153 14.5000 15.8098 1.5888 10.0415 10.1281 9.9697
1.16115.8_1.5_82 55517.62605148409784 r 14.2528 0.0016 14.5000 15.8098 1.5888 10.0415 10.1281 9.9697
1.16115.8_1.5_82 55517.62605148409784 i 14.0200 0.0150 14.5000 15.8098 1.5888 10.0415 10.1281 9.9697
1.17614.3_1.3_82 55517.62605148409784 g 13.8818 0.0152 15.0000 14.3077 1.3799 8.4161 8.5510 8.3872
1.17614.7_1.4_82 55517.62605148409784 g 14.4828 0.0150 15.0000 14.7784 1.4174 8.9065 9.0205 8.8621
1.17615.2_1.4_82 55517.62605148409784 g 15.2034 0.0148 15.0000 15.2692 1.4843 9.4181 9.5192 9.3557
1.17615.8_1.5_82 55517.62605148409784 g 16.1830 0.0155 15.0000 15.8098 1.5888 10.0210 10.0833 9.9359
1.17615.8_1.5_82 55517.62605148409784 r 14.3327 0.0016 15.0000 15.8098 1.5888 10.0210 10.0833 9.9359
1.17615.8_1.5_82 55517.62605148409784 i 13.9814 0.0150 15.0000 15.8098 1.5888 10.0210 10.0833 9.9359
1.19014.3_1.3_82 55517.62605148409784 g 13.8771 0.0152 15.5000 14.3077 1.3799 8.3719 8.5040 8.3345
1.19014.7_1.4_82 55517.62605148409784 g 14.5607 0.0150 15.5000 14.7784 1.4174 8.8710 8.9661 8.8303
1.19015.2_1.4_82 55517.62605148409784 g 14.8193 0.0149 15.5000 15.2692 1.4843 9.3880 9.4844 9.3283
1.19015.8_1.5_82 55517.62605148409784 g 16.1918 0.0155 15.5000 15.8098 1.5888 9.9669 10.0584 9.8723
1.19015.8_1.5_82 55517.62605148409784 r 14.3061 0.0016 15.5000 15.8098 1.5888 9.9669 10.0584 9.8723
1.19015.8_1.5_82 55517.62605148409784 i 13.9376 0.0150 15.5000 15.8098 1.5888 9.9669 10.0584 9.8723
1.20414.3_1.3_82 55517.62605148409784 g 13.7668 0.0152 16.0000 14.3077 1.3799 8.3405 8.4657 8.3073
1.20414.7_1.4_82 55517.62605148409784 g 14.6359 0.0149 16.0000 14.7784 1.4174 8.8274 8.9250 8.7727
1.20415.2_1.4_82 55517.62605148409784 g 15.0116 0.0148 16.0000 15.2692 1.4843 9.3464 9.4121 9.2766
1.20415.8_1.5_82 55517.62605148409784 g 15.9856 0.0152 16.0000 15.8098 1.5888 9.9136 10.0071 9.8375
1.20415.8_1.5_82 55517.62605148409784 r 14.1813 0.0015 16.0000 15.8098 1.5888 9.9136 10.0071 9.8375
1.20415.8_1.5_82 55517.62605148409784 i 13.7745 0.0152 16.0000 15.8098 1.5888 9.9136 10.0071 9.8375
1.21714.3_1.3_82 55517.62605148409784 g 13.6870 0.0152 16.5000 14.3077 1.3799 8.2827 8.4214 8.2637
1.21714.7_1.4_82 55517.62605148409784 g 14.3068 0.0151 16.5000 14.7784 1.4174 8.7708 8.8858 8.7418
1.21715.2_1.4_82 55517.62605148409784 g 15.0642 0.0148 16.5000 15.2692 1.4843 9.2945 9.3933 9.2446
1.21715.8_1.5_82 55517.62605148409784 g 15.9062 0.0152 16.5000 15.8098 1.5888 9.8693 9.9635 9.7785
1.21715.8_1.5_82 55517.62605148409784 r 14.1182 0.0015 16.5000 15.8098 1.5888 9.8693 9.9635 9.7785
1.21715.8_1.5_82 55517.62605148409784 i 13.8259 0.0151 16.5000 15.8098 1.5888 9.8693 9.9635 9.7785
1.23014.7_1.4_82 55517.62605148409784 g 14.5349 0.0150 17.0000 14.7784 1.4174 8.7555 8.8388 8.6956
1.23015.2_1.4_82 55517.62605148409784 g 15.2819 0.0148 17.0000 15.2692 1.4843 9.2586 9.3588 9.2066
1.23015.8_1.5_82 55517.62605148409784 g 16.2482 0.0156 17.0000 15.8098 1.5888 9.8596 9.9491 9.7464
1.23015.8_1.5_82 55517.62605148409784 r 14.3017 0.0016 17.0000 15.8098 1.5888 9.8596 9.9491 9.7464
1.23015.8_1.5_82 55517.62605148409784 i 13.9033 0.0151 17.0000 15.8098 1.5888 9.8596 9.9491 9.7464
1.24314.3_1.3_82 55517.62605148409784 g 13.5811 0.0153 17.5000 14.3077 1.3799 8.2181 8.3452 8.1791
1.24314.7_1.4_82 55517.62605148409784 g 13.9319 0.0152 17.5000 14.7784 1.4174 8.7026 8.8190 8.6802
1.24315.2_1.4_82 55517.62605148409784 g 15.0173 0.0148 17.5000 15.2692 1.4843 9.2250 9.3079 9.1545
1.24315.8_1.5_82 55517.62605148409784 g 15.8960 0.0151 17.5000 15.8098 1.5888 9.7977 9.8911 9.7042
1.24315.8_1.5_82 55517.62605148409784 r 14.0854 0.0014 17.5000 15.8098 1.5888 9.7977 9.8911 9.7042
1.24315.8_1.5_82 55517.62605148409784 i 13.7530 0.0152 17.5000 15.8098 1.5888 9.7977 9.8911 9.7042
1.25514.3_1.3_82 55517.62605148409784 g 13.5485 0.0153 18.0000 14.3077 1.3799 8.1826 8.3181 8.1425
1.25514.7_1.4_82 55517.62605148409784 g 14.4550 0.0150 18.0000 14.7784 1.4174 8.6765 8.7842 8.6197
1.25515.2_1.4_82 55517.62605148409784 g 15.0387 0.0148 18.0000 15.2692 1.4843 9.1738 9.2660 9.1452
1.25515.8_1.5_82 55517.62605148409784 g 15.6785 0.0150 18.0000 15.8098 1.5888 9.7510 9.8336 9.6888
1.25515.8_1.5_82 55517.62605148409784 r 13.9447 0.0014 18.0000 15.8098 1.5888 9.7510 9.8336 9.6888
1.25515.8_1.5_82 55517.62605148409784 i 13.6503 0.0153 18.0000 15.8098 1.5888 9.7510 9.8336 9.6888
1.26714.3_1.3_82 55517.62605148409784 g 13.6456 0.0153 18.5000 14.3077 1.3799 8.1503 8.2505 8.1078
1.26714.7_1.4_82 55517.62605148409784 g 14.4265 0.0150 18.5000 14.7784 1.4174 8.6330 8.7461 8.5708
1.26715.2_1.4_82 55517.62605148409784 g 14.9588 0.0149 18.5000 15.2692 1.4843 9.1536 9.2620 9.0757
1.26715.8_1.5_82 55517.62605148409784 g 16.0203 0.0153 18.5000 15.8098 1.5888 9.7414 9.8259 9.6323
1.26715.8_1.5_82 55517.62605148409784 r 14.1269 0.0015 18.5000 15.8098 1.5888 9.7414 9.8259 9.6323
1.26715.8_1.5_82 55517.62605148409784 i 13.7788 0.0152 18.5000 15.8098 1.5888 9.7414 9.8259 9.6323
1.27814.3_1.3_82 55517.62605148409784 g 13.7700 0.0152 19.0000 14.3077 1.3799 8.1095 8.2458 8.0689
1.27814.7_1.4_82 55517.62605148409784 g 14.2521 0.0151 19.0000 14.7784 1.4174 8.6001 8.7115 8.5606
1.27815.2_1.4_82 55517.62605148409784 g 14.9204 0.0149 19.0000 15.2692 1.4843 9.1094 9.2196 9.0541
1.27815.8_1.5_82 55517.62605148409784 g 16.1301 0.0154 19.0000 15.8098 1.5888 9.6702 9.7749 9.6096
1.27815.8_1.5_82 55517.62605148409784 r 14.1846 0.0015 19.0000 15.8098 1.5888 9.6702 9.7749 9.6096
1.27815.8_1.5_82 55517.62605148409784 i 13.7667 0.0152 19.0000 15.8098 1.5888 9.6702 9.7749 9.6096
1.29014.3_1.3_82 55517.62605148409784 g 13.6345 0.0153 19.5000 14.3077 1.3799 8.0570 8.2006 8.0333
1.29014.7_1.4_82 55517.62605148409784 g 14.1395 0.0151 19.5000 14.7784 1.4174 8.5377 8.7064 8.5103
1.29015.2_1.4_82 55517.62605148409784 g 14.8922 0.0149 19.5000 15.2692 1.4843 9.0631 9.1772 9.0234
1.29015.8_1.5_82 55517.62605148409784 g 15.8794 0.0151 19.5000 15.8098 1.5888 9.6560 9.7471 9.5760
1.29015.8_1.5_82 55517.62605148409784 r 14.0151 0.0014 19.5000 15.8098 1.5888 9.6560 9.7471 9.5760
1.29015.8_1.5_82 55517.62605148409784 i 13.6909 0.0152 19.5000 15.8098 1.5888 9.6560 9.7471 9.5760
1.30114.3_1.3_82 55517.62605148409784 g 14.0606 0.0151 20.0000 14.3077 1.3799 8.0509 8.1643 7.9984
1.30114.7_1.4_82 55517.62605148409784 g 14.5304 0.0150 20.0000 14.7784 1.4174 8.5159 8.6692 8.4789
1.30115.2_1.4_82 55517.62605148409784 g 14.9464 0.0149 20.0000 15.2692 1.4843 9.0528 9.1517 8.9762
1.30115.8_1.5_82 55517.62605148409784 g 15.9343 0.0152 20.0000 15.8098 1.5888 9.6261 9.7102 9.5249
1.30115.8_1.5_82 55517.62605148409784 r 14.0519 0.0014 20.0000 15.8098 1.5888 9.6261 9.7102 9.5249
1.30115.8_1.5_82 55517.62605148409784 i 13.6979 0.0152 20.0000 15.8098 1.5888 9.6261 9.7102 9.5249
1.31114.3_1.3_82 55517.62605148409784 g 13.6564 0.0152 20.5000 14.3077 1.3799 8.0081 8.1447 7.9846
1.31114.7_1.4_82 55517.62605148409784 g 14.4202 0.0150 20.5000 14.7784 1.4174 8.4776 8.6117 8.4532
1.31115.2_1.4_82 55517.62605148409784 g 15.3422 0.0149 20.5000 15.2692 1.4843 9.0045 9.1066 8.9485
1.31115.8_1.5_82 55517.62605148409784 g 16.0520 0.0153 20.5000 15.8098 1.5888 9.5849 9.6706 9.4953
1.31115.8_1.5_82 55517.62605148409784 r 14.0979 0.0015 20.5000 15.8098 1.5888 9.5849 9.6706 9.4953
1.31115.8_1.5_82 55517.62605148409784 i 13.6217 0.0153 20.5000 15.8098 1.5888 9.5849 9.6706 9.4953
1.32214.3_1.3_82 55517.62605148409784 g 13.7312 0.0152 21.0000 14.3077 1.3799 7.9543 8.1138 7.9344
1.32214.7_1.4_82 55517.62605148409784 g 14.2941 0.0151 21.0000 14.7784 1.4174 8.4513 8.5840 8.4039
1.32215.2_1.4_82 55517.62605148409784 g 15.1310 0.0148 21.0000 15.2692 1.4843 8.9723 9.0791 8.9117
1.32215.8_1.5_82 55517.62605148409784 g 16.1472 0.0154 21.0000 15.8098 1.5888 9.5547 9.6479 9.4870
1.32215.8_1.5_82 55517.62605148409784 r 14.1477 0.0015 21.0000 15.8098 1.5888 9.5547 9.6479 9.4870
1.32215.8_1.5_82 55517.62605148409784 i 13.7260 0.0152 21.0000 15.8098 1.5888 9.5547 9.6479 9.4870
1.33214.3_1.3_82 55517.62605148409784 g 13.7470 0.0152 21.5000 14.3077 1.3799 7.9422 8.0677 7.9259
1.33214.7_1.4_82 55517.62605148409784 g 14.4679 0.0150 21.5000 14.7784 1.4174 8.4302 8.5435 8.3781
1.33215.2_1.4_82 55517.62605148409784 g 14.8893 0.0149 21.5000 15.2692 1.4843 8.9349 9.0558 8.8935
1.33215.8_1.5_82 55517.62605148409784 g 15.9953 0.0152 21.5000 15.8098 1.5888 9.5029 9.6214 9.4176
1.33215.8_1.5_82 55517.62605148409784 r 14.0373 0.0014 21.5000 15.8098 1.5888 9.5029 9.6214 9.4176
1.33215.8_1.5_82 55517.62605148409784 i 13.5830 0.0153 21.5000 15.8098 1.5888 9.5029 9.6214 9.4176
1.34214.3_1.3_82 55517.62605148409784 g 13.5229 0.0153 22.0000 14.3077 1.3799 7.8890 8.0691 7.8718
1.34214.7_1.4_82 55517.62605148409784 g 14.4390 0.0150 22.0000 14.7784 1.4174 8.3997 8.5236 8.3530
1.34215.2_1.4_82 55517.62605148409784 g 14.8590 0.0149 22.0000 15.2692 1.4843 8.9209 9.0396 8.8497
1.34215.8_1.5_82 55517.62605148409784 g 15.9632 0.0152 22.0000 15.8098 1.5888 9.4963 9.5852 9.4032
1.34215.8_1.5_82 55517.62605148409784 r 13.9949 0.0014 22.0000 15.8098 1.5888 9.4963 9.5852 9.4032
1.34215.8_1.5_82 55517.62605148409784 i 13.5531 0.0154 22.0000 15.8098 1.5888 9.4963 9.5852 9.4032
1.35214.3_1.3_82 55517.62605148409784 g 13.5637 0.0153 22.5000 14.3077 1.3799 7.8750 8.0082 7.8575
1.35214.7_1.4_82 55517.62605148409784 g 14.2498 0.0151 22.5000 14.7784 1.4174 8.3378 8.4827 8.3376
1.35215.2_1.4_82 55517.62605148409784 g 15.0417 0.0148 22.5000 15.2692 1.4843 8.9027 8.9875 8.8370
1.35215.8_1.5_82 55517.62605148409784 g 15.9696 0.0152 22.5000 15.8098 1.5888 9.4661 9.5525 9.3880
1.35215.8_1.5_82 55517.62605148409784 r 13.9943 0.0014 22.5000 15.8098 1.5888 9.4661 9.5525 9.3880
1.35215.8_1.5_82 55517.62605148409784 i 13.5359 0.0154 22.5000 15.8098 1.5888 9.4661 9.5525 9.3880
1.36114.3_1.3_82 55517.62605148409784 g 13.7380 0.0152 23.0000 14.3077 1.3799 7.8668 7.9776 7.8208
1.36114.7_1.4_82 55517.62605148409784 g 14.3921 0.0150 23.0000 14.7784 1.4174 8.3422 8.4616 8.3053
1.36115.2_1.4_82 55517.62605148409784 g 15.2518 0.0148 23.0000 15.2692 1.4843 8.8402 8.9650 8.7936
1.36115.8_1.5_82 55517.62605148409784 g 15.5708 0.0149 23.0000 15.8098 1.5888 9.4487 9.5307 9.3738
1.36115.8_1.5_82 55517.62605148409784 r 13.7399 0.0012 23.0000 15.8098 1.5888 9.4487 9.5307 9.3738
1.37114.7_1.4_82 55517.62605148409784 g 14.2634 0.0151 23.5000 14.7784 1.4174 8.3344 8.4395 8.2709
1.37115.2_1.4_82 55517.62605148409784 g 14.9765 0.0149 23.5000 15.2692 1.4843 8.8205 8.9316 8.7676
1.37115.8_1.5_82 55517.62605148409784 g 15.7656 0.0150 23.5000 15.8098 1.5888 9.3892 9.5164 9.3133
1.37115.8_1.5_82 55517.62605148409784 r 13.8580 0.0013 23.5000 15.8098 1.5888 9.3892 9.5164 9.3133
1.38014.3_1.3_82 55517.62605148409784 g 13.5570 0.0153 24.0000 14.3077 1.3799 7.8081 7.9315 7.7375
1.38014.7_1.4_82 55517.62605148409784 g 14.2653 0.0151 24.0000 14.7784 1.4174 8.2968 8.4025 8.2340
1.38015.2_1.4_82 55517.62605148409784 g 14.9098 0.0149 24.0000 15.2692 1.4843 8.7899 8.9086 8.7310
1.38015.8_1.5_82 55517.62605148409784 g 15.8242 0.0151 24.0000 15.8098 1.5888 9.3838 9.4834 9.3064
1.38015.8_1.5_82 55517.62605148409784 r 13.8626 0.0013 24.0000 15.8098 1.5888 9.3838 9.4834 9.3064
1.38914.3_1.3_82 55517.62605148409784 g 13.6234 0.0153 24.5000 14.3077 1.3799 7.7809 7.9165 7.7420
1.38914.7_1.4_82 55517.62605148409784 g 14.3186 0.0150 24.5000 14.7784 1.4174 8.2521 8.3909 8.2015
1.38915.2_1.4_82 55517.62605148409784 g 15.1837 0.0148 24.5000 15.2692 1.4843 8.7767 8.8642 8.7082
1.38915.8_1.5_82 55517.62605148409784 g 16.1684 0.0154 24.5000 15.8098 1.5888 9.3391 9.4532 9.2635
1.38915.8_1.5_82 55517.62605148409784 r 14.0579 0.0014 24.5000 15.8098 1.5888 9.3391 9.4532 9.2635
1.38915.8_1.5_82 55517.62605148409784 i 13.6947 0.0152 24.5000 15.8098 1.5888 9.3391 9.4532 9.2635
1.39714.7_1.4_82 55517.62605148409784 g 14.2009 0.0151 25.0000 14.7784 1.4174 8.2397 8.3511 8.1887
1.39715.2_1.4_82 55517.62605148409784 g 14.9556 0.0149 25.0000 15.2692 1.4843 8.7436 8.8526 8.6910
1.39715.8_1.5_82 55517.62605148409784 g 15.8279 0.0151 25.0000 15.8098 1.5888 9.3103 9.4272 9.2257
1.39715.8_1.5_82 55517.62605148409784 r 13.8315 0.0013 25.0000 15.8098 1.5888 9.3103 9.4272 9.2257
1.40614.3_1.3_82 55517.62605148409784 g 13.5262 0.0153 25.5000 14.3077 1.3799 7.7037 7.8545 7.6694
1.40614.7_1.4_82 55517.62605148409784 g 13.9740 0.0152 25.5000 14.7784 1.4174 8.2092 8.3307 8.1517
1.40615.2_1.4_82 55517.62605148409784 g 14.6305 0.0149 25.5000 15.2692 1.4843 8.7115 8.8382 8.6726
1.40615.8_1.5_82 55517.62605148409784 g 15.8269 0.0151 25.5000 15.8098 1.5888 9.3021 9.4100 9.2163
1.40615.8_1.5_82 55517.62605148409784 r 13.8299 0.0013 25.5000 15.8098 1.5888 9.3021 9.4100 9.2163
1.41414.7_1.4_82 55517.62605148409784 g 14.2376 0.0151 26.0000 14.7784 1.4174 8.1914 8.3178 8.1246
1.41415.2_1.4_82 55517.62605148409784 g 14.9133 0.0149 26.0000 15.2692 1.4843 8.6988 8.8103 8.6220
1.41415.8_1.5_82 55517.62605148409784 g 15.8520 0.0151 26.0000 15.8098 1.5888 9.2806 9.3972 9.1833
1.41415.8_1.5_82 55517.62605148409784 r 13.8525 0.0013 26.0000 15.8098 1.5888 9.2806 9.3972 9.1833
1.42314.7_1.4_82 55517.62605148409784 g 13.9574 0.0152 26.5000 14.7784 1.4174 8.1553 8.2979 8.1229
1.42315.2_1.4_82 55517.62605148409784 g 14.6077 0.0149 26.5000 15.2692 1.4843 8.6750 8.7898 8.6173
1.42315.8_1.5_82 55517.62605148409784 g 15.5940 0.0149 26.5000 15.8098 1.5888 9.2633 9.3573 9.1605
1.42315.8_1.5_82 55517.62605148409784 r 13.6727 0.0012 26.5000 15.8098 1.5888 9.2633 9.3573 9.1605
1.43114.3_1.3_82 55517.62605148409784 g 13.5590 0.0153 27.0000 14.3077 1.3799 7.6396 7.7935 7.5966
1.43114.7_1.4_82 55517.62605148409784 g 14.0438 0.0152 27.0000 14.7784 1.4174 8.1201 8.2632 8.0691
1.43115.2_1.4_82 55517.62605148409784 g 14.6383 0.0149 27.0000 15.2692 1.4843 8.6561 8.7471 8.5951
1.43115.8_1.5_82 55517.62605148409784 g 15.8343 0.0151 27.0000 15.8098 1.5888 9.2387 9.3215 9.1364
1.43115.8_1.5_82 55517.62605148409784 r 13.8005 0.0013 27.0000 15.8098 1.5888 9.2387 9.3215 9.1364
1.43914.3_1.3_82 55517.62605148409784 g 13.5122 0.0153 27.5000 14.3077 1.3799 7.5970 7.7498 7.5760
1.43914.7_1.4_82 55517.62605148409784 g 13.9679 0.0152 27.5000 14.7784 1.4174 8.0982 8.2388 8.0473
1.43915.2_1.4_82 55517.62605148409784 g 14.8421 0.0149 27.5000 15.2692 1.4843 8.6285 8.7350 8.5524
1.43915.8_1.5_82 55517.62605148409784 g 15.8351 0.0151 27.5000 15.8098 1.5888 9.1883 9.3021 9.1084
1.43915.8_1.5_82 55517.62605148409784 r 13.8101 0.0013 27.5000 15.8098 1.5888 9.1883 9.3021 9.1084
1.44714.3_1.3_82 55517.62605148409784 g 13.6430 0.0153 28.0000 14.3077 1.3799 7.5847 7.7193 7.5489
1.44714.7_1.4_82 55517.62605148409784 g 14.1601 0.0151 28.0000 14.7784 1.4174 8.0873 8.2195 8.0272
1.44715.2_1.4_82 55517.62605148409784 g 15.1598 0.0148 28.0000 15.2692 1.4843 8.5907 8.6951 8.5471
1.44715.8_1.5_82 55517.62605148409784 g 15.6200 0.0150 28.0000 15.8098 1.5888 9.1885 9.2707 9.0859
1.44715.8_1.5_82 55517.62605148409784 r 13.6762 0.0012 28.0000 15.8098 1.5888 9.1885 9.2707 9.0859
1.45414.7_1.4_82 55517.62605148409784 g 14.0612 0.0151 28.5000 14.7784 1.4174 8.0459 8.1969 8.0060
1.45415.2_1.4_82 55517.62605148409784 g 14.8505 0.0149 28.5000 15.2692 1.4843 8.5691 8.6728 8.5102
1.45415.8_1.5_82 55517.62605148409784 g 15.6244 0.0150 28.5000 15.8098 1.5888 9.1377 9.2612 9.0591
1.45415.8_1.5_82 55517.62605148409784 r 13.6690 0.0012 28.5000 15.8098 1.5888 9.1377 9.2612 9.0591
1.46214.7_1.4_82 55517.62605148409784 g 13.8857 0.0152 29.0000 14.7784 1.4174 8.0246 8.1697 7.9941
1.46215.2_1.4_82 55517.62605148409784 g 14.7149 0.0149 29.0000 15.2692 1.4843 8.5414 8.6592 8.4819
1.46215.8_1.5_82 55517.62605148409784 g 15.9381 0.0152 29.0000 15.8098 1.5888 9.1286 9.2122 9.0428
1.46215.8_1.5_82 55517.62605148409784 r 13.8401 0.0013 29.0000 15.8098 1.5888 9.1286 9.2122 9.0428
1.46914.3_1.3_82 55517.62605148409784 g 13.7738 0.0152 29.5000 14.3077 1.3799 7.5088 7.6761 7.4856
1.46914.7_1.4_82 55517.62605148409784 g 14.1533 0.0151 29.5000 14.7784 1.4174 7.9953 8.1527 7.9838
1.46915.2_1.4_82 55517.62605148409784 g 14.9120 0.0149 29.5000 15.2692 1.4843 8.5330 8.6361 8.4525
1.46915.8_1.5_82 55517.62605148409784 g 15.7127 0.0150 29.5000 15.8098 1.5888 9.1073 9.2229 9.0130
1.46915.8_1.5_82 55517.62605148409784 r 13.7107 0.0012 29.5000 15.8098 1.5888 9.1073 9.2229 9.0130
1.47714.7_1.4_82 55517.62605148409784 g 13.8272 0.0152 30.0000 14.7784 1.4174 7.9971 8.1070 7.9505
1.47715.2_1.4_82 55517.62605148409784 g 14.6958 0.0149 30.0000 15.2692 1.4843 8.4847 8.6229 8.4327
1.47715.8_1.5_82 55517.62605148409784 g 15.5620 0.0149 30.0000 15.8098 1.5888 9.0932 9.1822 8.9994
1.47715.8_1.5_82 55517.62605148409784 r 13.6042 0.0012 30.0000 15.8098 1.5888 9.0932 9.1822 8.9994
