# Name Epoch Band Mag eMag period DM E(B-V) KMEAN  W1MEAN W2MEAN
lc_3.0_12.0_1.40 55826.22205682750064 g 14.1800 0.0151 3.0000 12.0412 1.4049  7.9386  8.1791  8.1222
lc_3.0_12.3_1.48 55826.22205682750064 g 14.7132 0.0149 3.0000 12.3491 1.4829  8.2557  8.4917  8.4337
lc_3.0_12.8_1.66 55826.22205682750064 g 15.7999 0.0151 3.0000 12.8702 1.6625  8.7982  9.0235  8.9630
lc_3.0_12.8_1.66 56461.55775054779951 r 13.6304 0.0012 3.0000 12.8702 1.6625  8.7982  9.0235  8.9630
lc_3.0_12.8_1.66 56461.56757235380064 r 13.6142 0.0012 3.0000 12.8702 1.6625  8.7982  9.0235  8.9630
lc_3.0_12.8_1.66 56462.53732978089829 r 13.8950 0.0013 3.0000 12.8702 1.6625  8.7982  9.0235  8.9630
lc_3.0_12.8_1.66 56462.54726184860192 r 13.9116 0.0013 3.0000 12.8702 1.6625  8.7982  9.0235  8.9630
lc_3.0_12.8_1.66 56089.43071832179703 r 13.5881 0.0012 3.0000 12.8702 1.6625  8.7982  9.0235  8.9630
lc_3.5_12.0_1.40 55826.22205682750064 g 14.1012 0.0151 3.5000 12.0412 1.4049  7.7331  7.9792  7.9172
lc_3.5_12.3_1.48 55826.22205682750064 g 14.6145 0.0149 3.5000 12.3491 1.4829  8.0503  8.2918  8.2287
lc_3.5_12.8_1.66 55826.22205682750064 g 15.7174 0.0150 3.5000 12.8702 1.6625  8.5927  8.8236  8.7580
lc_3.5_12.8_1.66 56462.53732978089829 r 13.6983 0.0012 3.5000 12.8702 1.6625  8.5927  8.8236  8.7580
lc_3.5_12.8_1.66 56462.54726184860192 r 13.7521 0.0013 3.5000 12.8702 1.6625  8.5927  8.8236  8.7580
lc_4.0_12.0_1.40 55826.22205682750064 g 13.7601 0.0152 4.0000 12.0412 1.4049  7.5551  7.8061  7.7396
lc_4.0_12.3_1.48 55826.22205682750064 g 14.3223 0.0150 4.0000 12.3491 1.4829  7.8723  8.1187  8.0511
lc_4.0_12.8_1.66 55826.22205682750064 g 15.4431 0.0149 4.0000 12.8702 1.6625  8.4148  8.6505  8.5804
lc_4.0_12.8_1.66 56462.54726184860192 r 13.5228 0.0011 4.0000 12.8702 1.6625  8.4148  8.6505  8.5804
lc_4.5_12.0_1.40 55826.22205682750064 g 13.6051 0.0153 4.5000 12.0412 1.4049  7.3982  7.6534  7.5830
lc_4.5_12.3_1.48 55826.22205682750064 g 14.1751 0.0151 4.5000 12.3491 1.4829  7.7154  7.9660  7.8945
lc_4.5_12.8_1.66 55826.22205682750064 g 15.2601 0.0148 4.5000 12.8702 1.6625  8.2578  8.4978  8.4238
lc_4.5_12.8_1.66 56462.53732978089829 r 13.5127 0.0011 4.5000 12.8702 1.6625  8.2578  8.4978  8.4238
lc_4.5_12.8_1.66 56462.54726184860192 r 13.5124 0.0011 4.5000 12.8702 1.6625  8.2578  8.4978  8.4238
lc_5.0_12.3_1.48 55826.22205682750064 g 14.0349 0.0152 5.0000 12.3491 1.4829  7.5749  7.8294  7.7543
lc_5.0_12.8_1.66 55826.22205682750064 g 15.1320 0.0148 5.0000 12.8702 1.6625  8.1174  8.3612  8.2836
lc_5.5_12.0_1.40 55826.22205682750064 g 13.5623 0.0153 5.5000 12.0412 1.4049  7.1307  7.3932  7.3161
lc_5.5_12.3_1.48 55826.22205682750064 g 14.1500 0.0151 5.5000 12.3491 1.4829  7.4479  7.7058  7.6276
lc_5.5_12.8_1.66 55826.22205682750064 g 15.2435 0.0148 5.5000 12.8702 1.6625  7.9903  8.2376  8.1569
lc_6.0_12.3_1.48 55826.22205682750064 g 13.7655 0.0152 6.0000 12.3491 1.4829  7.3320  7.5930  7.5119
lc_6.0_12.8_1.66 55826.22205682750064 g 14.8696 0.0149 6.0000 12.8702 1.6625  7.8744  8.1248  8.0412
lc_6.5_12.3_1.48 55826.22205682750064 g 13.7924 0.0152 6.5000 12.3491 1.4829  7.2253  7.4892  7.4054
lc_6.5_12.8_1.66 55826.22205682750064 g 14.8577 0.0149 6.5000 12.8702 1.6625  7.7677  8.0210  7.9347
lc_7.0_12.3_1.48 55826.22205682750064 g 13.7485 0.0152 7.0000 12.3491 1.4829  7.1265  7.3931  7.3069
lc_7.0_12.8_1.66 55826.22205682750064 g 14.8630 0.0149 7.0000 12.8702 1.6625  7.6689  7.9249  7.8362
lc_7.5_12.8_1.66 55826.22205682750064 g 14.5298 0.0150 7.5000 12.8702 1.6625  7.5770  7.8355  7.7444
lc_8.0_12.0_1.40 55826.22205682750064 g 13.5434 0.0153 8.0000 12.0412 1.4049  6.6314  6.9074  6.8178
lc_8.0_12.3_1.48 55826.22205682750064 g 14.0473 0.0152 8.0000 12.3491 1.4829  6.9486  7.2200  7.1293
lc_8.0_12.8_1.66 55826.22205682750064 g 15.1576 0.0148 8.0000 12.8702 1.6625  7.4910  7.7518  7.6586
lc_8.5_12.3_1.48 55826.22205682750064 g 13.9909 0.0152 8.5000 12.3491 1.4829  6.8678  7.1414  7.0486
lc_8.5_12.8_1.66 55826.22205682750064 g 15.0841 0.0148 8.5000 12.8702 1.6625  7.4102  7.6732  7.5779
lc_9.0_12.8_1.66 55826.22205682750064 g 14.3716 0.0150 9.0000 12.8702 1.6625  7.3340  7.5991  7.5019
lc_9.5_12.8_1.66 55826.22205682750064 g 14.0591 0.0151 9.5000 12.8702 1.6625  7.2619  7.5290  7.4300
lc_11._12.8_1.66 55826.22205682750064 g 14.3611 0.015011.0000 12.8702 1.6625  7.0665  7.3389  7.2350
lc_11._12.8_1.66 55826.22205682750064 g 13.9308 0.015211.5000 12.8702 1.6625  7.0073  7.2813  7.1759
lc_12._12.8_1.66 55826.22205682750064 g 14.0041 0.015212.0000 12.8702 1.6625  6.9506  7.2261  7.1193
lc_12._12.8_1.66 55826.22205682750064 g 14.4537 0.015012.5000 12.8702 1.6625  6.8962  7.1732  7.0650
lc_13._12.3_1.48 55826.22205682750064 g 13.6463 0.015313.0000 12.3491 1.4829  6.3015  6.5905  6.4836
lc_13._12.8_1.66 55826.22205682750064 g 14.7175 0.014913.0000 12.8702 1.6625  6.8439  7.1223  7.0129
lc_13._12.8_1.66 55826.22205682750064 g 13.8654 0.015213.5000 12.8702 1.6625  6.7936  7.0734  6.9627
lc_14._12.3_1.48 55826.22205682750064 g 13.6570 0.015214.0000 12.3491 1.4829  6.2027  6.4944  6.3850
lc_14._12.8_1.66 55826.22205682750064 g 14.7570 0.014914.0000 12.8702 1.6625  6.7451  7.0262  6.9143
lc_14._12.8_1.66 55826.22205682750064 g 14.2994 0.015114.5000 12.8702 1.6625  6.6984  6.9807  6.8677
lc_15._12.8_1.66 55826.22205682750064 g 13.6885 0.015215.0000 12.8702 1.6625  6.6532  6.9368  6.8226
lc_15._12.8_1.66 55826.22205682750064 g 13.6227 0.015315.5000 12.8702 1.6625  6.6095  6.8943  6.7790
lc_16._12.8_1.66 55826.22205682750064 g 14.3029 0.015116.0000 12.8702 1.6625  6.5672  6.8531  6.7367
lc_16._12.8_1.66 55826.22205682750064 g 14.3162 0.015016.5000 12.8702 1.6625  6.5262  6.8132  6.6958
lc_17._12.8_1.66 55826.22205682750064 g 14.2565 0.015117.0000 12.8702 1.6625  6.4864  6.7745  6.6561
lc_18._12.8_1.66 55826.22205682750064 g 13.9073 0.015218.5000 12.8702 1.6625  6.3737  6.6649  6.5437
lc_19._12.8_1.66 55826.22205682750064 g 14.4092 0.015019.0000 12.8702 1.6625  6.3381  6.6303  6.5082
lc_19._12.8_1.66 55826.22205682750064 g 14.2676 0.015119.5000 12.8702 1.6625  6.3035  6.5966  6.4736
lc_20._12.8_1.66 55826.22205682750064 g 14.0678 0.015120.5000 12.8702 1.6625  6.2369  6.5318  6.4071
lc_21._12.8_1.66 55826.22205682750064 g 14.2763 0.015121.0000 12.8702 1.6625  6.2048  6.5005  6.3751
lc_21._12.8_1.66 55826.22205682750064 g 13.5850 0.015321.5000 12.8702 1.6625  6.1734  6.4700  6.3438
lc_22._12.8_1.66 55826.22205682750064 g 14.4106 0.015022.0000 12.8702 1.6625  6.1428  6.4402  6.3132
lc_23._12.8_1.66 55826.22205682750064 g 14.2180 0.015123.0000 12.8702 1.6625  6.0835  6.3826  6.2541
lc_24._12.8_1.66 55826.22205682750064 g 14.2469 0.015124.0000 12.8702 1.6625  6.0268  6.3274  6.1975
lc_25._12.8_1.66 55826.22205682750064 g 14.2941 0.015125.0000 12.8702 1.6625  5.9724  6.2745  6.1432
lc_25._12.8_1.66 55826.22205682750064 g 13.5152 0.015325.5000 12.8702 1.6625  5.9460  6.2488  6.1169
lc_26._12.8_1.66 55826.22205682750064 g 14.0678 0.015126.0000 12.8702 1.6625  5.9201  6.2236  6.0910
lc_26._12.8_1.66 55826.22205682750064 g 13.9140 0.015226.5000 12.8702 1.6625  5.8947  6.1989  6.0657
lc_27._12.8_1.66 55826.22205682750064 g 14.2208 0.015127.5000 12.8702 1.6625  5.8454  6.1509  6.0164
lc_28._12.8_1.66 55826.22205682750064 g 13.6782 0.015228.0000 12.8702 1.6625  5.8213  6.1276  5.9925
lc_29._12.8_1.66 55826.22205682750064 g 14.1658 0.015129.0000 12.8702 1.6625  5.7746  6.0821  5.9458
lc_29._12.8_1.66 55826.22205682750064 g 13.6816 0.015229.5000 12.8702 1.6625  5.7518  6.0599  5.9231
