# Name Epoch Band Mag eMag period DM E(B-V) KMEAN  W1MEAN W2MEAN
0.47713.1_1.1_07 56455.53687332069967 g 13.6048 0.0153 3.0000 13.1470 1.1119 9.2970 9.4137 9.3199
0.47713.2_1.1_07 56455.53687332069967 g 13.6730 0.0152 3.0000 13.2661 1.1119 9.4301 9.5304 9.4542
0.47713.3_1.1_07 56455.53687332069967 g 13.7665 0.0152 3.0000 13.3835 1.1119 9.5492 9.6564 9.5677
0.47713.4_1.1_07 56455.53687332069967 g 13.8171 0.0152 3.0000 13.4774 1.1119 9.6329 9.7510 9.6630
0.47713.6_1.1_07 56455.53687332069967 g 14.0757 0.0151 3.0000 13.6214 1.1119 9.7764 9.9070 9.8133
0.47713.7_1.1_07 56455.53687332069967 g 14.1982 0.0151 3.0000 13.7018 1.1119 9.8590 9.9727 9.8822
0.47713.7_1.1_07 55353.53138918479817 r 13.5553 0.0012 3.0000 13.7018 1.1119 9.8590 9.9727 9.8822
0.47713.7_1.1_07 55353.54205362260109 r 13.5569 0.0012 3.0000 13.7018 1.1119 9.8590 9.9727 9.8822
0.47713.7_1.1_07 55353.52932373480144 r 13.5544 0.0012 3.0000 13.7018 1.1119 9.8590 9.9727 9.8822
0.47713.7_1.1_07 56463.50300065230113 r 13.5545 0.0012 3.0000 13.7018 1.1119 9.8590 9.9727 9.8822
0.47713.7_1.1_07 56463.49310437499662 r 13.5489 0.0012 3.0000 13.7018 1.1119 9.8590 9.9727 9.8822
0.47713.7_1.1_07 56455.53687332069967 g 14.0833 0.0151 3.0000 13.7832 1.1119 9.9307 10.0514 9.9670
0.47713.7_1.1_07 55353.53138918479817 r 13.7233 0.0012 3.0000 13.7832 1.1119 9.9307 10.0514 9.9670
0.47713.7_1.1_07 55353.54205362260109 r 13.7290 0.0012 3.0000 13.7832 1.1119 9.9307 10.0514 9.9670
0.47713.7_1.1_07 55353.52932373480144 r 13.7246 0.0012 3.0000 13.7832 1.1119 9.9307 10.0514 9.9670
0.47713.7_1.1_07 56463.50300065230113 r 13.7204 0.0012 3.0000 13.7832 1.1119 9.9307 10.0514 9.9670
0.47713.7_1.1_07 56463.49310437499662 r 13.7179 0.0012 3.0000 13.7832 1.1119 9.9307 10.0514 9.9670
0.47713.8_1.1_07 56455.53687332069967 g 14.2648 0.0151 3.0000 13.8908 1.1119 10.0375 10.1567 10.0744
0.47713.8_1.1_07 55353.53138918479817 r 13.7887 0.0013 3.0000 13.8908 1.1119 10.0375 10.1567 10.0744
0.47713.8_1.1_07 55353.54205362260109 r 13.7886 0.0013 3.0000 13.8908 1.1119 10.0375 10.1567 10.0744
0.47713.8_1.1_07 55353.52932373480144 r 13.7886 0.0013 3.0000 13.8908 1.1119 10.0375 10.1567 10.0744
0.47713.8_1.1_07 56463.50300065230113 r 13.7838 0.0013 3.0000 13.8908 1.1119 10.0375 10.1567 10.0744
0.47713.8_1.1_07 56463.49310437499662 r 13.7834 0.0013 3.0000 13.8908 1.1119 10.0375 10.1567 10.0744
0.47714.0_1.1_07 56455.53687332069967 g 14.4161 0.0150 3.0000 14.0512 1.1119 10.2058 10.3147 10.2340
0.47714.0_1.1_07 54995.52393502790073 r 13.6552 0.0012 3.0000 14.0512 1.1119 10.2058 10.3147 10.2340
0.47714.0_1.1_07 54995.51284356539691 r 13.6521 0.0012 3.0000 14.0512 1.1119 10.2058 10.3147 10.2340
0.47714.0_1.1_07 55353.53138918479817 r 13.9563 0.0014 3.0000 14.0512 1.1119 10.2058 10.3147 10.2340
0.47714.0_1.1_07 55353.54205362260109 r 13.9573 0.0014 3.0000 14.0512 1.1119 10.2058 10.3147 10.2340
0.47714.0_1.1_07 55353.52932373480144 r 13.9558 0.0014 3.0000 14.0512 1.1119 10.2058 10.3147 10.2340
0.47714.0_1.1_07 56463.50300065230113 r 13.9513 0.0014 3.0000 14.0512 1.1119 10.2058 10.3147 10.2340
0.47714.0_1.1_07 56463.49310437499662 r 13.9493 0.0014 3.0000 14.0512 1.1119 10.2058 10.3147 10.2340
0.47714.0_1.1_07 55017.45706023240200 i 13.5214 0.0154 3.0000 14.0512 1.1119 10.2058 10.3147 10.2340
0.47714.2_1.1_07 56455.53687332069967 g 14.5243 0.0150 3.0000 14.2130 1.1119 10.3685 10.4919 10.4131
0.47714.2_1.1_07 54995.52393502790073 r 13.8185 0.0013 3.0000 14.2130 1.1119 10.3685 10.4919 10.4131
0.47714.2_1.1_07 54995.51284356539691 r 13.8124 0.0013 3.0000 14.2130 1.1119 10.3685 10.4919 10.4131
0.47714.2_1.1_07 55353.53138918479817 r 14.1550 0.0015 3.0000 14.2130 1.1119 10.3685 10.4919 10.4131
0.47714.2_1.1_07 55353.54205362260109 r 14.1580 0.0015 3.0000 14.2130 1.1119 10.3685 10.4919 10.4131
0.47714.2_1.1_07 55353.52932373480144 r 14.1558 0.0015 3.0000 14.2130 1.1119 10.3685 10.4919 10.4131
0.47714.2_1.1_07 56463.50300065230113 r 14.1518 0.0015 3.0000 14.2130 1.1119 10.3685 10.4919 10.4131
0.47714.2_1.1_07 56463.49310437499662 r 14.1495 0.0015 3.0000 14.2130 1.1119 10.3685 10.4919 10.4131
0.47714.2_1.1_07 56545.26902519079886 r 13.6029 0.0012 3.0000 14.2130 1.1119 10.3685 10.4919 10.4131
0.47714.2_1.1_07 55017.44207226859726 i 13.6891 0.0152 3.0000 14.2130 1.1119 10.3685 10.4919 10.4131
0.47714.2_1.1_07 55017.45706023240200 i 13.6765 0.0153 3.0000 14.2130 1.1119 10.3685 10.4919 10.4131
0.47714.2_1.1_07 56463.48152677709732 i 13.6944 0.0152 3.0000 14.2130 1.1119 10.3685 10.4919 10.4131
0.47714.2_1.1_07 56463.47059995579912 i 13.6986 0.0152 3.0000 14.2130 1.1119 10.3685 10.4919 10.4131
0.47714.2_1.1_07 55704.49997902099858 i 13.6962 0.0152 3.0000 14.2130 1.1119 10.3685 10.4919 10.4131
0.47714.2_1.1_07 55704.51165645899891 i 13.7115 0.0152 3.0000 14.2130 1.1119 10.3685 10.4919 10.4131
0.47714.3_1.1_07 56455.53687332069967 g 14.9258 0.0149 3.0000 14.3897 1.1119 10.5425 10.6567 10.5768
0.47714.3_1.1_07 54995.52393502790073 r 13.9942 0.0014 3.0000 14.3897 1.1119 10.5425 10.6567 10.5768
0.47714.3_1.1_07 55714.47107718110055 r 13.6841 0.0012 3.0000 14.3897 1.1119 10.5425 10.6567 10.5768
0.47714.3_1.1_07 55714.48164867419837 r 13.6814 0.0012 3.0000 14.3897 1.1119 10.5425 10.6567 10.5768
0.47714.3_1.1_07 54995.51284356539691 r 13.9921 0.0014 3.0000 14.3897 1.1119 10.5425 10.6567 10.5768
0.47714.3_1.1_07 55353.53138918479817 r 14.2099 0.0015 3.0000 14.3897 1.1119 10.5425 10.6567 10.5768
0.47714.3_1.1_07 55353.54205362260109 r 14.2138 0.0015 3.0000 14.3897 1.1119 10.5425 10.6567 10.5768
0.47714.3_1.1_07 55353.52932373480144 r 14.2069 0.0015 3.0000 14.3897 1.1119 10.5425 10.6567 10.5768
0.47714.3_1.1_07 56463.50300065230113 r 14.2060 0.0015 3.0000 14.3897 1.1119 10.5425 10.6567 10.5768
0.47714.3_1.1_07 56463.49310437499662 r 14.2071 0.0015 3.0000 14.3897 1.1119 10.5425 10.6567 10.5768
0.47714.3_1.1_07 56545.26902519079886 r 13.8551 0.0013 3.0000 14.3897 1.1119 10.5425 10.6567 10.5768
0.47714.3_1.1_07 56455.54665100810234 r 13.6733 0.0012 3.0000 14.3897 1.1119 10.5425 10.6567 10.5768
0.47714.3_1.1_07 56455.53687332069967 r 13.6701 0.0012 3.0000 14.3897 1.1119 10.5425 10.6567 10.5768
0.47714.3_1.1_07 55396.29304339079681 i 13.5130 0.0154 3.0000 14.3897 1.1119 10.5425 10.6567 10.5768
0.47714.3_1.1_07 55396.30474804380356 i 13.5158 0.0154 3.0000 14.3897 1.1119 10.5425 10.6567 10.5768
0.47714.3_1.1_07 56087.55121163759759 i 13.5164 0.0154 3.0000 14.3897 1.1119 10.5425 10.6567 10.5768
0.47714.3_1.1_07 56087.54089198160364 i 13.5282 0.0154 3.0000 14.3897 1.1119 10.5425 10.6567 10.5768
0.47714.3_1.1_07 55017.44207226859726 i 13.7770 0.0152 3.0000 14.3897 1.1119 10.5425 10.6567 10.5768
0.47714.3_1.1_07 55017.45706023240200 i 13.7212 0.0152 3.0000 14.3897 1.1119 10.5425 10.6567 10.5768
0.47714.3_1.1_07 56463.48152677709732 i 13.8047 0.0151 3.0000 14.3897 1.1119 10.5425 10.6567 10.5768
0.47714.3_1.1_07 56463.47059995579912 i 13.7514 0.0152 3.0000 14.3897 1.1119 10.5425 10.6567 10.5768
0.47714.3_1.1_07 55704.49997902099858 i 13.7789 0.0152 3.0000 14.3897 1.1119 10.5425 10.6567 10.5768
0.47714.3_1.1_07 55704.51165645899891 i 13.7858 0.0152 3.0000 14.3897 1.1119 10.5425 10.6567 10.5768
0.47714.6_1.1_07 56455.53687332069967 g 15.0510 0.0148 3.0000 14.6598 1.1119 10.8177 10.9060 10.8381
0.47714.6_1.1_07 54995.52393502790073 r 14.2635 0.0016 3.0000 14.6598 1.1119 10.8177 10.9060 10.8381
0.47714.6_1.1_07 55714.47107718110055 r 13.8355 0.0013 3.0000 14.6598 1.1119 10.8177 10.9060 10.8381
0.47714.6_1.1_07 55714.48164867419837 r 13.8306 0.0013 3.0000 14.6598 1.1119 10.8177 10.9060 10.8381
0.47714.6_1.1_07 54995.51284356539691 r 14.2582 0.0016 3.0000 14.6598 1.1119 10.8177 10.9060 10.8381
0.47714.6_1.1_07 55353.53138918479817 r 14.5632 0.0018 3.0000 14.6598 1.1119 10.8177 10.9060 10.8381
0.47714.6_1.1_07 55353.54205362260109 r 14.5641 0.0018 3.0000 14.6598 1.1119 10.8177 10.9060 10.8381
0.47714.6_1.1_07 55353.52932373480144 r 14.5632 0.0018 3.0000 14.6598 1.1119 10.8177 10.9060 10.8381
0.47714.6_1.1_07 56463.50300065230113 r 14.5616 0.0018 3.0000 14.6598 1.1119 10.8177 10.9060 10.8381
0.47714.6_1.1_07 56463.49310437499662 r 14.5581 0.0018 3.0000 14.6598 1.1119 10.8177 10.9060 10.8381
0.47714.6_1.1_07 56545.26902519079886 r 14.0708 0.0014 3.0000 14.6598 1.1119 10.8177 10.9060 10.8381
0.47714.6_1.1_07 56455.54665100810234 r 13.8209 0.0013 3.0000 14.6598 1.1119 10.8177 10.9060 10.8381
0.47714.6_1.1_07 56455.53687332069967 r 13.8198 0.0013 3.0000 14.6598 1.1119 10.8177 10.9060 10.8381
0.47714.6_1.1_07 56470.45865895099996 i 13.6064 0.0153 3.0000 14.6598 1.1119 10.8177 10.9060 10.8381
0.47714.6_1.1_07 55762.43194050680177 i 13.6514 0.0153 3.0000 14.6598 1.1119 10.8177 10.9060 10.8381
0.47714.6_1.1_07 55762.44316653579881 i 13.6382 0.0153 3.0000 14.6598 1.1119 10.8177 10.9060 10.8381
0.47714.6_1.1_07 55396.29304339079681 i 13.7885 0.0152 3.0000 14.6598 1.1119 10.8177 10.9060 10.8381
0.47714.6_1.1_07 55396.30474804380356 i 13.7426 0.0152 3.0000 14.6598 1.1119 10.8177 10.9060 10.8381
0.47714.6_1.1_07 56087.55121163759759 i 13.8194 0.0151 3.0000 14.6598 1.1119 10.8177 10.9060 10.8381
0.47714.6_1.1_07 56087.54089198160364 i 13.7668 0.0152 3.0000 14.6598 1.1119 10.8177 10.9060 10.8381
0.47714.6_1.1_07 55017.44207226859726 i 14.0519 0.0149 3.0000 14.6598 1.1119 10.8177 10.9060 10.8381
0.47714.6_1.1_07 55017.45706023240200 i 14.0229 0.0150 3.0000 14.6598 1.1119 10.8177 10.9060 10.8381
0.47714.6_1.1_07 56463.48152677709732 i 14.0829 0.0149 3.0000 14.6598 1.1119 10.8177 10.9060 10.8381
0.47714.6_1.1_07 56463.47059995579912 i 14.0243 0.0150 3.0000 14.6598 1.1119 10.8177 10.9060 10.8381
0.47714.6_1.1_07 55704.49997902099858 i 14.0023 0.0150 3.0000 14.6598 1.1119 10.8177 10.9060 10.8381
0.47714.6_1.1_07 55704.51165645899891 i 14.0713 0.0149 3.0000 14.6598 1.1119 10.8177 10.9060 10.8381
0.47714.6_1.1_07 55351.50708743010182 i 13.5634 0.0154 3.0000 14.6598 1.1119 10.8177 10.9060 10.8381
0.47714.6_1.1_07 55351.50640510489757 i 13.5908 0.0153 3.0000 14.6598 1.1119 10.8177 10.9060 10.8381
0.47714.6_1.1_07 55351.51825281330093 i 13.6325 0.0153 3.0000 14.6598 1.1119 10.8177 10.9060 10.8381
0.47714.6_1.1_07 55351.51753095129970 i 13.5542 0.0154 3.0000 14.6598 1.1119 10.8177 10.9060 10.8381
0.47714.7_1.1_07 56455.53687332069967 g 15.2309 0.0148 3.0000 14.7976 1.1119 10.9523 11.0740 10.9892
0.47714.7_1.1_07 54995.52393502790073 r 14.4031 0.0017 3.0000 14.7976 1.1119 10.9523 11.0740 10.9892
0.47714.7_1.1_07 55714.47107718110055 r 14.0150 0.0014 3.0000 14.7976 1.1119 10.9523 11.0740 10.9892
0.47714.7_1.1_07 55714.48164867419837 r 14.0050 0.0014 3.0000 14.7976 1.1119 10.9523 11.0740 10.9892
0.47714.7_1.1_07 54995.51284356539691 r 14.3994 0.0017 3.0000 14.7976 1.1119 10.9523 11.0740 10.9892
0.47714.7_1.1_07 55353.53138918479817 r 14.6782 0.0019 3.0000 14.7976 1.1119 10.9523 11.0740 10.9892
0.47714.7_1.1_07 55353.54205362260109 r 14.6784 0.0019 3.0000 14.7976 1.1119 10.9523 11.0740 10.9892
0.47714.7_1.1_07 55353.52932373480144 r 14.6745 0.0019 3.0000 14.7976 1.1119 10.9523 11.0740 10.9892
0.47714.7_1.1_07 56463.50300065230113 r 14.6693 0.0019 3.0000 14.7976 1.1119 10.9523 11.0740 10.9892
0.47714.7_1.1_07 56463.49310437499662 r 14.6648 0.0019 3.0000 14.7976 1.1119 10.9523 11.0740 10.9892
0.47714.7_1.1_07 56545.26902519079886 r 14.2238 0.0015 3.0000 14.7976 1.1119 10.9523 11.0740 10.9892
0.47714.7_1.1_07 56455.54665100810234 r 13.9943 0.0014 3.0000 14.7976 1.1119 10.9523 11.0740 10.9892
0.47714.7_1.1_07 56455.53687332069967 r 13.9979 0.0014 3.0000 14.7976 1.1119 10.9523 11.0740 10.9892
0.47714.7_1.1_07 56470.45865895099996 i 13.7558 0.0152 3.0000 14.7976 1.1119 10.9523 11.0740 10.9892
0.47714.7_1.1_07 55762.43194050680177 i 13.8165 0.0151 3.0000 14.7976 1.1119 10.9523 11.0740 10.9892
0.47714.7_1.1_07 55762.44316653579881 i 13.7586 0.0152 3.0000 14.7976 1.1119 10.9523 11.0740 10.9892
0.47714.7_1.1_07 55396.29304339079681 i 13.9170 0.0150 3.0000 14.7976 1.1119 10.9523 11.0740 10.9892
0.47714.7_1.1_07 55396.30474804380356 i 13.9876 0.0150 3.0000 14.7976 1.1119 10.9523 11.0740 10.9892
0.47714.7_1.1_07 56087.55121163759759 i 13.9449 0.0150 3.0000 14.7976 1.1119 10.9523 11.0740 10.9892
0.47714.7_1.1_07 56087.54089198160364 i 13.9703 0.0150 3.0000 14.7976 1.1119 10.9523 11.0740 10.9892
0.47714.7_1.1_07 55017.44207226859726 i 14.2113 0.0148 3.0000 14.7976 1.1119 10.9523 11.0740 10.9892
0.47714.7_1.1_07 55017.45706023240200 i 14.2204 0.0148 3.0000 14.7976 1.1119 10.9523 11.0740 10.9892
0.47714.7_1.1_07 56463.48152677709732 i 14.1952 0.0148 3.0000 14.7976 1.1119 10.9523 11.0740 10.9892
0.47714.7_1.1_07 56463.47059995579912 i 14.1651 0.0148 3.0000 14.7976 1.1119 10.9523 11.0740 10.9892
0.47714.7_1.1_07 55704.49997902099858 i 14.1961 0.0148 3.0000 14.7976 1.1119 10.9523 11.0740 10.9892
0.47714.7_1.1_07 55704.51165645899891 i 14.2447 0.0148 3.0000 14.7976 1.1119 10.9523 11.0740 10.9892
0.47714.7_1.1_07 55351.50708743010182 i 13.8356 0.0151 3.0000 14.7976 1.1119 10.9523 11.0740 10.9892
0.47714.7_1.1_07 55351.50640510489757 i 13.7645 0.0152 3.0000 14.7976 1.1119 10.9523 11.0740 10.9892
0.47714.7_1.1_07 55351.51825281330093 i 13.7310 0.0152 3.0000 14.7976 1.1119 10.9523 11.0740 10.9892
0.47714.7_1.1_07 55351.51753095129970 i 13.7776 0.0152 3.0000 14.7976 1.1119 10.9523 11.0740 10.9892
0.47714.9_1.1_07 56455.53687332069967 g 15.5621 0.0149 3.0000 14.9782 1.1119 11.1458 11.2334 11.1701
0.47714.9_1.1_07 54995.52393502790073 r 14.5840 0.0018 3.0000 14.9782 1.1119 11.1458 11.2334 11.1701
0.47714.9_1.1_07 55714.47107718110055 r 14.2900 0.0016 3.0000 14.9782 1.1119 11.1458 11.2334 11.1701
0.47714.9_1.1_07 55714.48164867419837 r 14.2832 0.0016 3.0000 14.9782 1.1119 11.1458 11.2334 11.1701
0.47714.9_1.1_07 54995.51284356539691 r 14.5802 0.0018 3.0000 14.9782 1.1119 11.1458 11.2334 11.1701
0.47714.9_1.1_07 55353.53138918479817 r 14.7872 0.0020 3.0000 14.9782 1.1119 11.1458 11.2334 11.1701
0.47714.9_1.1_07 55353.54205362260109 r 14.7851 0.0020 3.0000 14.9782 1.1119 11.1458 11.2334 11.1701
0.47714.9_1.1_07 55353.52932373480144 r 14.7908 0.0020 3.0000 14.9782 1.1119 11.1458 11.2334 11.1701
0.47714.9_1.1_07 56463.50300065230113 r 14.7839 0.0020 3.0000 14.9782 1.1119 11.1458 11.2334 11.1701
0.47714.9_1.1_07 56463.49310437499662 r 14.7853 0.0020 3.0000 14.9782 1.1119 11.1458 11.2334 11.1701
0.47714.9_1.1_07 56545.26902519079886 r 14.4523 0.0017 3.0000 14.9782 1.1119 11.1458 11.2334 11.1701
0.47714.9_1.1_07 56455.54665100810234 r 14.2770 0.0016 3.0000 14.9782 1.1119 11.1458 11.2334 11.1701
0.47714.9_1.1_07 56455.53687332069967 r 14.2763 0.0016 3.0000 14.9782 1.1119 11.1458 11.2334 11.1701
0.47714.9_1.1_07 56470.45865895099996 i 14.0392 0.0149 3.0000 14.9782 1.1119 11.1458 11.2334 11.1701
0.47714.9_1.1_07 55762.43194050680177 i 14.0358 0.0149 3.0000 14.9782 1.1119 11.1458 11.2334 11.1701
0.47714.9_1.1_07 55762.44316653579881 i 13.9971 0.0150 3.0000 14.9782 1.1119 11.1458 11.2334 11.1701
0.47714.9_1.1_07 55396.29304339079681 i 14.0700 0.0149 3.0000 14.9782 1.1119 11.1458 11.2334 11.1701
0.47714.9_1.1_07 55396.30474804380356 i 14.0964 0.0149 3.0000 14.9782 1.1119 11.1458 11.2334 11.1701
0.47714.9_1.1_07 56087.55121163759759 i 14.1074 0.0149 3.0000 14.9782 1.1119 11.1458 11.2334 11.1701
0.47714.9_1.1_07 56087.54089198160364 i 14.1070 0.0149 3.0000 14.9782 1.1119 11.1458 11.2334 11.1701
0.47714.9_1.1_07 55017.44207226859726 i 14.2826 0.0148 3.0000 14.9782 1.1119 11.1458 11.2334 11.1701
0.47714.9_1.1_07 55017.45706023240200 i 14.3319 0.0147 3.0000 14.9782 1.1119 11.1458 11.2334 11.1701
0.47714.9_1.1_07 56463.48152677709732 i 14.3136 0.0147 3.0000 14.9782 1.1119 11.1458 11.2334 11.1701
0.47714.9_1.1_07 56463.47059995579912 i 14.2966 0.0148 3.0000 14.9782 1.1119 11.1458 11.2334 11.1701
0.47714.9_1.1_07 55704.49997902099858 i 14.4082 0.0147 3.0000 14.9782 1.1119 11.1458 11.2334 11.1701
0.47714.9_1.1_07 55704.51165645899891 i 14.3165 0.0147 3.0000 14.9782 1.1119 11.1458 11.2334 11.1701
0.47714.9_1.1_07 55351.50708743010182 i 13.9577 0.0150 3.0000 14.9782 1.1119 11.1458 11.2334 11.1701
0.47714.9_1.1_07 55351.50640510489757 i 14.0141 0.0150 3.0000 14.9782 1.1119 11.1458 11.2334 11.1701
0.47714.9_1.1_07 55351.51825281330093 i 13.9777 0.0150 3.0000 14.9782 1.1119 11.1458 11.2334 11.1701
0.47714.9_1.1_07 55351.51753095129970 i 13.9384 0.0150 3.0000 14.9782 1.1119 11.1458 11.2334 11.1701
0.54413.2_1.1_07 56455.53687332069967 g 13.5616 0.0153 3.5000 13.2661 1.1119 9.2256 9.3390 9.2402
0.54413.3_1.1_07 56455.53687332069967 g 13.7075 0.0152 3.5000 13.3835 1.1119 9.3290 9.4466 9.3560
0.54413.4_1.1_07 56455.53687332069967 g 13.9140 0.0152 3.5000 13.4774 1.1119 9.4390 9.5400 9.4552
0.54413.6_1.1_07 56455.53687332069967 g 13.8520 0.0152 3.5000 13.6214 1.1119 9.5792 9.6881 9.6022
0.54413.7_1.1_07 56455.53687332069967 g 14.0014 0.0152 3.5000 13.7018 1.1119 9.6570 9.7665 9.6836
0.54413.7_1.1_07 56455.53687332069967 g 14.1493 0.0151 3.5000 13.7832 1.1119 9.7387 9.8586 9.7503
0.54413.8_1.1_07 56455.53687332069967 g 14.1979 0.0151 3.5000 13.8908 1.1119 9.8589 9.9595 9.8579
0.54413.8_1.1_07 56545.26902519079886 r 13.6129 0.0012 3.5000 13.8908 1.1119 9.8589 9.9595 9.8579
0.54414.0_1.1_07 56455.53687332069967 g 14.2686 0.0151 3.5000 14.0512 1.1119 9.9866 10.1309 10.0107
0.54414.0_1.1_07 54995.52393502790073 r 13.5915 0.0012 3.5000 14.0512 1.1119 9.9866 10.1309 10.0107
0.54414.0_1.1_07 54995.51284356539691 r 13.6065 0.0012 3.5000 14.0512 1.1119 9.9866 10.1309 10.0107
0.54414.0_1.1_07 56545.26902519079886 r 13.8068 0.0013 3.5000 14.0512 1.1119 9.9866 10.1309 10.0107
0.54414.2_1.1_07 56455.53687332069967 g 14.5557 0.0150 3.5000 14.2130 1.1119 10.1648 10.2870 10.2004
0.54414.2_1.1_07 54995.52393502790073 r 13.7340 0.0012 3.5000 14.2130 1.1119 10.1648 10.2870 10.2004
0.54414.2_1.1_07 55714.47107718110055 r 13.5917 0.0012 3.5000 14.2130 1.1119 10.1648 10.2870 10.2004
0.54414.2_1.1_07 55714.48164867419837 r 13.5953 0.0012 3.5000 14.2130 1.1119 10.1648 10.2870 10.2004
0.54414.2_1.1_07 54995.51284356539691 r 13.7428 0.0012 3.5000 14.2130 1.1119 10.1648 10.2870 10.2004
0.54414.2_1.1_07 56463.50300065230113 r 13.6013 0.0012 3.5000 14.2130 1.1119 10.1648 10.2870 10.2004
0.54414.2_1.1_07 56463.49310437499662 r 13.5986 0.0012 3.5000 14.2130 1.1119 10.1648 10.2870 10.2004
0.54414.2_1.1_07 56545.26902519079886 r 13.9007 0.0013 3.5000 14.2130 1.1119 10.1648 10.2870 10.2004
0.54414.3_1.1_07 56455.53687332069967 g 14.7079 0.0149 3.5000 14.3897 1.1119 10.3528 10.4523 10.3646
0.54414.3_1.1_07 54995.52393502790073 r 13.9125 0.0013 3.5000 14.3897 1.1119 10.3528 10.4523 10.3646
0.54414.3_1.1_07 55714.47107718110055 r 13.7658 0.0013 3.5000 14.3897 1.1119 10.3528 10.4523 10.3646
0.54414.3_1.1_07 55714.48164867419837 r 13.7693 0.0013 3.5000 14.3897 1.1119 10.3528 10.4523 10.3646
0.54414.3_1.1_07 54995.51284356539691 r 13.9266 0.0013 3.5000 14.3897 1.1119 10.3528 10.4523 10.3646
0.54414.3_1.1_07 55353.53138918479817 r 13.6016 0.0012 3.5000 14.3897 1.1119 10.3528 10.4523 10.3646
0.54414.3_1.1_07 55353.54205362260109 r 13.6052 0.0012 3.5000 14.3897 1.1119 10.3528 10.4523 10.3646
0.54414.3_1.1_07 55353.52932373480144 r 13.5985 0.0012 3.5000 14.3897 1.1119 10.3528 10.4523 10.3646
0.54414.3_1.1_07 56463.50300065230113 r 13.7761 0.0013 3.5000 14.3897 1.1119 10.3528 10.4523 10.3646
0.54414.3_1.1_07 56463.49310437499662 r 13.7752 0.0013 3.5000 14.3897 1.1119 10.3528 10.4523 10.3646
0.54414.3_1.1_07 56545.26902519079886 r 14.0936 0.0014 3.5000 14.3897 1.1119 10.3528 10.4523 10.3646
0.54414.3_1.1_07 55351.50708743010182 i 13.5692 0.0153 3.5000 14.3897 1.1119 10.3528 10.4523 10.3646
0.54414.3_1.1_07 55351.50640510489757 i 13.5544 0.0154 3.5000 14.3897 1.1119 10.3528 10.4523 10.3646
0.54414.3_1.1_07 55351.51825281330093 i 13.5772 0.0153 3.5000 14.3897 1.1119 10.3528 10.4523 10.3646
0.54414.3_1.1_07 55351.51753095129970 i 13.5037 0.0154 3.5000 14.3897 1.1119 10.3528 10.4523 10.3646
0.54414.6_1.1_07 56455.53687332069967 g 14.9024 0.0149 3.5000 14.6598 1.1119 10.6010 10.7189 10.6409
0.54414.6_1.1_07 54995.52393502790073 r 14.1987 0.0015 3.5000 14.6598 1.1119 10.6010 10.7189 10.6409
0.54414.6_1.1_07 55714.47107718110055 r 14.0232 0.0014 3.5000 14.6598 1.1119 10.6010 10.7189 10.6409
0.54414.6_1.1_07 55714.48164867419837 r 14.0330 0.0014 3.5000 14.6598 1.1119 10.6010 10.7189 10.6409
0.54414.6_1.1_07 54995.51284356539691 r 14.2089 0.0015 3.5000 14.6598 1.1119 10.6010 10.7189 10.6409
0.54414.6_1.1_07 55353.53138918479817 r 13.8352 0.0013 3.5000 14.6598 1.1119 10.6010 10.7189 10.6409
0.54414.6_1.1_07 55353.54205362260109 r 13.8385 0.0013 3.5000 14.6598 1.1119 10.6010 10.7189 10.6409
0.54414.6_1.1_07 55353.52932373480144 r 13.8341 0.0013 3.5000 14.6598 1.1119 10.6010 10.7189 10.6409
0.54414.6_1.1_07 56463.50300065230113 r 14.0369 0.0014 3.5000 14.6598 1.1119 10.6010 10.7189 10.6409
0.54414.6_1.1_07 56463.49310437499662 r 14.0336 0.0014 3.5000 14.6598 1.1119 10.6010 10.7189 10.6409
0.54414.6_1.1_07 56545.26902519079886 r 14.4013 0.0017 3.5000 14.6598 1.1119 10.6010 10.7189 10.6409
0.54414.6_1.1_07 56455.54665100810234 r 13.6511 0.0012 3.5000 14.6598 1.1119 10.6010 10.7189 10.6409
0.54414.6_1.1_07 56455.53687332069967 r 13.6497 0.0012 3.5000 14.6598 1.1119 10.6010 10.7189 10.6409
0.54414.6_1.1_07 56470.45865895099996 i 13.5798 0.0153 3.5000 14.6598 1.1119 10.6010 10.7189 10.6409
0.54414.6_1.1_07 55396.29304339079681 i 13.6889 0.0152 3.5000 14.6598 1.1119 10.6010 10.7189 10.6409
0.54414.6_1.1_07 55396.30474804380356 i 13.7053 0.0152 3.5000 14.6598 1.1119 10.6010 10.7189 10.6409
0.54414.6_1.1_07 56087.55121163759759 i 13.7265 0.0152 3.5000 14.6598 1.1119 10.6010 10.7189 10.6409
0.54414.6_1.1_07 56087.54089198160364 i 13.7503 0.0152 3.5000 14.6598 1.1119 10.6010 10.7189 10.6409
0.54414.6_1.1_07 55017.44207226859726 i 13.5267 0.0154 3.5000 14.6598 1.1119 10.6010 10.7189 10.6409
0.54414.6_1.1_07 55017.45706023240200 i 13.5637 0.0154 3.5000 14.6598 1.1119 10.6010 10.7189 10.6409
0.54414.6_1.1_07 56463.48152677709732 i 13.5428 0.0154 3.5000 14.6598 1.1119 10.6010 10.7189 10.6409
0.54414.6_1.1_07 56463.47059995579912 i 13.5784 0.0153 3.5000 14.6598 1.1119 10.6010 10.7189 10.6409
0.54414.6_1.1_07 55704.49997902099858 i 13.7781 0.0152 3.5000 14.6598 1.1119 10.6010 10.7189 10.6409
0.54414.6_1.1_07 55704.51165645899891 i 13.7525 0.0152 3.5000 14.6598 1.1119 10.6010 10.7189 10.6409
0.54414.6_1.1_07 55351.50708743010182 i 13.8031 0.0151 3.5000 14.6598 1.1119 10.6010 10.7189 10.6409
0.54414.6_1.1_07 55351.50640510489757 i 13.8513 0.0151 3.5000 14.6598 1.1119 10.6010 10.7189 10.6409
0.54414.6_1.1_07 55351.51825281330093 i 13.9075 0.0150 3.5000 14.6598 1.1119 10.6010 10.7189 10.6409
0.54414.6_1.1_07 55351.51753095129970 i 13.8804 0.0151 3.5000 14.6598 1.1119 10.6010 10.7189 10.6409
0.54414.7_1.1_07 56455.53687332069967 g 15.1714 0.0148 3.5000 14.7976 1.1119 10.7440 10.8910 10.7728
0.54414.7_1.1_07 54995.52393502790073 r 14.3130 0.0016 3.5000 14.7976 1.1119 10.7440 10.8910 10.7728
0.54414.7_1.1_07 55714.47107718110055 r 14.1808 0.0015 3.5000 14.7976 1.1119 10.7440 10.8910 10.7728
0.54414.7_1.1_07 55714.48164867419837 r 14.1880 0.0015 3.5000 14.7976 1.1119 10.7440 10.8910 10.7728
0.54414.7_1.1_07 54995.51284356539691 r 14.3228 0.0016 3.5000 14.7976 1.1119 10.7440 10.8910 10.7728
0.54414.7_1.1_07 55353.53138918479817 r 14.0354 0.0014 3.5000 14.7976 1.1119 10.7440 10.8910 10.7728
0.54414.7_1.1_07 55353.54205362260109 r 14.0373 0.0014 3.5000 14.7976 1.1119 10.7440 10.8910 10.7728
0.54414.7_1.1_07 55353.52932373480144 r 14.0356 0.0014 3.5000 14.7976 1.1119 10.7440 10.8910 10.7728
0.54414.7_1.1_07 56463.50300065230113 r 14.1912 0.0015 3.5000 14.7976 1.1119 10.7440 10.8910 10.7728
0.54414.7_1.1_07 56463.49310437499662 r 14.1891 0.0015 3.5000 14.7976 1.1119 10.7440 10.8910 10.7728
0.54414.7_1.1_07 56545.26902519079886 r 14.4785 0.0017 3.5000 14.7976 1.1119 10.7440 10.8910 10.7728
0.54414.7_1.1_07 56455.54665100810234 r 13.8950 0.0013 3.5000 14.7976 1.1119 10.7440 10.8910 10.7728
0.54414.7_1.1_07 56455.53687332069967 r 13.8948 0.0013 3.5000 14.7976 1.1119 10.7440 10.8910 10.7728
0.54414.7_1.1_07 56470.45865895099996 i 13.7046 0.0152 3.5000 14.7976 1.1119 10.7440 10.8910 10.7728
0.54414.7_1.1_07 55762.43194050680177 i 13.7164 0.0152 3.5000 14.7976 1.1119 10.7440 10.8910 10.7728
0.54414.7_1.1_07 55762.44316653579881 i 13.6508 0.0153 3.5000 14.7976 1.1119 10.7440 10.8910 10.7728
0.54414.7_1.1_07 55396.29304339079681 i 13.7808 0.0152 3.5000 14.7976 1.1119 10.7440 10.8910 10.7728
0.54414.7_1.1_07 55396.30474804380356 i 13.7770 0.0152 3.5000 14.7976 1.1119 10.7440 10.8910 10.7728
0.54414.7_1.1_07 56087.55121163759759 i 13.9105 0.0150 3.5000 14.7976 1.1119 10.7440 10.8910 10.7728
0.54414.7_1.1_07 56087.54089198160364 i 13.8367 0.0151 3.5000 14.7976 1.1119 10.7440 10.8910 10.7728
0.54414.7_1.1_07 55017.44207226859726 i 13.7026 0.0152 3.5000 14.7976 1.1119 10.7440 10.8910 10.7728
0.54414.7_1.1_07 55017.45706023240200 i 13.6963 0.0152 3.5000 14.7976 1.1119 10.7440 10.8910 10.7728
0.54414.7_1.1_07 56463.48152677709732 i 13.6889 0.0152 3.5000 14.7976 1.1119 10.7440 10.8910 10.7728
0.54414.7_1.1_07 56463.47059995579912 i 13.6878 0.0152 3.5000 14.7976 1.1119 10.7440 10.8910 10.7728
0.54414.7_1.1_07 55704.49997902099858 i 13.8279 0.0151 3.5000 14.7976 1.1119 10.7440 10.8910 10.7728
0.54414.7_1.1_07 55704.51165645899891 i 13.9064 0.0151 3.5000 14.7976 1.1119 10.7440 10.8910 10.7728
0.54414.7_1.1_07 55351.50708743010182 i 13.9383 0.0150 3.5000 14.7976 1.1119 10.7440 10.8910 10.7728
0.54414.7_1.1_07 55351.50640510489757 i 13.9433 0.0150 3.5000 14.7976 1.1119 10.7440 10.8910 10.7728
0.54414.7_1.1_07 55351.51825281330093 i 13.9934 0.0150 3.5000 14.7976 1.1119 10.7440 10.8910 10.7728
0.54414.7_1.1_07 55351.51753095129970 i 13.9750 0.0150 3.5000 14.7976 1.1119 10.7440 10.8910 10.7728
0.54414.9_1.1_07 56455.53687332069967 g 15.2658 0.0148 3.5000 14.9782 1.1119 10.9419 11.0366 10.9561
0.54414.9_1.1_07 54995.52393502790073 r 14.5082 0.0018 3.5000 14.9782 1.1119 10.9419 11.0366 10.9561
0.54414.9_1.1_07 55714.47107718110055 r 14.3493 0.0016 3.5000 14.9782 1.1119 10.9419 11.0366 10.9561
0.54414.9_1.1_07 55714.48164867419837 r 14.3543 0.0016 3.5000 14.9782 1.1119 10.9419 11.0366 10.9561
0.54414.9_1.1_07 54995.51284356539691 r 14.5169 0.0018 3.5000 14.9782 1.1119 10.9419 11.0366 10.9561
0.54414.9_1.1_07 55353.53138918479817 r 14.1773 0.0015 3.5000 14.9782 1.1119 10.9419 11.0366 10.9561
0.54414.9_1.1_07 55353.54205362260109 r 14.1820 0.0015 3.5000 14.9782 1.1119 10.9419 11.0366 10.9561
0.54414.9_1.1_07 55353.52932373480144 r 14.1771 0.0015 3.5000 14.9782 1.1119 10.9419 11.0366 10.9561
0.54414.9_1.1_07 56463.50300065230113 r 14.3627 0.0016 3.5000 14.9782 1.1119 10.9419 11.0366 10.9561
0.54414.9_1.1_07 56463.49310437499662 r 14.3589 0.0016 3.5000 14.9782 1.1119 10.9419 11.0366 10.9561
0.54414.9_1.1_07 56545.26902519079886 r 14.6951 0.0019 3.5000 14.9782 1.1119 10.9419 11.0366 10.9561
0.54414.9_1.1_07 56455.54665100810234 r 14.0122 0.0014 3.5000 14.9782 1.1119 10.9419 11.0366 10.9561
0.54414.9_1.1_07 56455.53687332069967 r 14.0101 0.0014 3.5000 14.9782 1.1119 10.9419 11.0366 10.9561
0.54414.9_1.1_07 56470.45865895099996 i 13.8538 0.0151 3.5000 14.9782 1.1119 10.9419 11.0366 10.9561
0.54414.9_1.1_07 55762.43194050680177 i 13.7586 0.0152 3.5000 14.9782 1.1119 10.9419 11.0366 10.9561
0.54414.9_1.1_07 55762.44316653579881 i 13.7952 0.0151 3.5000 14.9782 1.1119 10.9419 11.0366 10.9561
0.54414.9_1.1_07 55396.29304339079681 i 13.9570 0.0150 3.5000 14.9782 1.1119 10.9419 11.0366 10.9561
0.54414.9_1.1_07 55396.30474804380356 i 13.9966 0.0150 3.5000 14.9782 1.1119 10.9419 11.0366 10.9561
0.54414.9_1.1_07 56087.55121163759759 i 13.9652 0.0150 3.5000 14.9782 1.1119 10.9419 11.0366 10.9561
0.54414.9_1.1_07 56087.54089198160364 i 14.0486 0.0149 3.5000 14.9782 1.1119 10.9419 11.0366 10.9561
0.54414.9_1.1_07 55017.44207226859726 i 13.8199 0.0151 3.5000 14.9782 1.1119 10.9419 11.0366 10.9561
0.54414.9_1.1_07 55017.45706023240200 i 13.8313 0.0151 3.5000 14.9782 1.1119 10.9419 11.0366 10.9561
0.54414.9_1.1_07 56463.48152677709732 i 13.8704 0.0151 3.5000 14.9782 1.1119 10.9419 11.0366 10.9561
0.54414.9_1.1_07 56463.47059995579912 i 13.9155 0.0150 3.5000 14.9782 1.1119 10.9419 11.0366 10.9561
0.54414.9_1.1_07 55704.49997902099858 i 14.0841 0.0149 3.5000 14.9782 1.1119 10.9419 11.0366 10.9561
0.54414.9_1.1_07 55704.51165645899891 i 14.0859 0.0149 3.5000 14.9782 1.1119 10.9419 11.0366 10.9561
0.54414.9_1.1_07 55351.50708743010182 i 14.1016 0.0149 3.5000 14.9782 1.1119 10.9419 11.0366 10.9561
0.54414.9_1.1_07 55351.50640510489757 i 14.1303 0.0149 3.5000 14.9782 1.1119 10.9419 11.0366 10.9561
0.54414.9_1.1_07 55351.51825281330093 i 14.1753 0.0148 3.5000 14.9782 1.1119 10.9419 11.0366 10.9561
0.54414.9_1.1_07 55351.51753095129970 i 14.1628 0.0148 3.5000 14.9782 1.1119 10.9419 11.0366 10.9561
0.60213.3_1.1_07 56455.53687332069967 g 13.6489 0.0153 4.0000 13.3835 1.1119 9.1655 9.2920 9.1886
0.60213.4_1.1_07 56455.53687332069967 g 13.6264 0.0153 4.0000 13.4774 1.1119 9.2526 9.3879 9.2790
0.60213.6_1.1_07 56455.53687332069967 g 13.7685 0.0152 4.0000 13.6214 1.1119 9.4003 9.5063 9.4243
0.60213.7_1.1_07 56455.53687332069967 g 13.8179 0.0152 4.0000 13.7018 1.1119 9.4869 9.6056 9.4985
0.60213.7_1.1_07 56455.53687332069967 g 13.9583 0.0152 4.0000 13.7832 1.1119 9.5522 9.6726 9.5675
0.60213.8_1.1_07 56455.53687332069967 g 14.0115 0.0152 4.0000 13.8908 1.1119 9.6657 9.7886 9.6731
0.60213.8_1.1_07 55714.47107718110055 r 13.5334 0.0011 4.0000 13.8908 1.1119 9.6657 9.7886 9.6731
0.60213.8_1.1_07 55714.48164867419837 r 13.5363 0.0011 4.0000 13.8908 1.1119 9.6657 9.7886 9.6731
0.60214.0_1.1_07 56455.53687332069967 g 14.1383 0.0151 4.0000 14.0512 1.1119 9.8177 9.9547 9.8471
0.60214.0_1.1_07 55714.47107718110055 r 13.7135 0.0012 4.0000 14.0512 1.1119 9.8177 9.9547 9.8471
0.60214.0_1.1_07 55714.48164867419837 r 13.7118 0.0012 4.0000 14.0512 1.1119 9.8177 9.9547 9.8471
0.60214.0_1.1_07 55353.53138918479817 r 13.5616 0.0012 4.0000 14.0512 1.1119 9.8177 9.9547 9.8471
0.60214.0_1.1_07 55353.54205362260109 r 13.5624 0.0012 4.0000 14.0512 1.1119 9.8177 9.9547 9.8471
0.60214.0_1.1_07 55353.52932373480144 r 13.5611 0.0012 4.0000 14.0512 1.1119 9.8177 9.9547 9.8471
0.60214.2_1.1_07 56455.53687332069967 g 14.4820 0.0150 4.0000 14.2130 1.1119 9.9822 10.1114 10.0089
0.60214.2_1.1_07 55714.47107718110055 r 13.7744 0.0013 4.0000 14.2130 1.1119 9.9822 10.1114 10.0089
0.60214.2_1.1_07 55714.48164867419837 r 13.7751 0.0013 4.0000 14.2130 1.1119 9.9822 10.1114 10.0089
0.60214.2_1.1_07 55353.53138918479817 r 13.6649 0.0012 4.0000 14.2130 1.1119 9.9822 10.1114 10.0089
0.60214.2_1.1_07 55353.54205362260109 r 13.6691 0.0012 4.0000 14.2130 1.1119 9.9822 10.1114 10.0089
0.60214.2_1.1_07 55353.52932373480144 r 13.6683 0.0012 4.0000 14.2130 1.1119 9.9822 10.1114 10.0089
0.60214.2_1.1_07 56545.26902519079886 r 13.6200 0.0012 4.0000 14.2130 1.1119 9.9822 10.1114 10.0089
0.60214.3_1.1_07 56455.53687332069967 g 14.6342 0.0149 4.0000 14.3897 1.1119 10.1604 10.3102 10.1747
0.60214.3_1.1_07 55714.47107718110055 r 13.9907 0.0014 4.0000 14.3897 1.1119 10.1604 10.3102 10.1747
0.60214.3_1.1_07 55714.48164867419837 r 13.9898 0.0014 4.0000 14.3897 1.1119 10.1604 10.3102 10.1747
0.60214.3_1.1_07 55353.53138918479817 r 13.8645 0.0013 4.0000 14.3897 1.1119 10.1604 10.3102 10.1747
0.60214.3_1.1_07 55353.54205362260109 r 13.8679 0.0013 4.0000 14.3897 1.1119 10.1604 10.3102 10.1747
0.60214.3_1.1_07 55353.52932373480144 r 13.8629 0.0013 4.0000 14.3897 1.1119 10.1604 10.3102 10.1747
0.60214.3_1.1_07 56545.26902519079886 r 13.8105 0.0013 4.0000 14.3897 1.1119 10.1604 10.3102 10.1747
0.60214.3_1.1_07 55762.44316653579881 i 13.5338 0.0154 4.0000 14.3897 1.1119 10.1604 10.3102 10.1747
0.60214.6_1.1_07 56455.53687332069967 g 14.7781 0.0149 4.0000 14.6598 1.1119 10.4234 10.5539 10.4390
0.60214.6_1.1_07 54995.52393502790073 r 13.5132 0.0011 4.0000 14.6598 1.1119 10.4234 10.5539 10.4390
0.60214.6_1.1_07 55714.47107718110055 r 14.3037 0.0016 4.0000 14.6598 1.1119 10.4234 10.5539 10.4390
0.60214.6_1.1_07 55714.48164867419837 r 14.3024 0.0016 4.0000 14.6598 1.1119 10.4234 10.5539 10.4390
0.60214.6_1.1_07 54995.51284356539691 r 13.5128 0.0011 4.0000 14.6598 1.1119 10.4234 10.5539 10.4390
0.60214.6_1.1_07 55353.53138918479817 r 14.1583 0.0015 4.0000 14.6598 1.1119 10.4234 10.5539 10.4390
0.60214.6_1.1_07 55353.54205362260109 r 14.1646 0.0015 4.0000 14.6598 1.1119 10.4234 10.5539 10.4390
0.60214.6_1.1_07 55353.52932373480144 r 14.1600 0.0015 4.0000 14.6598 1.1119 10.4234 10.5539 10.4390
0.60214.6_1.1_07 56463.50300065230113 r 13.5157 0.0011 4.0000 14.6598 1.1119 10.4234 10.5539 10.4390
0.60214.6_1.1_07 56463.49310437499662 r 13.5148 0.0011 4.0000 14.6598 1.1119 10.4234 10.5539 10.4390
0.60214.6_1.1_07 56545.26902519079886 r 14.0952 0.0014 4.0000 14.6598 1.1119 10.4234 10.5539 10.4390
0.60214.6_1.1_07 56455.54665100810234 r 13.5141 0.0011 4.0000 14.6598 1.1119 10.4234 10.5539 10.4390
0.60214.6_1.1_07 56455.53687332069967 r 13.5117 0.0011 4.0000 14.6598 1.1119 10.4234 10.5539 10.4390
0.60214.6_1.1_07 56470.45865895099996 i 13.8425 0.0151 4.0000 14.6598 1.1119 10.4234 10.5539 10.4390
0.60214.6_1.1_07 55762.43194050680177 i 13.8170 0.0151 4.0000 14.6598 1.1119 10.4234 10.5539 10.4390
0.60214.6_1.1_07 55762.44316653579881 i 13.7738 0.0152 4.0000 14.6598 1.1119 10.4234 10.5539 10.4390
0.60214.6_1.1_07 55017.44207226859726 i 13.6501 0.0153 4.0000 14.6598 1.1119 10.4234 10.5539 10.4390
0.60214.6_1.1_07 55017.45706023240200 i 13.7195 0.0152 4.0000 14.6598 1.1119 10.4234 10.5539 10.4390
0.60214.7_1.1_07 56455.53687332069967 g 14.9294 0.0149 4.0000 14.7976 1.1119 10.5856 10.6901 10.5985
0.60214.7_1.1_07 54995.52393502790073 r 13.6511 0.0012 4.0000 14.7976 1.1119 10.5856 10.6901 10.5985
0.60214.7_1.1_07 55714.47107718110055 r 14.4445 0.0017 4.0000 14.7976 1.1119 10.5856 10.6901 10.5985
0.60214.7_1.1_07 55714.48164867419837 r 14.4383 0.0017 4.0000 14.7976 1.1119 10.5856 10.6901 10.5985
0.60214.7_1.1_07 54995.51284356539691 r 13.6513 0.0012 4.0000 14.7976 1.1119 10.5856 10.6901 10.5985
0.60214.7_1.1_07 55353.53138918479817 r 14.2984 0.0016 4.0000 14.7976 1.1119 10.5856 10.6901 10.5985
0.60214.7_1.1_07 55353.54205362260109 r 14.3028 0.0016 4.0000 14.7976 1.1119 10.5856 10.6901 10.5985
0.60214.7_1.1_07 55353.52932373480144 r 14.2965 0.0016 4.0000 14.7976 1.1119 10.5856 10.6901 10.5985
0.60214.7_1.1_07 56463.50300065230113 r 13.6537 0.0012 4.0000 14.7976 1.1119 10.5856 10.6901 10.5985
0.60214.7_1.1_07 56463.49310437499662 r 13.6526 0.0012 4.0000 14.7976 1.1119 10.5856 10.6901 10.5985
0.60214.7_1.1_07 56545.26902519079886 r 14.2381 0.0015 4.0000 14.7976 1.1119 10.5856 10.6901 10.5985
0.60214.7_1.1_07 56455.54665100810234 r 13.6490 0.0012 4.0000 14.7976 1.1119 10.5856 10.6901 10.5985
0.60214.7_1.1_07 56455.53687332069967 r 13.6497 0.0012 4.0000 14.7976 1.1119 10.5856 10.6901 10.5985
0.60214.7_1.1_07 56470.45865895099996 i 13.9496 0.0150 4.0000 14.7976 1.1119 10.5856 10.6901 10.5985
0.60214.7_1.1_07 55762.43194050680177 i 13.9263 0.0150 4.0000 14.7976 1.1119 10.5856 10.6901 10.5985
0.60214.7_1.1_07 55762.44316653579881 i 13.8954 0.0151 4.0000 14.7976 1.1119 10.5856 10.6901 10.5985
0.60214.7_1.1_07 55396.29304339079681 i 13.5743 0.0153 4.0000 14.7976 1.1119 10.5856 10.6901 10.5985
0.60214.7_1.1_07 55396.30474804380356 i 13.5837 0.0153 4.0000 14.7976 1.1119 10.5856 10.6901 10.5985
0.60214.7_1.1_07 55017.44207226859726 i 13.8361 0.0151 4.0000 14.7976 1.1119 10.5856 10.6901 10.5985
0.60214.7_1.1_07 55017.45706023240200 i 13.8220 0.0151 4.0000 14.7976 1.1119 10.5856 10.6901 10.5985
0.60214.7_1.1_07 55704.49997902099858 i 13.5427 0.0154 4.0000 14.7976 1.1119 10.5856 10.6901 10.5985
0.60214.7_1.1_07 55704.51165645899891 i 13.5673 0.0154 4.0000 14.7976 1.1119 10.5856 10.6901 10.5985
0.60214.9_1.1_07 56455.53687332069967 g 14.9912 0.0148 4.0000 14.9782 1.1119 10.7439 10.8797 10.7627
0.60214.9_1.1_07 54995.52393502790073 r 13.7694 0.0013 4.0000 14.9782 1.1119 10.7439 10.8797 10.7627
0.60214.9_1.1_07 55714.47107718110055 r 14.6702 0.0019 4.0000 14.9782 1.1119 10.7439 10.8797 10.7627
0.60214.9_1.1_07 55714.48164867419837 r 14.6667 0.0019 4.0000 14.9782 1.1119 10.7439 10.8797 10.7627
0.60214.9_1.1_07 54995.51284356539691 r 13.7669 0.0013 4.0000 14.9782 1.1119 10.7439 10.8797 10.7627
0.60214.9_1.1_07 55353.53138918479817 r 14.5034 0.0018 4.0000 14.9782 1.1119 10.7439 10.8797 10.7627
0.60214.9_1.1_07 55353.54205362260109 r 14.5054 0.0018 4.0000 14.9782 1.1119 10.7439 10.8797 10.7627
0.60214.9_1.1_07 55353.52932373480144 r 14.5058 0.0018 4.0000 14.9782 1.1119 10.7439 10.8797 10.7627
0.60214.9_1.1_07 56463.50300065230113 r 13.7695 0.0013 4.0000 14.9782 1.1119 10.7439 10.8797 10.7627
0.60214.9_1.1_07 56463.49310437499662 r 13.7712 0.0013 4.0000 14.9782 1.1119 10.7439 10.8797 10.7627
0.60214.9_1.1_07 56545.26902519079886 r 14.4335 0.0017 4.0000 14.9782 1.1119 10.7439 10.8797 10.7627
0.60214.9_1.1_07 56455.54665100810234 r 13.7666 0.0013 4.0000 14.9782 1.1119 10.7439 10.8797 10.7627
0.60214.9_1.1_07 56455.53687332069967 r 13.7660 0.0013 4.0000 14.9782 1.1119 10.7439 10.8797 10.7627
0.60214.9_1.1_07 56470.45865895099996 i 14.1206 0.0149 4.0000 14.9782 1.1119 10.7439 10.8797 10.7627
0.60214.9_1.1_07 55762.43194050680177 i 14.1634 0.0148 4.0000 14.9782 1.1119 10.7439 10.8797 10.7627
0.60214.9_1.1_07 55762.44316653579881 i 14.1554 0.0149 4.0000 14.9782 1.1119 10.7439 10.8797 10.7627
0.60214.9_1.1_07 55396.29304339079681 i 13.7363 0.0152 4.0000 14.9782 1.1119 10.7439 10.8797 10.7627
0.60214.9_1.1_07 55396.30474804380356 i 13.7060 0.0152 4.0000 14.9782 1.1119 10.7439 10.8797 10.7627
0.60214.9_1.1_07 56087.55121163759759 i 13.6111 0.0153 4.0000 14.9782 1.1119 10.7439 10.8797 10.7627
0.60214.9_1.1_07 56087.54089198160364 i 13.5873 0.0153 4.0000 14.9782 1.1119 10.7439 10.8797 10.7627
0.60214.9_1.1_07 55017.44207226859726 i 14.0071 0.0150 4.0000 14.9782 1.1119 10.7439 10.8797 10.7627
0.60214.9_1.1_07 55017.45706023240200 i 14.0158 0.0150 4.0000 14.9782 1.1119 10.7439 10.8797 10.7627
0.60214.9_1.1_07 56463.48152677709732 i 13.5873 0.0153 4.0000 14.9782 1.1119 10.7439 10.8797 10.7627
0.60214.9_1.1_07 56463.47059995579912 i 13.6099 0.0153 4.0000 14.9782 1.1119 10.7439 10.8797 10.7627
0.60214.9_1.1_07 55704.49997902099858 i 13.7709 0.0152 4.0000 14.9782 1.1119 10.7439 10.8797 10.7627
0.60214.9_1.1_07 55704.51165645899891 i 13.7482 0.0152 4.0000 14.9782 1.1119 10.7439 10.8797 10.7627
0.60214.9_1.1_07 55351.50708743010182 i 13.6022 0.0153 4.0000 14.9782 1.1119 10.7439 10.8797 10.7627
0.60214.9_1.1_07 55351.50640510489757 i 13.6170 0.0153 4.0000 14.9782 1.1119 10.7439 10.8797 10.7627
0.60214.9_1.1_07 55351.51825281330093 i 13.6232 0.0153 4.0000 14.9782 1.1119 10.7439 10.8797 10.7627
0.60214.9_1.1_07 55351.51753095129970 i 13.5262 0.0154 4.0000 14.9782 1.1119 10.7439 10.8797 10.7627
0.65313.3_1.1_07 56455.53687332069967 g 13.5099 0.0153 4.5000 13.3835 1.1119 9.0023 9.1310 9.0421
0.65313.4_1.1_07 56455.53687332069967 g 13.6176 0.0153 4.5000 13.4774 1.1119 9.1001 9.2154 9.1219
0.65313.6_1.1_07 56455.53687332069967 g 13.6935 0.0152 4.5000 13.6214 1.1119 9.2446 9.3518 9.2553
0.65313.7_1.1_07 56455.53687332069967 g 13.7871 0.0152 4.5000 13.7018 1.1119 9.3331 9.4380 9.3237
0.65313.7_1.1_07 56455.53687332069967 g 13.8977 0.0152 4.5000 13.7832 1.1119 9.3931 9.5163 9.4239
0.65313.8_1.1_07 56455.53687332069967 g 13.9732 0.0152 4.5000 13.8908 1.1119 9.4941 9.6387 9.5054
0.65314.0_1.1_07 56455.53687332069967 g 14.1311 0.0151 4.5000 14.0512 1.1119 9.6824 9.7940 9.6918
0.65314.0_1.1_07 56463.50300065230113 r 13.5249 0.0011 4.5000 14.0512 1.1119 9.6824 9.7940 9.6918
0.65314.0_1.1_07 56463.49310437499662 r 13.5273 0.0011 4.5000 14.0512 1.1119 9.6824 9.7940 9.6918
0.65314.2_1.1_07 56455.53687332069967 g 14.4556 0.0150 4.5000 14.2130 1.1119 9.8435 9.9569 9.8595
0.65314.2_1.1_07 54995.52393502790073 r 13.5662 0.0012 4.5000 14.2130 1.1119 9.8435 9.9569 9.8595
0.65314.2_1.1_07 54995.51284356539691 r 13.5623 0.0012 4.5000 14.2130 1.1119 9.8435 9.9569 9.8595
0.65314.2_1.1_07 56463.50300065230113 r 13.6150 0.0012 4.5000 14.2130 1.1119 9.8435 9.9569 9.8595
0.65314.2_1.1_07 56463.49310437499662 r 13.6166 0.0012 4.5000 14.2130 1.1119 9.8435 9.9569 9.8595
0.65314.3_1.1_07 56455.53687332069967 g 14.4058 0.0150 4.5000 14.3897 1.1119 10.0136 10.1295 10.0228
0.65314.3_1.1_07 54995.52393502790073 r 13.8252 0.0013 4.5000 14.3897 1.1119 10.0136 10.1295 10.0228
0.65314.3_1.1_07 55714.47107718110055 r 13.5705 0.0012 4.5000 14.3897 1.1119 10.0136 10.1295 10.0228
0.65314.3_1.1_07 55714.48164867419837 r 13.5756 0.0012 4.5000 14.3897 1.1119 10.0136 10.1295 10.0228
0.65314.3_1.1_07 54995.51284356539691 r 13.8250 0.0013 4.5000 14.3897 1.1119 10.0136 10.1295 10.0228
0.65314.3_1.1_07 56463.50300065230113 r 13.9031 0.0013 4.5000 14.3897 1.1119 10.0136 10.1295 10.0228
0.65314.3_1.1_07 56463.49310437499662 r 13.9082 0.0013 4.5000 14.3897 1.1119 10.0136 10.1295 10.0228
0.65314.6_1.1_07 56455.53687332069967 g 14.7192 0.0149 4.5000 14.6598 1.1119 10.2843 10.3854 10.2967
0.65314.6_1.1_07 54995.52393502790073 r 14.0799 0.0014 4.5000 14.6598 1.1119 10.2843 10.3854 10.2967
0.65314.6_1.1_07 55714.47107718110055 r 13.8396 0.0013 4.5000 14.6598 1.1119 10.2843 10.3854 10.2967
0.65314.6_1.1_07 55714.48164867419837 r 13.8444 0.0013 4.5000 14.6598 1.1119 10.2843 10.3854 10.2967
0.65314.6_1.1_07 54995.51284356539691 r 14.0807 0.0014 4.5000 14.6598 1.1119 10.2843 10.3854 10.2967
0.65314.6_1.1_07 55353.53138918479817 r 13.5414 0.0011 4.5000 14.6598 1.1119 10.2843 10.3854 10.2967
0.65314.6_1.1_07 55353.54205362260109 r 13.5431 0.0011 4.5000 14.6598 1.1119 10.2843 10.3854 10.2967
0.65314.6_1.1_07 55353.52932373480144 r 13.5388 0.0011 4.5000 14.6598 1.1119 10.2843 10.3854 10.2967
0.65314.6_1.1_07 56463.50300065230113 r 14.1544 0.0015 4.5000 14.6598 1.1119 10.2843 10.3854 10.2967
0.65314.6_1.1_07 56463.49310437499662 r 14.1572 0.0015 4.5000 14.6598 1.1119 10.2843 10.3854 10.2967
0.65314.6_1.1_07 56545.26902519079886 r 13.5261 0.0011 4.5000 14.6598 1.1119 10.2843 10.3854 10.2967
0.65314.6_1.1_07 55396.29304339079681 i 13.5985 0.0153 4.5000 14.6598 1.1119 10.2843 10.3854 10.2967
0.65314.6_1.1_07 55396.30474804380356 i 13.6773 0.0153 4.5000 14.6598 1.1119 10.2843 10.3854 10.2967
0.65314.6_1.1_07 55017.45706023240200 i 13.5281 0.0154 4.5000 14.6598 1.1119 10.2843 10.3854 10.2967
0.65314.6_1.1_07 56463.48152677709732 i 13.6155 0.0153 4.5000 14.6598 1.1119 10.2843 10.3854 10.2967
0.65314.6_1.1_07 56463.47059995579912 i 13.7131 0.0152 4.5000 14.6598 1.1119 10.2843 10.3854 10.2967
0.65314.6_1.1_07 55351.50708743010182 i 13.6637 0.0153 4.5000 14.6598 1.1119 10.2843 10.3854 10.2967
0.65314.6_1.1_07 55351.50640510489757 i 13.7204 0.0152 4.5000 14.6598 1.1119 10.2843 10.3854 10.2967
0.65314.6_1.1_07 55351.51825281330093 i 13.6857 0.0152 4.5000 14.6598 1.1119 10.2843 10.3854 10.2967
0.65314.6_1.1_07 55351.51753095129970 i 13.7174 0.0152 4.5000 14.6598 1.1119 10.2843 10.3854 10.2967
0.65314.7_1.1_07 56455.53687332069967 g 14.8958 0.0149 4.5000 14.7976 1.1119 10.4339 10.5431 10.4363
0.65314.7_1.1_07 54995.52393502790073 r 14.2063 0.0015 4.5000 14.7976 1.1119 10.4339 10.5431 10.4363
0.65314.7_1.1_07 55714.47107718110055 r 13.9796 0.0014 4.5000 14.7976 1.1119 10.4339 10.5431 10.4363
0.65314.7_1.1_07 55714.48164867419837 r 13.9850 0.0014 4.5000 14.7976 1.1119 10.4339 10.5431 10.4363
0.65314.7_1.1_07 54995.51284356539691 r 14.2064 0.0015 4.5000 14.7976 1.1119 10.4339 10.5431 10.4363
0.65314.7_1.1_07 55353.53138918479817 r 13.6952 0.0012 4.5000 14.7976 1.1119 10.4339 10.5431 10.4363
0.65314.7_1.1_07 55353.54205362260109 r 13.7003 0.0012 4.5000 14.7976 1.1119 10.4339 10.5431 10.4363
0.65314.7_1.1_07 55353.52932373480144 r 13.6961 0.0012 4.5000 14.7976 1.1119 10.4339 10.5431 10.4363
0.65314.7_1.1_07 56463.50300065230113 r 14.2769 0.0016 4.5000 14.7976 1.1119 10.4339 10.5431 10.4363
0.65314.7_1.1_07 56463.49310437499662 r 14.2793 0.0016 4.5000 14.7976 1.1119 10.4339 10.5431 10.4363
0.65314.7_1.1_07 56545.26902519079886 r 13.6828 0.0012 4.5000 14.7976 1.1119 10.4339 10.5431 10.4363
0.65314.7_1.1_07 56455.54665100810234 r 13.5695 0.0012 4.5000 14.7976 1.1119 10.4339 10.5431 10.4363
0.65314.7_1.1_07 56455.53687332069967 r 13.5689 0.0012 4.5000 14.7976 1.1119 10.4339 10.5431 10.4363
0.65314.7_1.1_07 55396.29304339079681 i 13.8382 0.0151 4.5000 14.7976 1.1119 10.4339 10.5431 10.4363
0.65314.7_1.1_07 55396.30474804380356 i 13.7885 0.0152 4.5000 14.7976 1.1119 10.4339 10.5431 10.4363
0.65314.7_1.1_07 56087.55121163759759 i 13.5025 0.0154 4.5000 14.7976 1.1119 10.4339 10.5431 10.4363
0.65314.7_1.1_07 55017.44207226859726 i 13.5967 0.0153 4.5000 14.7976 1.1119 10.4339 10.5431 10.4363
0.65314.7_1.1_07 55017.45706023240200 i 13.6461 0.0153 4.5000 14.7976 1.1119 10.4339 10.5431 10.4363
0.65314.7_1.1_07 56463.48152677709732 i 13.7581 0.0152 4.5000 14.7976 1.1119 10.4339 10.5431 10.4363
0.65314.7_1.1_07 56463.47059995579912 i 13.7413 0.0152 4.5000 14.7976 1.1119 10.4339 10.5431 10.4363
0.65314.7_1.1_07 55351.50708743010182 i 13.8050 0.0151 4.5000 14.7976 1.1119 10.4339 10.5431 10.4363
0.65314.7_1.1_07 55351.50640510489757 i 13.8106 0.0151 4.5000 14.7976 1.1119 10.4339 10.5431 10.4363
0.65314.7_1.1_07 55351.51825281330093 i 13.8672 0.0151 4.5000 14.7976 1.1119 10.4339 10.5431 10.4363
0.65314.7_1.1_07 55351.51753095129970 i 13.7855 0.0152 4.5000 14.7976 1.1119 10.4339 10.5431 10.4363
0.65314.9_1.1_07 56455.53687332069967 g 15.0679 0.0148 4.5000 14.9782 1.1119 10.5977 10.7057 10.6181
0.65314.9_1.1_07 54995.52393502790073 r 14.3787 0.0017 4.5000 14.9782 1.1119 10.5977 10.7057 10.6181
0.65314.9_1.1_07 55714.47107718110055 r 14.1621 0.0015 4.5000 14.9782 1.1119 10.5977 10.7057 10.6181
0.65314.9_1.1_07 55714.48164867419837 r 14.1653 0.0015 4.5000 14.9782 1.1119 10.5977 10.7057 10.6181
0.65314.9_1.1_07 54995.51284356539691 r 14.3768 0.0017 4.5000 14.9782 1.1119 10.5977 10.7057 10.6181
0.65314.9_1.1_07 55353.53138918479817 r 13.8868 0.0013 4.5000 14.9782 1.1119 10.5977 10.7057 10.6181
0.65314.9_1.1_07 55353.54205362260109 r 13.8884 0.0013 4.5000 14.9782 1.1119 10.5977 10.7057 10.6181
0.65314.9_1.1_07 55353.52932373480144 r 13.8877 0.0013 4.5000 14.9782 1.1119 10.5977 10.7057 10.6181
0.65314.9_1.1_07 56463.50300065230113 r 14.4455 0.0017 4.5000 14.9782 1.1119 10.5977 10.7057 10.6181
0.65314.9_1.1_07 56463.49310437499662 r 14.4470 0.0017 4.5000 14.9782 1.1119 10.5977 10.7057 10.6181
0.65314.9_1.1_07 56545.26902519079886 r 13.8762 0.0013 4.5000 14.9782 1.1119 10.5977 10.7057 10.6181
0.65314.9_1.1_07 56455.54665100810234 r 13.7648 0.0013 4.5000 14.9782 1.1119 10.5977 10.7057 10.6181
0.65314.9_1.1_07 56455.53687332069967 r 13.7651 0.0013 4.5000 14.9782 1.1119 10.5977 10.7057 10.6181
0.65314.9_1.1_07 56470.45865895099996 i 13.6801 0.0153 4.5000 14.9782 1.1119 10.5977 10.7057 10.6181
0.65314.9_1.1_07 55762.43194050680177 i 13.5896 0.0153 4.5000 14.9782 1.1119 10.5977 10.7057 10.6181
0.65314.9_1.1_07 55762.44316653579881 i 13.6051 0.0153 4.5000 14.9782 1.1119 10.5977 10.7057 10.6181
0.65314.9_1.1_07 55396.29304339079681 i 14.0034 0.0150 4.5000 14.9782 1.1119 10.5977 10.7057 10.6181
0.65314.9_1.1_07 55396.30474804380356 i 13.9750 0.0150 4.5000 14.9782 1.1119 10.5977 10.7057 10.6181
0.65314.9_1.1_07 56087.55121163759759 i 13.6852 0.0152 4.5000 14.9782 1.1119 10.5977 10.7057 10.6181
0.65314.9_1.1_07 56087.54089198160364 i 13.6083 0.0153 4.5000 14.9782 1.1119 10.5977 10.7057 10.6181
0.65314.9_1.1_07 55017.44207226859726 i 13.8225 0.0151 4.5000 14.9782 1.1119 10.5977 10.7057 10.6181
0.65314.9_1.1_07 55017.45706023240200 i 13.8589 0.0151 4.5000 14.9782 1.1119 10.5977 10.7057 10.6181
0.65314.9_1.1_07 56463.48152677709732 i 13.9518 0.0150 4.5000 14.9782 1.1119 10.5977 10.7057 10.6181
0.65314.9_1.1_07 56463.47059995579912 i 13.8956 0.0151 4.5000 14.9782 1.1119 10.5977 10.7057 10.6181
0.65314.9_1.1_07 55704.49997902099858 i 13.5286 0.0154 4.5000 14.9782 1.1119 10.5977 10.7057 10.6181
0.65314.9_1.1_07 55704.51165645899891 i 13.6180 0.0153 4.5000 14.9782 1.1119 10.5977 10.7057 10.6181
0.65314.9_1.1_07 55351.50708743010182 i 13.9939 0.0150 4.5000 14.9782 1.1119 10.5977 10.7057 10.6181
0.65314.9_1.1_07 55351.50640510489757 i 14.0035 0.0150 4.5000 14.9782 1.1119 10.5977 10.7057 10.6181
0.65314.9_1.1_07 55351.51825281330093 i 13.9969 0.0150 4.5000 14.9782 1.1119 10.5977 10.7057 10.6181
0.65314.9_1.1_07 55351.51753095129970 i 13.9517 0.0150 4.5000 14.9782 1.1119 10.5977 10.7057 10.6181
0.69813.4_1.1_07 56455.53687332069967 g 13.5427 0.0153 5.0000 13.4774 1.1119 8.9520 9.0781 8.9818
0.69813.6_1.1_07 56455.53687332069967 g 13.6688 0.0152 5.0000 13.6214 1.1119 9.0987 9.2165 9.1299
0.69813.7_1.1_07 56455.53687332069967 g 13.6260 0.0153 5.0000 13.7018 1.1119 9.1950 9.3020 9.1939
0.69813.7_1.1_07 56455.53687332069967 g 13.8710 0.0152 5.0000 13.7832 1.1119 9.2642 9.4030 9.2807
0.69813.8_1.1_07 56455.53687332069967 g 13.7979 0.0152 5.0000 13.8908 1.1119 9.3813 9.4843 9.3942
0.69814.0_1.1_07 56455.53687332069967 g 14.0868 0.0151 5.0000 14.0512 1.1119 9.5401 9.6586 9.5522
0.69814.2_1.1_07 56455.53687332069967 g 14.0316 0.0152 5.0000 14.2130 1.1119 9.6783 9.8102 9.7182
0.69814.2_1.1_07 55714.47107718110055 r 13.6469 0.0012 5.0000 14.2130 1.1119 9.6783 9.8102 9.7182
0.69814.2_1.1_07 55714.48164867419837 r 13.6444 0.0012 5.0000 14.2130 1.1119 9.6783 9.8102 9.7182
0.69814.2_1.1_07 55353.53138918479817 r 13.6281 0.0012 5.0000 14.2130 1.1119 9.6783 9.8102 9.7182
0.69814.2_1.1_07 55353.54205362260109 r 13.6290 0.0012 5.0000 14.2130 1.1119 9.6783 9.8102 9.7182
0.69814.2_1.1_07 55353.52932373480144 r 13.6269 0.0012 5.0000 14.2130 1.1119 9.6783 9.8102 9.7182
0.69814.2_1.1_07 56463.50300065230113 r 13.6222 0.0012 5.0000 14.2130 1.1119 9.6783 9.8102 9.7182
0.69814.2_1.1_07 56463.49310437499662 r 13.6233 0.0012 5.0000 14.2130 1.1119 9.6783 9.8102 9.7182
0.69814.3_1.1_07 56455.53687332069967 g 14.4636 0.0150 5.0000 14.3897 1.1119 9.8660 9.9927 9.8857
0.69814.3_1.1_07 55714.47107718110055 r 13.7021 0.0012 5.0000 14.3897 1.1119 9.8660 9.9927 9.8857
0.69814.3_1.1_07 55714.48164867419837 r 13.6988 0.0012 5.0000 14.3897 1.1119 9.8660 9.9927 9.8857
0.69814.3_1.1_07 55353.53138918479817 r 13.6900 0.0012 5.0000 14.3897 1.1119 9.8660 9.9927 9.8857
0.69814.3_1.1_07 55353.54205362260109 r 13.6907 0.0012 5.0000 14.3897 1.1119 9.8660 9.9927 9.8857
0.69814.3_1.1_07 55353.52932373480144 r 13.6905 0.0012 5.0000 14.3897 1.1119 9.8660 9.9927 9.8857
0.69814.3_1.1_07 56463.50300065230113 r 13.6863 0.0012 5.0000 14.3897 1.1119 9.8660 9.9927 9.8857
0.69814.3_1.1_07 56463.49310437499662 r 13.6855 0.0012 5.0000 14.3897 1.1119 9.8660 9.9927 9.8857
0.69814.6_1.1_07 56455.53687332069967 g 14.6076 0.0149 5.0000 14.6598 1.1119 10.1391 10.2602 10.1750
0.69814.6_1.1_07 55714.47107718110055 r 14.0311 0.0014 5.0000 14.6598 1.1119 10.1391 10.2602 10.1750
0.69814.6_1.1_07 55714.48164867419837 r 14.0264 0.0014 5.0000 14.6598 1.1119 10.1391 10.2602 10.1750
0.69814.6_1.1_07 55353.53138918479817 r 14.0143 0.0014 5.0000 14.6598 1.1119 10.1391 10.2602 10.1750
0.69814.6_1.1_07 55353.54205362260109 r 14.0181 0.0014 5.0000 14.6598 1.1119 10.1391 10.2602 10.1750
0.69814.6_1.1_07 55353.52932373480144 r 14.0130 0.0014 5.0000 14.6598 1.1119 10.1391 10.2602 10.1750
0.69814.6_1.1_07 56463.50300065230113 r 14.0091 0.0014 5.0000 14.6598 1.1119 10.1391 10.2602 10.1750
0.69814.6_1.1_07 56463.49310437499662 r 14.0061 0.0014 5.0000 14.6598 1.1119 10.1391 10.2602 10.1750
0.69814.6_1.1_07 56463.48152677709732 i 13.5617 0.0154 5.0000 14.6598 1.1119 10.1391 10.2602 10.1750
0.69814.6_1.1_07 56463.47059995579912 i 13.5076 0.0154 5.0000 14.6598 1.1119 10.1391 10.2602 10.1750
0.69814.6_1.1_07 55704.51165645899891 i 13.5099 0.0154 5.0000 14.6598 1.1119 10.1391 10.2602 10.1750
0.69814.7_1.1_07 56455.53687332069967 g 14.8363 0.0149 5.0000 14.7976 1.1119 10.2723 10.4068 10.2819
0.69814.7_1.1_07 54995.52393502790073 r 13.5017 0.0011 5.0000 14.7976 1.1119 10.2723 10.4068 10.2819
0.69814.7_1.1_07 55714.47107718110055 r 14.1262 0.0015 5.0000 14.7976 1.1119 10.2723 10.4068 10.2819
0.69814.7_1.1_07 55714.48164867419837 r 14.1236 0.0015 5.0000 14.7976 1.1119 10.2723 10.4068 10.2819
0.69814.7_1.1_07 54995.51284356539691 r 13.5010 0.0011 5.0000 14.7976 1.1119 10.2723 10.4068 10.2819
0.69814.7_1.1_07 55353.53138918479817 r 14.1114 0.0015 5.0000 14.7976 1.1119 10.2723 10.4068 10.2819
0.69814.7_1.1_07 55353.54205362260109 r 14.1104 0.0015 5.0000 14.7976 1.1119 10.2723 10.4068 10.2819
0.69814.7_1.1_07 55353.52932373480144 r 14.1096 0.0015 5.0000 14.7976 1.1119 10.2723 10.4068 10.2819
0.69814.7_1.1_07 56463.50300065230113 r 14.1069 0.0015 5.0000 14.7976 1.1119 10.2723 10.4068 10.2819
0.69814.7_1.1_07 56463.49310437499662 r 14.1053 0.0015 5.0000 14.7976 1.1119 10.2723 10.4068 10.2819
0.69814.7_1.1_07 56545.26902519079886 r 13.5846 0.0012 5.0000 14.7976 1.1119 10.2723 10.4068 10.2819
0.69814.7_1.1_07 56455.54665100810234 r 13.5011 0.0011 5.0000 14.7976 1.1119 10.2723 10.4068 10.2819
0.69814.7_1.1_07 56455.53687332069967 r 13.5010 0.0011 5.0000 14.7976 1.1119 10.2723 10.4068 10.2819
0.69814.7_1.1_07 56087.54089198160364 i 13.5548 0.0154 5.0000 14.7976 1.1119 10.2723 10.4068 10.2819
0.69814.7_1.1_07 55017.45706023240200 i 13.5089 0.0154 5.0000 14.7976 1.1119 10.2723 10.4068 10.2819
0.69814.7_1.1_07 56463.48152677709732 i 13.6015 0.0153 5.0000 14.7976 1.1119 10.2723 10.4068 10.2819
0.69814.7_1.1_07 56463.47059995579912 i 13.6167 0.0153 5.0000 14.7976 1.1119 10.2723 10.4068 10.2819
0.69814.7_1.1_07 55704.49997902099858 i 13.6165 0.0153 5.0000 14.7976 1.1119 10.2723 10.4068 10.2819
0.69814.7_1.1_07 55704.51165645899891 i 13.6911 0.0152 5.0000 14.7976 1.1119 10.2723 10.4068 10.2819
0.69814.9_1.1_07 56455.53687332069967 g 14.9437 0.0149 5.0000 14.9782 1.1119 10.4480 10.5873 10.4822
0.69814.9_1.1_07 54995.52393502790073 r 13.6051 0.0012 5.0000 14.9782 1.1119 10.4480 10.5873 10.4822
0.69814.9_1.1_07 55714.47107718110055 r 14.3530 0.0016 5.0000 14.9782 1.1119 10.4480 10.5873 10.4822
0.69814.9_1.1_07 55714.48164867419837 r 14.3488 0.0016 5.0000 14.9782 1.1119 10.4480 10.5873 10.4822
0.69814.9_1.1_07 54995.51284356539691 r 13.6082 0.0012 5.0000 14.9782 1.1119 10.4480 10.5873 10.4822
0.69814.9_1.1_07 55353.53138918479817 r 14.3356 0.0016 5.0000 14.9782 1.1119 10.4480 10.5873 10.4822
0.69814.9_1.1_07 55353.54205362260109 r 14.3392 0.0016 5.0000 14.9782 1.1119 10.4480 10.5873 10.4822
0.69814.9_1.1_07 55353.52932373480144 r 14.3359 0.0016 5.0000 14.9782 1.1119 10.4480 10.5873 10.4822
0.69814.9_1.1_07 56463.50300065230113 r 14.3332 0.0016 5.0000 14.9782 1.1119 10.4480 10.5873 10.4822
0.69814.9_1.1_07 56463.49310437499662 r 14.3320 0.0016 5.0000 14.9782 1.1119 10.4480 10.5873 10.4822
0.69814.9_1.1_07 56545.26902519079886 r 13.7093 0.0012 5.0000 14.9782 1.1119 10.4480 10.5873 10.4822
0.69814.9_1.1_07 56455.54665100810234 r 13.6069 0.0012 5.0000 14.9782 1.1119 10.4480 10.5873 10.4822
0.69814.9_1.1_07 56455.53687332069967 r 13.6078 0.0012 5.0000 14.9782 1.1119 10.4480 10.5873 10.4822
0.69814.9_1.1_07 55762.43194050680177 i 13.6312 0.0153 5.0000 14.9782 1.1119 10.4480 10.5873 10.4822
0.69814.9_1.1_07 55762.44316653579881 i 13.6270 0.0153 5.0000 14.9782 1.1119 10.4480 10.5873 10.4822
0.69814.9_1.1_07 55396.30474804380356 i 13.5094 0.0154 5.0000 14.9782 1.1119 10.4480 10.5873 10.4822
0.69814.9_1.1_07 56087.55121163759759 i 13.6791 0.0153 5.0000 14.9782 1.1119 10.4480 10.5873 10.4822
0.69814.9_1.1_07 56087.54089198160364 i 13.7314 0.0152 5.0000 14.9782 1.1119 10.4480 10.5873 10.4822
0.69814.9_1.1_07 55017.44207226859726 i 13.6822 0.0152 5.0000 14.9782 1.1119 10.4480 10.5873 10.4822
0.69814.9_1.1_07 55017.45706023240200 i 13.6312 0.0153 5.0000 14.9782 1.1119 10.4480 10.5873 10.4822
0.69814.9_1.1_07 56463.48152677709732 i 13.8862 0.0151 5.0000 14.9782 1.1119 10.4480 10.5873 10.4822
0.69814.9_1.1_07 56463.47059995579912 i 13.8180 0.0151 5.0000 14.9782 1.1119 10.4480 10.5873 10.4822
0.69814.9_1.1_07 55704.49997902099858 i 13.8250 0.0151 5.0000 14.9782 1.1119 10.4480 10.5873 10.4822
0.69814.9_1.1_07 55704.51165645899891 i 13.8374 0.0151 5.0000 14.9782 1.1119 10.4480 10.5873 10.4822
0.69814.9_1.1_07 55351.50708743010182 i 13.5675 0.0154 5.0000 14.9782 1.1119 10.4480 10.5873 10.4822
0.69814.9_1.1_07 55351.50640510489757 i 13.5445 0.0154 5.0000 14.9782 1.1119 10.4480 10.5873 10.4822
0.69814.9_1.1_07 55351.51825281330093 i 13.5032 0.0154 5.0000 14.9782 1.1119 10.4480 10.5873 10.4822
0.69814.9_1.1_07 55351.51753095129970 i 13.5458 0.0154 5.0000 14.9782 1.1119 10.4480 10.5873 10.4822
0.74013.6_1.1_07 56455.53687332069967 g 13.5052 0.0153 5.5000 13.6214 1.1119 8.9693 9.1185 8.9886
0.74013.7_1.1_07 56455.53687332069967 g 13.7401 0.0152 5.5000 13.7018 1.1119 9.0511 9.1907 9.0725
0.74013.7_1.1_07 56455.53687332069967 g 13.7168 0.0152 5.5000 13.7832 1.1119 9.1152 9.2733 9.1510
0.74013.8_1.1_07 56455.53687332069967 g 13.8462 0.0152 5.5000 13.8908 1.1119 9.2334 9.3815 9.2650
0.74014.0_1.1_07 56455.53687332069967 g 13.9956 0.0152 5.5000 14.0512 1.1119 9.3882 9.5237 9.4306
0.74014.2_1.1_07 56455.53687332069967 g 14.2246 0.0151 5.5000 14.2130 1.1119 9.5558 9.6887 9.5890
0.74014.3_1.1_07 56455.53687332069967 g 14.4427 0.0150 5.5000 14.3897 1.1119 9.7388 9.8676 9.7635
0.74014.3_1.1_07 54995.52393502790073 r 13.5422 0.0011 5.5000 14.3897 1.1119 9.7388 9.8676 9.7635
0.74014.3_1.1_07 54995.51284356539691 r 13.5414 0.0011 5.5000 14.3897 1.1119 9.7388 9.8676 9.7635
0.74014.3_1.1_07 55353.53138918479817 r 13.6227 0.0012 5.5000 14.3897 1.1119 9.7388 9.8676 9.7635
0.74014.3_1.1_07 55353.54205362260109 r 13.6223 0.0012 5.5000 14.3897 1.1119 9.7388 9.8676 9.7635
0.74014.3_1.1_07 55353.52932373480144 r 13.6213 0.0012 5.5000 14.3897 1.1119 9.7388 9.8676 9.7635
0.74014.6_1.1_07 56455.53687332069967 g 14.6744 0.0149 5.5000 14.6598 1.1119 10.0133 10.1433 10.0358
0.74014.6_1.1_07 54995.52393502790073 r 13.8361 0.0013 5.5000 14.6598 1.1119 10.0133 10.1433 10.0358
0.74014.6_1.1_07 55714.47107718110055 r 13.5691 0.0012 5.5000 14.6598 1.1119 10.0133 10.1433 10.0358
0.74014.6_1.1_07 55714.48164867419837 r 13.5675 0.0012 5.5000 14.6598 1.1119 10.0133 10.1433 10.0358
0.74014.6_1.1_07 54995.51284356539691 r 13.8314 0.0013 5.5000 14.6598 1.1119 10.0133 10.1433 10.0358
0.74014.6_1.1_07 55353.53138918479817 r 13.9232 0.0013 5.5000 14.6598 1.1119 10.0133 10.1433 10.0358
0.74014.6_1.1_07 55353.54205362260109 r 13.9224 0.0013 5.5000 14.6598 1.1119 10.0133 10.1433 10.0358
0.74014.6_1.1_07 55353.52932373480144 r 13.9204 0.0013 5.5000 14.6598 1.1119 10.0133 10.1433 10.0358
0.74014.6_1.1_07 56463.50300065230113 r 13.7342 0.0012 5.5000 14.6598 1.1119 10.0133 10.1433 10.0358
0.74014.6_1.1_07 56463.49310437499662 r 13.7324 0.0012 5.5000 14.6598 1.1119 10.0133 10.1433 10.0358
0.74014.6_1.1_07 56545.26902519079886 r 13.6076 0.0012 5.5000 14.6598 1.1119 10.0133 10.1433 10.0358
0.74014.7_1.1_07 56455.53687332069967 g 14.8308 0.0149 5.5000 14.7976 1.1119 10.1509 10.2676 10.1602
0.74014.7_1.1_07 54995.52393502790073 r 13.9615 0.0014 5.5000 14.7976 1.1119 10.1509 10.2676 10.1602
0.74014.7_1.1_07 55714.47107718110055 r 13.7094 0.0012 5.5000 14.7976 1.1119 10.1509 10.2676 10.1602
0.74014.7_1.1_07 55714.48164867419837 r 13.7075 0.0012 5.5000 14.7976 1.1119 10.1509 10.2676 10.1602
0.74014.7_1.1_07 54995.51284356539691 r 13.9592 0.0014 5.5000 14.7976 1.1119 10.1509 10.2676 10.1602
0.74014.7_1.1_07 55353.53138918479817 r 14.0421 0.0014 5.5000 14.7976 1.1119 10.1509 10.2676 10.1602
0.74014.7_1.1_07 55353.54205362260109 r 14.0475 0.0014 5.5000 14.7976 1.1119 10.1509 10.2676 10.1602
0.74014.7_1.1_07 55353.52932373480144 r 14.0434 0.0014 5.5000 14.7976 1.1119 10.1509 10.2676 10.1602
0.74014.7_1.1_07 56463.50300065230113 r 13.8681 0.0013 5.5000 14.7976 1.1119 10.1509 10.2676 10.1602
0.74014.7_1.1_07 56463.49310437499662 r 13.8658 0.0013 5.5000 14.7976 1.1119 10.1509 10.2676 10.1602
0.74014.7_1.1_07 56545.26902519079886 r 13.7475 0.0012 5.5000 14.7976 1.1119 10.1509 10.2676 10.1602
0.74014.7_1.1_07 56470.45865895099996 i 13.5736 0.0153 5.5000 14.7976 1.1119 10.1509 10.2676 10.1602
0.74014.7_1.1_07 55017.44207226859726 i 13.5237 0.0154 5.5000 14.7976 1.1119 10.1509 10.2676 10.1602
0.74014.7_1.1_07 55017.45706023240200 i 13.5415 0.0154 5.5000 14.7976 1.1119 10.1509 10.2676 10.1602
0.74014.9_1.1_07 56455.53687332069967 g 14.8427 0.0149 5.5000 14.9782 1.1119 10.3431 10.4744 10.3470
0.74014.9_1.1_07 54995.52393502790073 r 14.2047 0.0015 5.5000 14.9782 1.1119 10.3431 10.4744 10.3470
0.74014.9_1.1_07 55714.47107718110055 r 13.8587 0.0013 5.5000 14.9782 1.1119 10.3431 10.4744 10.3470
0.74014.9_1.1_07 55714.48164867419837 r 13.8638 0.0013 5.5000 14.9782 1.1119 10.3431 10.4744 10.3470
0.74014.9_1.1_07 54995.51284356539691 r 14.2003 0.0015 5.5000 14.9782 1.1119 10.3431 10.4744 10.3470
0.74014.9_1.1_07 55353.53138918479817 r 14.3198 0.0016 5.5000 14.9782 1.1119 10.3431 10.4744 10.3470
0.74014.9_1.1_07 55353.54205362260109 r 14.3191 0.0016 5.5000 14.9782 1.1119 10.3431 10.4744 10.3470
0.74014.9_1.1_07 55353.52932373480144 r 14.3174 0.0016 5.5000 14.9782 1.1119 10.3431 10.4744 10.3470
0.74014.9_1.1_07 56463.50300065230113 r 14.0795 0.0014 5.5000 14.9782 1.1119 10.3431 10.4744 10.3470
0.74014.9_1.1_07 56463.49310437499662 r 14.0738 0.0014 5.5000 14.9782 1.1119 10.3431 10.4744 10.3470
0.74014.9_1.1_07 56545.26902519079886 r 13.9128 0.0013 5.5000 14.9782 1.1119 10.3431 10.4744 10.3470
0.74014.9_1.1_07 56455.54665100810234 r 13.5019 0.0011 5.5000 14.9782 1.1119 10.3431 10.4744 10.3470
0.74014.9_1.1_07 56455.53687332069967 r 13.5046 0.0011 5.5000 14.9782 1.1119 10.3431 10.4744 10.3470
0.74014.9_1.1_07 56470.45865895099996 i 13.8301 0.0151 5.5000 14.9782 1.1119 10.3431 10.4744 10.3470
0.74014.9_1.1_07 55396.29304339079681 i 13.5672 0.0154 5.5000 14.9782 1.1119 10.3431 10.4744 10.3470
0.74014.9_1.1_07 55396.30474804380356 i 13.6590 0.0153 5.5000 14.9782 1.1119 10.3431 10.4744 10.3470
0.74014.9_1.1_07 55017.44207226859726 i 13.7257 0.0152 5.5000 14.9782 1.1119 10.3431 10.4744 10.3470
0.74014.9_1.1_07 55017.45706023240200 i 13.7232 0.0152 5.5000 14.9782 1.1119 10.3431 10.4744 10.3470
0.74014.9_1.1_07 56463.48152677709732 i 13.7368 0.0152 5.5000 14.9782 1.1119 10.3431 10.4744 10.3470
0.74014.9_1.1_07 56463.47059995579912 i 13.6877 0.0152 5.5000 14.9782 1.1119 10.3431 10.4744 10.3470
0.74014.9_1.1_07 55704.49997902099858 i 13.6384 0.0153 5.5000 14.9782 1.1119 10.3431 10.4744 10.3470
0.74014.9_1.1_07 55704.51165645899891 i 13.6790 0.0153 5.5000 14.9782 1.1119 10.3431 10.4744 10.3470
0.77813.7_1.1_07 56455.53687332069967 g 13.6032 0.0153 6.0000 13.7018 1.1119 8.9401 9.0662 8.9800
0.77813.7_1.1_07 56455.53687332069967 g 13.6636 0.0152 6.0000 13.7832 1.1119 9.0243 9.1525 9.0488
0.77813.8_1.1_07 56455.53687332069967 g 13.8208 0.0152 6.0000 13.8908 1.1119 9.1299 9.2565 9.1481
0.77814.0_1.1_07 56455.53687332069967 g 14.0298 0.0152 6.0000 14.0512 1.1119 9.2763 9.4069 9.3004
0.77814.2_1.1_07 56455.53687332069967 g 14.0813 0.0151 6.0000 14.2130 1.1119 9.4519 9.5806 9.4790
0.77814.3_1.1_07 56455.53687332069967 g 14.2972 0.0151 6.0000 14.3897 1.1119 9.6318 9.7584 9.6545
0.77814.3_1.1_07 54995.52393502790073 r 13.5879 0.0012 6.0000 14.3897 1.1119 9.6318 9.7584 9.6545
0.77814.3_1.1_07 54995.51284356539691 r 13.5878 0.0012 6.0000 14.3897 1.1119 9.6318 9.7584 9.6545
0.77814.6_1.1_07 56455.53687332069967 g 14.5027 0.0150 6.0000 14.6598 1.1119 9.8848 10.0270 9.9282
0.77814.6_1.1_07 54995.52393502790073 r 13.8942 0.0013 6.0000 14.6598 1.1119 9.8848 10.0270 9.9282
0.77814.6_1.1_07 55714.47107718110055 r 13.7192 0.0012 6.0000 14.6598 1.1119 9.8848 10.0270 9.9282
0.77814.6_1.1_07 55714.48164867419837 r 13.7223 0.0012 6.0000 14.6598 1.1119 9.8848 10.0270 9.9282
0.77814.6_1.1_07 54995.51284356539691 r 13.8937 0.0013 6.0000 14.6598 1.1119 9.8848 10.0270 9.9282
0.77814.6_1.1_07 55353.53138918479817 r 13.5287 0.0011 6.0000 14.6598 1.1119 9.8848 10.0270 9.9282
0.77814.6_1.1_07 55353.54205362260109 r 13.5318 0.0011 6.0000 14.6598 1.1119 9.8848 10.0270 9.9282
0.77814.6_1.1_07 55353.52932373480144 r 13.5282 0.0011 6.0000 14.6598 1.1119 9.8848 10.0270 9.9282
0.77814.6_1.1_07 56463.50300065230113 r 13.5243 0.0011 6.0000 14.6598 1.1119 9.8848 10.0270 9.9282
0.77814.6_1.1_07 56463.49310437499662 r 13.5241 0.0011 6.0000 14.6598 1.1119 9.8848 10.0270 9.9282
0.77814.7_1.1_07 56455.53687332069967 g 14.6303 0.0149 6.0000 14.7976 1.1119 10.0386 10.1714 10.0589
0.77814.7_1.1_07 54995.52393502790073 r 14.0535 0.0014 6.0000 14.7976 1.1119 10.0386 10.1714 10.0589
0.77814.7_1.1_07 55714.47107718110055 r 13.8644 0.0013 6.0000 14.7976 1.1119 10.0386 10.1714 10.0589
0.77814.7_1.1_07 55714.48164867419837 r 13.8693 0.0013 6.0000 14.7976 1.1119 10.0386 10.1714 10.0589
0.77814.7_1.1_07 54995.51284356539691 r 14.0523 0.0014 6.0000 14.7976 1.1119 10.0386 10.1714 10.0589
0.77814.7_1.1_07 55353.53138918479817 r 13.6647 0.0012 6.0000 14.7976 1.1119 10.0386 10.1714 10.0589
0.77814.7_1.1_07 55353.54205362260109 r 13.6663 0.0012 6.0000 14.7976 1.1119 10.0386 10.1714 10.0589
0.77814.7_1.1_07 55353.52932373480144 r 13.6663 0.0012 6.0000 14.7976 1.1119 10.0386 10.1714 10.0589
0.77814.7_1.1_07 56463.50300065230113 r 13.6602 0.0012 6.0000 14.7976 1.1119 10.0386 10.1714 10.0589
0.77814.7_1.1_07 56463.49310437499662 r 13.6584 0.0012 6.0000 14.7976 1.1119 10.0386 10.1714 10.0589
0.77814.7_1.1_07 56087.55121163759759 i 13.5290 0.0154 6.0000 14.7976 1.1119 10.0386 10.1714 10.0589
0.77814.7_1.1_07 56087.54089198160364 i 13.6028 0.0153 6.0000 14.7976 1.1119 10.0386 10.1714 10.0589
0.77814.9_1.1_07 56455.53687332069967 g 14.9266 0.0149 6.0000 14.9782 1.1119 10.2023 10.3600 10.2354
0.77814.9_1.1_07 54995.52393502790073 r 14.1644 0.0015 6.0000 14.9782 1.1119 10.2023 10.3600 10.2354
0.77814.9_1.1_07 55714.47107718110055 r 14.0129 0.0014 6.0000 14.9782 1.1119 10.2023 10.3600 10.2354
0.77814.9_1.1_07 55714.48164867419837 r 14.0165 0.0014 6.0000 14.9782 1.1119 10.2023 10.3600 10.2354
0.77814.9_1.1_07 54995.51284356539691 r 14.1633 0.0015 6.0000 14.9782 1.1119 10.2023 10.3600 10.2354
0.77814.9_1.1_07 55353.53138918479817 r 13.8533 0.0013 6.0000 14.9782 1.1119 10.2023 10.3600 10.2354
0.77814.9_1.1_07 55353.54205362260109 r 13.8528 0.0013 6.0000 14.9782 1.1119 10.2023 10.3600 10.2354
0.77814.9_1.1_07 55353.52932373480144 r 13.8525 0.0013 6.0000 14.9782 1.1119 10.2023 10.3600 10.2354
0.77814.9_1.1_07 56463.50300065230113 r 13.8480 0.0013 6.0000 14.9782 1.1119 10.2023 10.3600 10.2354
0.77814.9_1.1_07 56463.49310437499662 r 13.8467 0.0013 6.0000 14.9782 1.1119 10.2023 10.3600 10.2354
0.77814.9_1.1_07 56545.26902519079886 r 13.5790 0.0012 6.0000 14.9782 1.1119 10.2023 10.3600 10.2354
0.77814.9_1.1_07 56455.54665100810234 r 13.5237 0.0011 6.0000 14.9782 1.1119 10.2023 10.3600 10.2354
0.77814.9_1.1_07 56455.53687332069967 r 13.5229 0.0011 6.0000 14.9782 1.1119 10.2023 10.3600 10.2354
0.77814.9_1.1_07 56470.45865895099996 i 13.6208 0.0153 6.0000 14.9782 1.1119 10.2023 10.3600 10.2354
0.77814.9_1.1_07 55762.43194050680177 i 13.5775 0.0153 6.0000 14.9782 1.1119 10.2023 10.3600 10.2354
0.77814.9_1.1_07 55762.44316653579881 i 13.6136 0.0153 6.0000 14.9782 1.1119 10.2023 10.3600 10.2354
0.77814.9_1.1_07 55396.29304339079681 i 13.5518 0.0154 6.0000 14.9782 1.1119 10.2023 10.3600 10.2354
0.77814.9_1.1_07 55396.30474804380356 i 13.5524 0.0154 6.0000 14.9782 1.1119 10.2023 10.3600 10.2354
0.77814.9_1.1_07 56087.55121163759759 i 13.6917 0.0152 6.0000 14.9782 1.1119 10.2023 10.3600 10.2354
0.77814.9_1.1_07 56087.54089198160364 i 13.6731 0.0153 6.0000 14.9782 1.1119 10.2023 10.3600 10.2354
0.77814.9_1.1_07 55704.49997902099858 i 13.6014 0.0153 6.0000 14.9782 1.1119 10.2023 10.3600 10.2354
0.77814.9_1.1_07 55704.51165645899891 i 13.5817 0.0153 6.0000 14.9782 1.1119 10.2023 10.3600 10.2354
0.81213.7_1.1_07 56455.53687332069967 g 13.6517 0.0153 6.5000 13.7018 1.1119 8.8259 8.9529 8.8602
0.81213.7_1.1_07 56455.53687332069967 g 13.6563 0.0152 6.5000 13.7832 1.1119 8.9284 9.0656 8.9280
0.81213.8_1.1_07 56455.53687332069967 g 13.7509 0.0152 6.5000 13.8908 1.1119 9.0092 9.1673 9.0448
0.81214.0_1.1_07 56455.53687332069967 g 13.8230 0.0152 6.5000 14.0512 1.1119 9.1666 9.3279 9.2068
0.81214.2_1.1_07 56455.53687332069967 g 13.9978 0.0152 6.5000 14.2130 1.1119 9.3348 9.4852 9.3706
0.81214.3_1.1_07 56455.53687332069967 g 14.2588 0.0151 6.5000 14.3897 1.1119 9.5176 9.6500 9.5484
0.81214.6_1.1_07 56455.53687332069967 g 14.5288 0.0150 6.5000 14.6598 1.1119 9.7757 9.9475 9.8044
0.81214.6_1.1_07 55353.53138918479817 r 13.5823 0.0012 6.5000 14.6598 1.1119 9.7757 9.9475 9.8044
0.81214.6_1.1_07 55353.54205362260109 r 13.5862 0.0012 6.5000 14.6598 1.1119 9.7757 9.9475 9.8044
0.81214.6_1.1_07 55353.52932373480144 r 13.5813 0.0012 6.5000 14.6598 1.1119 9.7757 9.9475 9.8044
0.81214.6_1.1_07 56545.26902519079886 r 13.6779 0.0012 6.5000 14.6598 1.1119 9.7757 9.9475 9.8044
0.81214.7_1.1_07 56455.53687332069967 g 14.7001 0.0149 6.5000 14.7976 1.1119 9.9211 10.0529 9.9442
0.81214.7_1.1_07 54995.52393502790073 r 13.6284 0.0012 6.5000 14.7976 1.1119 9.9211 10.0529 9.9442
0.81214.7_1.1_07 54995.51284356539691 r 13.6270 0.0012 6.5000 14.7976 1.1119 9.9211 10.0529 9.9442
0.81214.7_1.1_07 55353.53138918479817 r 13.7120 0.0012 6.5000 14.7976 1.1119 9.9211 10.0529 9.9442
0.81214.7_1.1_07 55353.54205362260109 r 13.7136 0.0012 6.5000 14.7976 1.1119 9.9211 10.0529 9.9442
0.81214.7_1.1_07 55353.52932373480144 r 13.7128 0.0012 6.5000 14.7976 1.1119 9.9211 10.0529 9.9442
0.81214.7_1.1_07 56463.50300065230113 r 13.5203 0.0011 6.5000 14.7976 1.1119 9.9211 10.0529 9.9442
0.81214.7_1.1_07 56463.49310437499662 r 13.5192 0.0011 6.5000 14.7976 1.1119 9.9211 10.0529 9.9442
0.81214.7_1.1_07 56545.26902519079886 r 13.7975 0.0013 6.5000 14.7976 1.1119 9.9211 10.0529 9.9442
0.81214.9_1.1_07 56455.53687332069967 g 14.7956 0.0149 6.5000 14.9782 1.1119 10.1027 10.2455 10.1323
0.81214.9_1.1_07 54995.52393502790073 r 13.8110 0.0013 6.5000 14.9782 1.1119 10.1027 10.2455 10.1323
0.81214.9_1.1_07 54995.51284356539691 r 13.8093 0.0013 6.5000 14.9782 1.1119 10.1027 10.2455 10.1323
0.81214.9_1.1_07 55353.53138918479817 r 13.9112 0.0013 6.5000 14.9782 1.1119 10.1027 10.2455 10.1323
0.81214.9_1.1_07 55353.54205362260109 r 13.9141 0.0013 6.5000 14.9782 1.1119 10.1027 10.2455 10.1323
0.81214.9_1.1_07 55353.52932373480144 r 13.9107 0.0013 6.5000 14.9782 1.1119 10.1027 10.2455 10.1323
0.81214.9_1.1_07 56463.50300065230113 r 13.6797 0.0012 6.5000 14.9782 1.1119 10.1027 10.2455 10.1323
0.81214.9_1.1_07 56463.49310437499662 r 13.6778 0.0012 6.5000 14.9782 1.1119 10.1027 10.2455 10.1323
0.81214.9_1.1_07 56545.26902519079886 r 14.0158 0.0014 6.5000 14.9782 1.1119 10.1027 10.2455 10.1323
0.81214.9_1.1_07 55017.44207226859726 i 13.5959 0.0153 6.5000 14.9782 1.1119 10.1027 10.2455 10.1323
0.81214.9_1.1_07 55017.45706023240200 i 13.6307 0.0153 6.5000 14.9782 1.1119 10.1027 10.2455 10.1323
0.81214.9_1.1_07 55704.49997902099858 i 13.5100 0.0154 6.5000 14.9782 1.1119 10.1027 10.2455 10.1323
0.81214.9_1.1_07 55704.51165645899891 i 13.5295 0.0154 6.5000 14.9782 1.1119 10.1027 10.2455 10.1323
0.84513.7_1.1_07 56455.53687332069967 g 13.5613 0.0153 7.0000 13.7018 1.1119 8.7313 8.8841 8.7513
0.84513.7_1.1_07 56455.53687332069967 g 13.5153 0.0153 7.0000 13.7832 1.1119 8.8077 8.9579 8.8422
0.84513.8_1.1_07 56455.53687332069967 g 13.7007 0.0152 7.0000 13.8908 1.1119 8.9120 9.0607 8.9434
0.84514.0_1.1_07 56455.53687332069967 g 13.7718 0.0152 7.0000 14.0512 1.1119 9.0784 9.2232 9.0957
0.84514.2_1.1_07 56455.53687332069967 g 14.0666 0.0151 7.0000 14.2130 1.1119 9.2369 9.3819 9.2614
0.84514.3_1.1_07 56455.53687332069967 g 14.1622 0.0151 7.0000 14.3897 1.1119 9.4171 9.5658 9.4233
0.84514.6_1.1_07 56455.53687332069967 g 14.3707 0.0150 7.0000 14.6598 1.1119 9.6904 9.8252 9.7150
0.84514.6_1.1_07 55353.53138918479817 r 13.6610 0.0012 7.0000 14.6598 1.1119 9.6904 9.8252 9.7150
0.84514.6_1.1_07 55353.54205362260109 r 13.6610 0.0012 7.0000 14.6598 1.1119 9.6904 9.8252 9.7150
0.84514.6_1.1_07 55353.52932373480144 r 13.6606 0.0012 7.0000 14.6598 1.1119 9.6904 9.8252 9.7150
0.84514.6_1.1_07 56545.26902519079886 r 13.5963 0.0012 7.0000 14.6598 1.1119 9.6904 9.8252 9.7150
0.84514.7_1.1_07 56455.53687332069967 g 14.5347 0.0150 7.0000 14.7976 1.1119 9.8261 9.9716 9.8607
0.84514.7_1.1_07 54995.52393502790073 r 13.6135 0.0012 7.0000 14.7976 1.1119 9.8261 9.9716 9.8607
0.84514.7_1.1_07 54995.51284356539691 r 13.6096 0.0012 7.0000 14.7976 1.1119 9.8261 9.9716 9.8607
0.84514.7_1.1_07 55353.53138918479817 r 13.7994 0.0013 7.0000 14.7976 1.1119 9.8261 9.9716 9.8607
0.84514.7_1.1_07 55353.54205362260109 r 13.8017 0.0013 7.0000 14.7976 1.1119 9.8261 9.9716 9.8607
0.84514.7_1.1_07 55353.52932373480144 r 13.7998 0.0013 7.0000 14.7976 1.1119 9.8261 9.9716 9.8607
0.84514.7_1.1_07 56545.26902519079886 r 13.7354 0.0012 7.0000 14.7976 1.1119 9.8261 9.9716 9.8607
0.84514.9_1.1_07 56455.53687332069967 g 14.8206 0.0149 7.0000 14.9782 1.1119 10.0159 10.1476 10.0254
0.84514.9_1.1_07 54995.52393502790073 r 13.7765 0.0013 7.0000 14.9782 1.1119 10.0159 10.1476 10.0254
0.84514.9_1.1_07 55714.47107718110055 r 13.5057 0.0011 7.0000 14.9782 1.1119 10.0159 10.1476 10.0254
0.84514.9_1.1_07 55714.48164867419837 r 13.5109 0.0011 7.0000 14.9782 1.1119 10.0159 10.1476 10.0254
0.84514.9_1.1_07 54995.51284356539691 r 13.7771 0.0013 7.0000 14.9782 1.1119 10.0159 10.1476 10.0254
0.84514.9_1.1_07 55353.53138918479817 r 13.9253 0.0013 7.0000 14.9782 1.1119 10.0159 10.1476 10.0254
0.84514.9_1.1_07 55353.54205362260109 r 13.9283 0.0013 7.0000 14.9782 1.1119 10.0159 10.1476 10.0254
0.84514.9_1.1_07 55353.52932373480144 r 13.9244 0.0013 7.0000 14.9782 1.1119 10.0159 10.1476 10.0254
0.84514.9_1.1_07 56463.50300065230113 r 13.5103 0.0011 7.0000 14.9782 1.1119 10.0159 10.1476 10.0254
0.84514.9_1.1_07 56463.49310437499662 r 13.5106 0.0011 7.0000 14.9782 1.1119 10.0159 10.1476 10.0254
0.84514.9_1.1_07 56545.26902519079886 r 13.8736 0.0013 7.0000 14.9782 1.1119 10.0159 10.1476 10.0254
0.84514.9_1.1_07 55396.29304339079681 i 13.5456 0.0154 7.0000 14.9782 1.1119 10.0159 10.1476 10.0254
0.84514.9_1.1_07 55396.30474804380356 i 13.5254 0.0154 7.0000 14.9782 1.1119 10.0159 10.1476 10.0254
0.84514.9_1.1_07 55704.49997902099858 i 13.5052 0.0154 7.0000 14.9782 1.1119 10.0159 10.1476 10.0254
0.84514.9_1.1_07 55704.51165645899891 i 13.5051 0.0154 7.0000 14.9782 1.1119 10.0159 10.1476 10.0254
0.87513.7_1.1_07 56455.53687332069967 g 13.5393 0.0153 7.5000 13.7832 1.1119 8.7147 8.8445 8.7327
0.87513.8_1.1_07 56455.53687332069967 g 13.7173 0.0152 7.5000 13.8908 1.1119 8.8320 8.9777 8.8530
0.87514.0_1.1_07 56455.53687332069967 g 13.8615 0.0152 7.5000 14.0512 1.1119 8.9860 9.1355 9.0130
0.87514.2_1.1_07 56455.53687332069967 g 13.9688 0.0152 7.5000 14.2130 1.1119 9.1515 9.2874 9.1805
0.87514.3_1.1_07 56455.53687332069967 g 14.2333 0.0151 7.5000 14.3897 1.1119 9.3461 9.4854 9.3474
0.87514.6_1.1_07 56455.53687332069967 g 14.3905 0.0150 7.5000 14.6598 1.1119 9.6156 9.7503 9.6248
0.87514.7_1.1_07 56455.53687332069967 g 14.5264 0.0150 7.5000 14.7976 1.1119 9.7382 9.8807 9.7667
0.87514.9_1.1_07 56455.53687332069967 g 14.7357 0.0149 7.5000 14.9782 1.1119 9.9133 10.0668 9.9449
0.87514.9_1.1_07 54995.52393502790073 r 13.5817 0.0012 7.5000 14.9782 1.1119 9.9133 10.0668 9.9449
0.87514.9_1.1_07 54995.51284356539691 r 13.5815 0.0012 7.5000 14.9782 1.1119 9.9133 10.0668 9.9449
0.90313.7_1.1_07 56455.53687332069967 g 13.5656 0.0153 8.0000 13.7832 1.1119 8.6353 8.7881 8.6698
0.90313.8_1.1_07 56455.53687332069967 g 13.6440 0.0153 8.0000 13.8908 1.1119 8.7383 8.8916 8.7579
0.90314.0_1.1_07 56455.53687332069967 g 13.7681 0.0152 8.0000 14.0512 1.1119 8.8912 9.0724 8.9171
0.90314.2_1.1_07 56455.53687332069967 g 13.9822 0.0152 8.0000 14.2130 1.1119 9.0641 9.2142 9.0975
0.90314.3_1.1_07 56455.53687332069967 g 14.1109 0.0151 8.0000 14.3897 1.1119 9.2494 9.3973 9.2647
0.90314.6_1.1_07 56455.53687332069967 g 14.2670 0.0151 8.0000 14.6598 1.1119 9.5169 9.6414 9.5355
0.90314.7_1.1_07 56455.53687332069967 g 14.5020 0.0150 8.0000 14.7976 1.1119 9.6473 9.8078 9.6801
0.90314.7_1.1_07 54995.52393502790073 r 13.5773 0.0012 8.0000 14.7976 1.1119 9.6473 9.8078 9.6801
0.90314.7_1.1_07 54995.51284356539691 r 13.5740 0.0012 8.0000 14.7976 1.1119 9.6473 9.8078 9.6801
0.90314.9_1.1_07 56455.53687332069967 g 14.6518 0.0149 8.0000 14.9782 1.1119 9.8242 9.9665 9.8652
0.90314.9_1.1_07 54995.52393502790073 r 13.7670 0.0013 8.0000 14.9782 1.1119 9.8242 9.9665 9.8652
0.90314.9_1.1_07 55714.47107718110055 r 13.5840 0.0012 8.0000 14.9782 1.1119 9.8242 9.9665 9.8652
0.90314.9_1.1_07 55714.48164867419837 r 13.5896 0.0012 8.0000 14.9782 1.1119 9.8242 9.9665 9.8652
0.90314.9_1.1_07 54995.51284356539691 r 13.7645 0.0013 8.0000 14.9782 1.1119 9.8242 9.9665 9.8652
0.92913.7_1.1_07 56455.53687332069967 g 13.5179 0.0153 8.5000 13.7018 1.1119 8.4867 8.6239 8.4923
0.92913.8_1.1_07 56455.53687332069967 g 13.5763 0.0153 8.5000 13.8908 1.1119 8.6575 8.8060 8.6745
0.92914.0_1.1_07 56455.53687332069967 g 13.7738 0.0152 8.5000 14.0512 1.1119 8.8133 8.9884 8.8496
0.92914.2_1.1_07 56455.53687332069967 g 13.8725 0.0152 8.5000 14.2130 1.1119 8.9753 9.1375 9.0123
0.92914.3_1.1_07 56455.53687332069967 g 14.0404 0.0152 8.5000 14.3897 1.1119 9.1535 9.2909 9.1899
0.92914.6_1.1_07 56455.53687332069967 g 14.4334 0.0150 8.5000 14.6598 1.1119 9.4502 9.5808 9.4487
0.92914.7_1.1_07 56455.53687332069967 g 14.4305 0.0150 8.5000 14.7976 1.1119 9.5627 9.7296 9.5915
0.92914.7_1.1_07 55714.47107718110055 r 13.5218 0.0011 8.5000 14.7976 1.1119 9.5627 9.7296 9.5915
0.92914.7_1.1_07 55714.48164867419837 r 13.5180 0.0011 8.5000 14.7976 1.1119 9.5627 9.7296 9.5915
0.92914.7_1.1_07 56545.26902519079886 r 13.5835 0.0012 8.5000 14.7976 1.1119 9.5627 9.7296 9.5915
0.92914.9_1.1_07 56455.53687332069967 g 14.6477 0.0149 8.5000 14.9782 1.1119 9.7392 9.9178 9.7861
0.92914.9_1.1_07 55714.47107718110055 r 13.6928 0.0012 8.5000 14.9782 1.1119 9.7392 9.9178 9.7861
0.92914.9_1.1_07 55714.48164867419837 r 13.6897 0.0012 8.5000 14.9782 1.1119 9.7392 9.9178 9.7861
0.92914.9_1.1_07 55353.54205362260109 r 13.5009 0.0011 8.5000 14.9782 1.1119 9.7392 9.9178 9.7861
0.92914.9_1.1_07 56545.26902519079886 r 13.7490 0.0012 8.5000 14.9782 1.1119 9.7392 9.9178 9.7861
0.95413.7_1.1_07 56455.53687332069967 g 13.5121 0.0153 9.0000 13.7832 1.1119 8.4874 8.6250 8.4982
0.95413.8_1.1_07 56455.53687332069967 g 13.5418 0.0153 9.0000 13.8908 1.1119 8.5736 8.7321 8.6087
0.95414.0_1.1_07 56455.53687332069967 g 13.6595 0.0152 9.0000 14.0512 1.1119 8.7485 8.9084 8.7622
0.95414.2_1.1_07 56455.53687332069967 g 13.8913 0.0152 9.0000 14.2130 1.1119 8.9025 9.0664 8.9304
0.95414.3_1.1_07 56455.53687332069967 g 14.1292 0.0151 9.0000 14.3897 1.1119 9.0553 9.2234 9.0954
0.95414.6_1.1_07 56455.53687332069967 g 14.3176 0.0150 9.0000 14.6598 1.1119 9.3541 9.5130 9.3995
0.95414.7_1.1_07 56455.53687332069967 g 14.4874 0.0150 9.0000 14.7976 1.1119 9.5043 9.6439 9.5235
0.95414.7_1.1_07 54995.52393502790073 r 13.5417 0.0011 9.0000 14.7976 1.1119 9.5043 9.6439 9.5235
0.95414.7_1.1_07 55714.47107718110055 r 13.6095 0.0012 9.0000 14.7976 1.1119 9.5043 9.6439 9.5235
0.95414.7_1.1_07 55714.48164867419837 r 13.6100 0.0012 9.0000 14.7976 1.1119 9.5043 9.6439 9.5235
0.95414.7_1.1_07 54995.51284356539691 r 13.5443 0.0012 9.0000 14.7976 1.1119 9.5043 9.6439 9.5235
0.95414.9_1.1_07 56455.53687332069967 g 14.5772 0.0150 9.0000 14.9782 1.1119 9.6725 9.8132 9.7100
0.95414.9_1.1_07 54995.52393502790073 r 13.7442 0.0012 9.0000 14.9782 1.1119 9.6725 9.8132 9.7100
0.95414.9_1.1_07 55714.47107718110055 r 13.8204 0.0013 9.0000 14.9782 1.1119 9.6725 9.8132 9.7100
0.95414.9_1.1_07 55714.48164867419837 r 13.8198 0.0013 9.0000 14.9782 1.1119 9.6725 9.8132 9.7100
0.95414.9_1.1_07 54995.51284356539691 r 13.7434 0.0012 9.0000 14.9782 1.1119 9.6725 9.8132 9.7100
0.95414.9_1.1_07 55353.53138918479817 r 13.6954 0.0012 9.0000 14.9782 1.1119 9.6725 9.8132 9.7100
0.95414.9_1.1_07 55353.54205362260109 r 13.6950 0.0012 9.0000 14.9782 1.1119 9.6725 9.8132 9.7100
0.95414.9_1.1_07 55353.52932373480144 r 13.6933 0.0012 9.0000 14.9782 1.1119 9.6725 9.8132 9.7100
0.97714.0_1.1_07 56455.53687332069967 g 13.5850 0.0153 9.5000 14.0512 1.1119 8.6580 8.8284 8.6853
0.97714.2_1.1_07 56455.53687332069967 g 13.7619 0.0152 9.5000 14.2130 1.1119 8.8490 8.9923 8.8655
0.97714.3_1.1_07 56455.53687332069967 g 13.9812 0.0152 9.5000 14.3897 1.1119 9.0230 9.1478 9.0371
0.97714.6_1.1_07 56455.53687332069967 g 14.1657 0.0151 9.5000 14.6598 1.1119 9.2764 9.4334 9.2977
0.97714.7_1.1_07 56455.53687332069967 g 14.3220 0.0150 9.5000 14.7976 1.1119 9.4048 9.5787 9.4450
0.97714.9_1.1_07 56455.53687332069967 g 14.7016 0.0149 9.5000 14.9782 1.1119 9.5754 9.7608 9.6260
1.04114.3_1.1_07 56455.53687332069967 g 13.5073 0.0153 11.0000 14.3897 1.1119 8.8253 8.9755 8.8297
1.04114.6_1.1_07 56455.53687332069967 g 13.9175 0.0152 11.0000 14.6598 1.1119 9.0870 9.2372 9.1036
1.04114.7_1.1_07 56455.53687332069967 g 13.9611 0.0152 11.0000 14.7976 1.1119 9.2223 9.3702 9.2536
1.04114.9_1.1_07 56455.53687332069967 g 14.2723 0.0151 11.0000 14.9782 1.1119 9.3978 9.5626 9.4374
1.04114.9_1.1_07 55714.47107718110055 r 13.5689 0.0012 11.0000 14.9782 1.1119 9.3978 9.5626 9.4374
1.04114.9_1.1_07 55714.48164867419837 r 13.5678 0.0012 11.0000 14.9782 1.1119 9.3978 9.5626 9.4374
1.06014.6_1.1_07 56455.53687332069967 g 13.9259 0.0152 11.5000 14.6598 1.1119 9.0278 9.1745 9.0604
1.06014.7_1.1_07 56455.53687332069967 g 13.8916 0.0152 11.5000 14.7976 1.1119 9.1681 9.3164 9.1770
1.06014.9_1.1_07 56455.53687332069967 g 14.2607 0.0151 11.5000 14.9782 1.1119 9.3430 9.5005 9.3815
1.06014.9_1.1_07 55714.47107718110055 r 13.5223 0.0011 11.5000 14.9782 1.1119 9.3430 9.5005 9.3815
1.06014.9_1.1_07 55714.48164867419837 r 13.5235 0.0011 11.5000 14.9782 1.1119 9.3430 9.5005 9.3815
1.07914.3_1.1_07 56455.53687332069967 g 13.8119 0.0152 12.0000 14.3897 1.1119 8.7057 8.8633 8.7217
1.07914.6_1.1_07 56455.53687332069967 g 13.6759 0.0152 12.0000 14.6598 1.1119 8.9663 9.1340 8.9976
1.07914.7_1.1_07 56455.53687332069967 g 13.8509 0.0152 12.0000 14.7976 1.1119 9.0933 9.2755 9.1134
1.07914.9_1.1_07 56455.53687332069967 g 14.2022 0.0151 12.0000 14.9782 1.1119 9.2849 9.4487 9.3119
1.09614.3_1.1_07 56455.53687332069967 g 13.5163 0.0153 12.5000 14.3897 1.1119 8.6587 8.7794 8.6797
1.09614.6_1.1_07 56455.53687332069967 g 13.8996 0.0152 12.5000 14.6598 1.1119 8.9181 9.0910 8.9469
1.09614.7_1.1_07 56455.53687332069967 g 13.7072 0.0152 12.5000 14.7976 1.1119 9.0437 9.2203 9.0805
1.09614.9_1.1_07 56455.53687332069967 g 14.1283 0.0151 12.5000 14.9782 1.1119 9.2390 9.4037 9.2630
1.11314.6_1.1_07 56455.53687332069967 g 13.6281 0.0153 13.0000 14.6598 1.1119 8.8364 9.0265 8.8917
1.11314.7_1.1_07 56455.53687332069967 g 13.7659 0.0152 13.0000 14.7976 1.1119 9.0056 9.1625 9.0414
1.11314.9_1.1_07 56455.53687332069967 g 13.9930 0.0152 13.0000 14.9782 1.1119 9.1718 9.3629 9.2034
1.13014.3_1.1_07 56455.53687332069967 g 13.5639 0.0153 13.5000 14.3897 1.1119 8.5547 8.7156 8.5829
1.13014.6_1.1_07 56455.53687332069967 g 13.7464 0.0152 13.5000 14.6598 1.1119 8.8042 8.9738 8.8449
1.13014.7_1.1_07 56455.53687332069967 g 13.9367 0.0152 13.5000 14.7976 1.1119 8.9467 9.1144 8.9785
1.13014.9_1.1_07 56455.53687332069967 g 13.9378 0.0152 13.5000 14.9782 1.1119 9.1389 9.3006 9.1465
1.14614.9_1.1_07 56455.53687332069967 g 13.5497 0.0153 14.0000 14.9782 1.1119 9.0904 9.2490 9.1124
1.14614.9_1.1_07 54995.52393502790073 r 13.5035 0.0011 14.0000 14.9782 1.1119 9.0904 9.2490 9.1124
1.14614.9_1.1_07 54995.51284356539691 r 13.5039 0.0011 14.0000 14.9782 1.1119 9.0904 9.2490 9.1124
1.17614.9_1.1_07 56455.53687332069967 g 13.7900 0.0152 15.0000 14.9782 1.1119 8.9954 9.1577 9.0353
1.19014.6_1.1_07 56455.53687332069967 g 13.5907 0.0153 15.5000 14.6598 1.1119 8.6225 8.8081 8.6769
1.19014.7_1.1_07 56455.53687332069967 g 13.5038 0.0153 15.5000 14.7976 1.1119 8.7635 8.9366 8.8091
1.19014.9_1.1_07 56455.53687332069967 g 13.7010 0.0152 15.5000 14.9782 1.1119 8.9466 9.1050 8.9734
1.20414.6_1.1_07 56455.53687332069967 g 13.6346 0.0153 16.0000 14.6598 1.1119 8.5911 8.7517 8.6255
1.20414.9_1.1_07 56455.53687332069967 g 13.6035 0.0153 16.0000 14.9782 1.1119 8.9299 9.0706 8.9232
1.21714.9_1.1_07 56455.53687332069967 g 13.5314 0.0153 16.5000 14.9782 1.1119 8.8688 9.0543 8.8813
1.23014.9_1.1_07 56455.53687332069967 g 13.5777 0.0153 17.0000 14.9782 1.1119 8.8284 8.9855 8.8493
1.24314.7_1.1_07 56455.53687332069967 g 13.6056 0.0153 17.5000 14.7976 1.1119 8.6113 8.7683 8.6383
1.24314.9_1.1_07 56455.53687332069967 g 13.5497 0.0153 17.5000 14.9782 1.1119 8.7849 8.9656 8.8234
1.27814.9_1.1_07 56455.53687332069967 g 13.6193 0.0153 19.0000 14.9782 1.1119 8.7047 8.8563 8.7170
1.30114.9_1.1_07 56455.53687332069967 g 13.5234 0.0153 20.0000 14.9782 1.1119 8.6146 8.7935 8.6363
1.31114.9_1.1_07 56455.53687332069967 g 13.5591 0.0153 20.5000 14.9782 1.1119 8.5652 8.7596 8.5834
1.3718.85_0.51_0 56455.53687332069967 r 18.5031 0.0207 23.5000  8.8543 0.5198 2.0435 2.3477 2.2223
1.3808.85_0.51_0 56455.53687332069967 r 14.9699 0.0022 24.0000  8.8543 0.5198 2.0259 2.3123 2.1989
1.3898.85_0.51_0 56455.53687332069967 r 18.2394 0.0171 24.5000  8.8543 0.5198 1.9843 2.2830 2.1555
1.4548.85_0.51_0 55714.47107718110055 r 19.5671 0.0453 28.5000  8.8543 0.5198 1.8022 2.0740 1.9476
1.4628.85_0.51_0 55353.54205362260109 r 22.1006 0.3331 29.0000  8.8543 0.5198 1.7693 2.0884 1.9098
1.4628.85_0.51_0 55353.52932373480144 r 14.0033 0.0014 29.0000  8.8543 0.5198 1.7693 2.0884 1.9098
1.4698.85_0.51_0 56455.53687332069967 r 16.8220 0.0066 29.5000  8.8543 0.5198 1.7584 2.0298 1.8911
