# Name Epoch Band Mag eMag period DM E(B-V) KMEAN  W1MEAN W2MEAN
0.47714.4_0.44_0 55389.42653004160093 g 13.6323 0.0153 3.0000 14.4521 0.4474 10.3532 10.5988 10.5234
0.47714.4_0.44_0 55389.41457611839724 g 13.6063 0.0153 3.0000 14.4521 0.4474 10.3532 10.5988 10.5234
0.47714.4_0.44_0 55722.51018681179994 g 13.6397 0.0153 3.0000 14.4521 0.4474 10.3532 10.5988 10.5234
0.47714.4_0.44_0 55722.52134439530346 g 13.6262 0.0153 3.0000 14.4521 0.4474 10.3532 10.5988 10.5234
0.47714.6_0.44_0 55007.48767702649639 g 13.6046 0.0153 3.0000 14.6750 0.4474 10.5877 10.7864 10.7705
0.47714.6_0.44_0 55007.47962270859716 g 13.6015 0.0153 3.0000 14.6750 0.4474 10.5877 10.7864 10.7705
0.47714.6_0.44_0 55389.42653004160093 g 13.9363 0.0152 3.0000 14.6750 0.4474 10.5877 10.7864 10.7705
0.47714.6_0.44_0 55389.41457611839724 g 13.9264 0.0152 3.0000 14.6750 0.4474 10.5877 10.7864 10.7705
0.47714.6_0.44_0 55722.51018681179994 g 13.9550 0.0152 3.0000 14.6750 0.4474 10.5877 10.7864 10.7705
0.47714.6_0.44_0 56150.33056826749817 g 13.5334 0.0153 3.0000 14.6750 0.4474 10.5877 10.7864 10.7705
0.47714.6_0.44_0 56150.34261709650309 g 13.5429 0.0153 3.0000 14.6750 0.4474 10.5877 10.7864 10.7705
0.47714.6_0.44_0 55722.52134439530346 g 13.9681 0.0152 3.0000 14.6750 0.4474 10.5877 10.7864 10.7705
0.47714.9_0.44_0 55007.48767702649639 g 13.8909 0.0152 3.0000 14.9450 0.4474 10.8598 11.0675 11.0498
0.47714.9_0.44_0 55007.47962270859716 g 13.8658 0.0152 3.0000 14.9450 0.4474 10.8598 11.0675 11.0498
0.47714.9_0.44_0 55389.42653004160093 g 14.1680 0.0151 3.0000 14.9450 0.4474 10.8598 11.0675 11.0498
0.47714.9_0.44_0 55389.41457611839724 g 14.1536 0.0151 3.0000 14.9450 0.4474 10.8598 11.0675 11.0498
0.47714.9_0.44_0 55722.51018681179994 g 14.1841 0.0151 3.0000 14.9450 0.4474 10.8598 11.0675 11.0498
0.47714.9_0.44_0 56150.33056826749817 g 13.7813 0.0152 3.0000 14.9450 0.4474 10.8598 11.0675 11.0498
0.47714.9_0.44_0 56150.34261709650309 g 13.8160 0.0152 3.0000 14.9450 0.4474 10.8598 11.0675 11.0498
0.47714.9_0.44_0 55722.52134439530346 g 14.1603 0.0151 3.0000 14.9450 0.4474 10.8598 11.0675 11.0498
0.47715.2_0.44_0 55363.45294446589833 g 13.5206 0.0153 3.0000 15.2364 0.4474 11.1434 11.3859 11.3165
0.47715.2_0.44_0 55363.46411597089900 g 13.5137 0.0153 3.0000 15.2364 0.4474 11.1434 11.3859 11.3165
0.47715.2_0.44_0 55007.48767702649639 g 14.1681 0.0151 3.0000 15.2364 0.4474 11.1434 11.3859 11.3165
0.47715.2_0.44_0 55007.47962270859716 g 14.1519 0.0151 3.0000 15.2364 0.4474 11.1434 11.3859 11.3165
0.47715.2_0.44_0 55389.42653004160093 g 14.4851 0.0150 3.0000 15.2364 0.4474 11.1434 11.3859 11.3165
0.47715.2_0.44_0 55389.41457611839724 g 14.4836 0.0150 3.0000 15.2364 0.4474 11.1434 11.3859 11.3165
0.47715.2_0.44_0 55722.51018681179994 g 14.4528 0.0150 3.0000 15.2364 0.4474 11.1434 11.3859 11.3165
0.47715.2_0.44_0 56482.38608647599904 g 13.5131 0.0153 3.0000 15.2364 0.4474 11.1434 11.3859 11.3165
0.47715.2_0.44_0 56482.37621455820045 g 13.5006 0.0153 3.0000 15.2364 0.4474 11.1434 11.3859 11.3165
0.47715.2_0.44_0 56150.33056826749817 g 14.1021 0.0151 3.0000 15.2364 0.4474 11.1434 11.3859 11.3165
0.47715.2_0.44_0 56150.34261709650309 g 14.0982 0.0151 3.0000 15.2364 0.4474 11.1434 11.3859 11.3165
0.47715.2_0.44_0 55722.52134439530346 g 14.4519 0.0150 3.0000 15.2364 0.4474 11.1434 11.3859 11.3165
0.47715.2_0.44_0 56532.28682407829911 r 13.5153 0.0011 3.0000 15.2364 0.4474 11.1434 11.3859 11.3165
0.47715.2_0.44_0 56532.29670829010138 r 13.5189 0.0011 3.0000 15.2364 0.4474 11.1434 11.3859 11.3165
0.54414.4_0.44_0 55389.42653004160093 g 13.5715 0.0153 3.5000 14.4521 0.4474 10.1431 10.3810 10.3225
0.54414.4_0.44_0 55389.41457611839724 g 13.5426 0.0153 3.5000 14.4521 0.4474 10.1431 10.3810 10.3225
0.54414.6_0.44_0 55007.48767702649639 g 13.7001 0.0152 3.5000 14.6750 0.4474 10.3579 10.6218 10.5606
0.54414.6_0.44_0 55007.47962270859716 g 13.7466 0.0152 3.5000 14.6750 0.4474 10.3579 10.6218 10.5606
0.54414.6_0.44_0 55389.42653004160093 g 13.7747 0.0152 3.5000 14.6750 0.4474 10.3579 10.6218 10.5606
0.54414.6_0.44_0 55389.41457611839724 g 13.7704 0.0152 3.5000 14.6750 0.4474 10.3579 10.6218 10.5606
0.54414.9_0.44_0 55363.45294446589833 g 13.6506 0.0153 3.5000 14.9450 0.4474 10.6421 10.8964 10.8128
0.54414.9_0.44_0 55363.46411597089900 g 13.6767 0.0152 3.5000 14.9450 0.4474 10.6421 10.8964 10.8128
0.54414.9_0.44_0 55007.48767702649639 g 14.0101 0.0152 3.5000 14.9450 0.4474 10.6421 10.8964 10.8128
0.54414.9_0.44_0 55007.47962270859716 g 13.9783 0.0152 3.5000 14.9450 0.4474 10.6421 10.8964 10.8128
0.54414.9_0.44_0 55389.42653004160093 g 14.0487 0.0151 3.5000 14.9450 0.4474 10.6421 10.8964 10.8128
0.54414.9_0.44_0 55389.41457611839724 g 14.0455 0.0152 3.5000 14.9450 0.4474 10.6421 10.8964 10.8128
0.54415.2_0.44_0 55363.45294446589833 g 13.9358 0.0152 3.5000 15.2364 0.4474 10.9290 11.1802 11.1120
0.54415.2_0.44_0 55363.46411597089900 g 13.9600 0.0152 3.5000 15.2364 0.4474 10.9290 11.1802 11.1120
0.54415.2_0.44_0 55007.48767702649639 g 14.2888 0.0151 3.5000 15.2364 0.4474 10.9290 11.1802 11.1120
0.54415.2_0.44_0 55007.47962270859716 g 14.2908 0.0151 3.5000 15.2364 0.4474 10.9290 11.1802 11.1120
0.54415.2_0.44_0 55389.42653004160093 g 14.3302 0.0150 3.5000 15.2364 0.4474 10.9290 11.1802 11.1120
0.54415.2_0.44_0 55389.41457611839724 g 14.3279 0.0150 3.5000 15.2364 0.4474 10.9290 11.1802 11.1120
0.54415.2_0.44_0 56479.42150584550109 g 13.6469 0.0153 3.5000 15.2364 0.4474 10.9290 11.1802 11.1120
0.54415.2_0.44_0 55722.51018681179994 g 13.7413 0.0152 3.5000 15.2364 0.4474 10.9290 11.1802 11.1120
0.54415.2_0.44_0 56150.33056826749817 g 13.5611 0.0153 3.5000 15.2364 0.4474 10.9290 11.1802 11.1120
0.54415.2_0.44_0 56150.34261709650309 g 13.6230 0.0153 3.5000 15.2364 0.4474 10.9290 11.1802 11.1120
0.54415.2_0.44_0 55722.52134439530346 g 13.7285 0.0152 3.5000 15.2364 0.4474 10.9290 11.1802 11.1120
0.60214.6_0.44_0 55389.42653004160093 g 13.6401 0.0153 4.0000 14.6750 0.4474 10.1895 10.4431 10.3598
0.60214.6_0.44_0 55389.41457611839724 g 13.6379 0.0153 4.0000 14.6750 0.4474 10.1895 10.4431 10.3598
0.60214.9_0.44_0 55007.48767702649639 g 13.5185 0.0153 4.0000 14.9450 0.4474 10.4529 10.7181 10.6441
0.60214.9_0.44_0 55389.42653004160093 g 13.9262 0.0152 4.0000 14.9450 0.4474 10.4529 10.7181 10.6441
0.60214.9_0.44_0 55389.41457611839724 g 13.9138 0.0152 4.0000 14.9450 0.4474 10.4529 10.7181 10.6441
0.60215.2_0.44_0 55363.45294446589833 g 13.7716 0.0152 4.0000 15.2364 0.4474 10.7617 10.9952 10.9492
0.60215.2_0.44_0 55363.46411597089900 g 13.7788 0.0152 4.0000 15.2364 0.4474 10.7617 10.9952 10.9492
0.60215.2_0.44_0 55007.48767702649639 g 13.7754 0.0152 4.0000 15.2364 0.4474 10.7617 10.9952 10.9492
0.60215.2_0.44_0 55007.47962270859716 g 13.8007 0.0152 4.0000 15.2364 0.4474 10.7617 10.9952 10.9492
0.60215.2_0.44_0 55389.42653004160093 g 14.2004 0.0151 4.0000 15.2364 0.4474 10.7617 10.9952 10.9492
0.60215.2_0.44_0 55389.41457611839724 g 14.1857 0.0151 4.0000 15.2364 0.4474 10.7617 10.9952 10.9492
0.60215.2_0.44_0 56479.42150584550109 g 13.7670 0.0152 4.0000 15.2364 0.4474 10.7617 10.9952 10.9492
0.65314.9_0.44_0 55363.45294446589833 g 13.5231 0.0153 4.5000 14.9450 0.4474 10.3110 10.5663 10.4896
0.65314.9_0.44_0 55363.46411597089900 g 13.5206 0.0153 4.5000 14.9450 0.4474 10.3110 10.5663 10.4896
0.65314.9_0.44_0 56479.42150584550109 g 13.5068 0.0153 4.5000 14.9450 0.4474 10.3110 10.5663 10.4896
0.65315.2_0.44_0 55363.45294446589833 g 13.8266 0.0152 4.5000 15.2364 0.4474 10.5980 10.8640 10.7832
0.65315.2_0.44_0 55363.46411597089900 g 13.8143 0.0152 4.5000 15.2364 0.4474 10.5980 10.8640 10.7832
0.65315.2_0.44_0 55007.48767702649639 g 13.6334 0.0153 4.5000 15.2364 0.4474 10.5980 10.8640 10.7832
0.65315.2_0.44_0 55007.47962270859716 g 13.6402 0.0153 4.5000 15.2364 0.4474 10.5980 10.8640 10.7832
0.65315.2_0.44_0 56479.42150584550109 g 13.8050 0.0152 4.5000 15.2364 0.4474 10.5980 10.8640 10.7832
0.65315.2_0.44_0 56150.33056826749817 g 13.5619 0.0153 4.5000 15.2364 0.4474 10.5980 10.8640 10.7832
0.65315.2_0.44_0 56150.34261709650309 g 13.5508 0.0153 4.5000 15.2364 0.4474 10.5980 10.8640 10.7832
0.69814.9_0.44_0 55389.42653004160093 g 13.5181 0.0153 5.0000 14.9450 0.4474 10.1636 10.4337 10.3474
0.69814.9_0.44_0 55389.41457611839724 g 13.5053 0.0153 5.0000 14.9450 0.4474 10.1636 10.4337 10.3474
0.69814.9_0.44_0 56479.42150584550109 g 13.5299 0.0153 5.0000 14.9450 0.4474 10.1636 10.4337 10.3474
0.69814.9_0.44_0 56150.33056826749817 g 13.7018 0.0152 5.0000 14.9450 0.4474 10.1636 10.4337 10.3474
0.69814.9_0.44_0 56150.34261709650309 g 13.7220 0.0152 5.0000 14.9450 0.4474 10.1636 10.4337 10.3474
0.69815.2_0.44_0 55363.46411597089900 g 13.5232 0.0153 5.0000 15.2364 0.4474 10.4568 10.7142 10.6480
0.69815.2_0.44_0 55389.42653004160093 g 13.7898 0.0152 5.0000 15.2364 0.4474 10.4568 10.7142 10.6480
0.69815.2_0.44_0 55389.41457611839724 g 13.8089 0.0152 5.0000 15.2364 0.4474 10.4568 10.7142 10.6480
0.69815.2_0.44_0 56479.42150584550109 g 13.7598 0.0152 5.0000 15.2364 0.4474 10.4568 10.7142 10.6480
0.69815.2_0.44_0 56150.33056826749817 g 13.9381 0.0152 5.0000 15.2364 0.4474 10.4568 10.7142 10.6480
0.69815.2_0.44_0 56150.34261709650309 g 13.9128 0.0152 5.0000 15.2364 0.4474 10.4568 10.7142 10.6480
0.74014.9_0.44_0 55363.45294446589833 g 13.6134 0.0153 5.5000 14.9450 0.4474 10.0317 10.3001 10.1984
0.74014.9_0.44_0 55363.46411597089900 g 13.6050 0.0153 5.5000 14.9450 0.4474 10.0317 10.3001 10.1984
0.74014.9_0.44_0 56150.33056826749817 g 13.6404 0.0153 5.5000 14.9450 0.4474 10.0317 10.3001 10.1984
0.74014.9_0.44_0 56150.34261709650309 g 13.6516 0.0153 5.5000 14.9450 0.4474 10.0317 10.3001 10.1984
0.74015.2_0.44_0 55363.45294446589833 g 13.9851 0.0152 5.5000 15.2364 0.4474 10.3438 10.5673 10.5233
0.74015.2_0.44_0 55363.46411597089900 g 14.0409 0.0152 5.5000 15.2364 0.4474 10.3438 10.5673 10.5233
0.74015.2_0.44_0 55007.48767702649639 g 13.6683 0.0152 5.5000 15.2364 0.4474 10.3438 10.5673 10.5233
0.74015.2_0.44_0 55007.47962270859716 g 13.7073 0.0152 5.5000 15.2364 0.4474 10.3438 10.5673 10.5233
0.74015.2_0.44_0 55389.42653004160093 g 13.5011 0.0153 5.5000 15.2364 0.4474 10.3438 10.5673 10.5233
0.74015.2_0.44_0 56479.42150584550109 g 13.8305 0.0152 5.5000 15.2364 0.4474 10.3438 10.5673 10.5233
0.74015.2_0.44_0 55722.51018681179994 g 13.6930 0.0152 5.5000 15.2364 0.4474 10.3438 10.5673 10.5233
0.74015.2_0.44_0 56150.33056826749817 g 14.1300 0.0151 5.5000 15.2364 0.4474 10.3438 10.5673 10.5233
0.74015.2_0.44_0 56150.34261709650309 g 14.1288 0.0151 5.5000 15.2364 0.4474 10.3438 10.5673 10.5233
0.74015.2_0.44_0 55722.52134439530346 g 13.6797 0.0152 5.5000 15.2364 0.4474 10.3438 10.5673 10.5233
0.77814.9_0.44_0 55363.46411597089900 g 13.5098 0.0153 6.0000 14.9450 0.4474 9.9258 10.1856 10.1142
0.77814.9_0.44_0 56479.42150584550109 g 13.5006 0.0153 6.0000 14.9450 0.4474 9.9258 10.1856 10.1142
0.77814.9_0.44_0 56150.33056826749817 g 13.6921 0.0152 6.0000 14.9450 0.4474 9.9258 10.1856 10.1142
0.77814.9_0.44_0 56150.34261709650309 g 13.6659 0.0152 6.0000 14.9450 0.4474 9.9258 10.1856 10.1142
0.77815.2_0.44_0 55363.45294446589833 g 13.7440 0.0152 6.0000 15.2364 0.4474 10.2185 10.4908 10.3897
0.77815.2_0.44_0 55363.46411597089900 g 13.7707 0.0152 6.0000 15.2364 0.4474 10.2185 10.4908 10.3897
0.77815.2_0.44_0 55389.42653004160093 g 13.5700 0.0153 6.0000 15.2364 0.4474 10.2185 10.4908 10.3897
0.77815.2_0.44_0 55389.41457611839724 g 13.5931 0.0153 6.0000 15.2364 0.4474 10.2185 10.4908 10.3897
0.77815.2_0.44_0 56479.42150584550109 g 13.7450 0.0152 6.0000 15.2364 0.4474 10.2185 10.4908 10.3897
0.77815.2_0.44_0 55722.51018681179994 g 13.5236 0.0153 6.0000 15.2364 0.4474 10.2185 10.4908 10.3897
0.77815.2_0.44_0 56150.33056826749817 g 13.8976 0.0152 6.0000 15.2364 0.4474 10.2185 10.4908 10.3897
0.77815.2_0.44_0 56150.34261709650309 g 13.9108 0.0152 6.0000 15.2364 0.4474 10.2185 10.4908 10.3897
0.77815.2_0.44_0 55722.52134439530346 g 13.5366 0.0153 6.0000 15.2364 0.4474 10.2185 10.4908 10.3897
0.81215.2_0.44_0 56479.42150584550109 g 13.7107 0.0152 6.5000 15.2364 0.4474 10.0994 10.3758 10.2896
0.84515.2_0.44_0 56479.42150584550109 g 13.7790 0.0152 7.0000 15.2364 0.4474 9.9956 10.2686 10.1890
0.84515.2_0.44_0 55722.51018681179994 g 13.5944 0.0153 7.0000 15.2364 0.4474 9.9956 10.2686 10.1890
0.84515.2_0.44_0 56150.33056826749817 g 13.7539 0.0152 7.0000 15.2364 0.4474 9.9956 10.2686 10.1890
0.84515.2_0.44_0 56150.34261709650309 g 13.7469 0.0152 7.0000 15.2364 0.4474 9.9956 10.2686 10.1890
0.84515.2_0.44_0 55722.52134439530346 g 13.5563 0.0153 7.0000 15.2364 0.4474 9.9956 10.2686 10.1890
0.87514.9_0.44_0 55722.52134439530346 g 13.5204 0.0153 7.5000 14.9450 0.4474 9.6127 9.8764 9.8185
0.87515.2_0.44_0 55363.46411597089900 g 13.5081 0.0153 7.5000 15.2364 0.4474 9.9165 10.1722 10.1017
0.87515.2_0.44_0 56479.42150584550109 g 13.6655 0.0152 7.5000 15.2364 0.4474 9.9165 10.1722 10.1017
0.87515.2_0.44_0 55722.51018681179994 g 13.7073 0.0152 7.5000 15.2364 0.4474 9.9165 10.1722 10.1017
0.87515.2_0.44_0 56150.33056826749817 g 13.6823 0.0152 7.5000 15.2364 0.4474 9.9165 10.1722 10.1017
0.87515.2_0.44_0 56150.34261709650309 g 13.6891 0.0152 7.5000 15.2364 0.4474 9.9165 10.1722 10.1017
0.87515.2_0.44_0 55722.52134439530346 g 13.7260 0.0152 7.5000 15.2364 0.4474 9.9165 10.1722 10.1017
0.90315.2_0.44_0 55007.48767702649639 g 13.7041 0.0152 8.0000 15.2364 0.4474 9.8400 10.0987 10.0185
0.90315.2_0.44_0 55007.47962270859716 g 13.7165 0.0152 8.0000 15.2364 0.4474 9.8400 10.0987 10.0185
0.90315.2_0.44_0 56479.42150584550109 g 13.7055 0.0152 8.0000 15.2364 0.4474 9.8400 10.0987 10.0185
0.90315.2_0.44_0 56150.34261709650309 g 13.5467 0.0153 8.0000 15.2364 0.4474 9.8400 10.0987 10.0185
0.92915.2_0.44_0 56479.42150584550109 g 13.6440 0.0153 8.5000 15.2364 0.4474 9.7516 10.0370 9.9298
0.92915.2_0.44_0 55722.51018681179994 g 13.5773 0.0153 8.5000 15.2364 0.4474 9.7516 10.0370 9.9298
0.92915.2_0.44_0 55722.52134439530346 g 13.5786 0.0153 8.5000 15.2364 0.4474 9.7516 10.0370 9.9298
0.95415.2_0.44_0 55363.45294446589833 g 13.6793 0.0152 9.0000 15.2364 0.4474 9.6686 9.9588 9.8626
0.95415.2_0.44_0 55363.46411597089900 g 13.6517 0.0153 9.0000 15.2364 0.4474 9.6686 9.9588 9.8626
0.95415.2_0.44_0 55389.42653004160093 g 13.5363 0.0153 9.0000 15.2364 0.4474 9.6686 9.9588 9.8626
0.95415.2_0.44_0 55389.41457611839724 g 13.5359 0.0153 9.0000 15.2364 0.4474 9.6686 9.9588 9.8626
0.95415.2_0.44_0 56479.42150584550109 g 13.6569 0.0152 9.0000 15.2364 0.4474 9.6686 9.9588 9.8626
0.95415.2_0.44_0 55722.51018681179994 g 13.5615 0.0153 9.0000 15.2364 0.4474 9.6686 9.9588 9.8626
0.95415.2_0.44_0 55722.52134439530346 g 13.5118 0.0153 9.0000 15.2364 0.4474 9.6686 9.9588 9.8626
0.97715.2_0.44_0 55007.47962270859716 g 13.5136 0.0153 9.5000 15.2364 0.4474 9.6095 9.8596 9.7930
0.97715.2_0.44_0 56479.42150584550109 g 13.5749 0.0153 9.5000 15.2364 0.4474 9.6095 9.8596 9.7930
1.04115.2_0.44_0 55389.42653004160093 g 13.5814 0.0153 11.0000 15.2364 0.4474 9.4153 9.6841 9.5952
1.04115.2_0.44_0 55389.41457611839724 g 13.6610 0.0152 11.0000 15.2364 0.4474 9.4153 9.6841 9.5952
1.11315.2_0.44_0 55007.48767702649639 g 13.5126 0.0153 13.0000 15.2364 0.4474 9.1847 9.4847 9.3811
1.11315.2_0.44_0 55007.47962270859716 g 13.5300 0.0153 13.0000 15.2364 0.4474 9.1847 9.4847 9.3811
1.11315.2_0.44_0 55722.51018681179994 g 13.5415 0.0153 13.0000 15.2364 0.4474 9.1847 9.4847 9.3811
1.11315.2_0.44_0 55722.52134439530346 g 13.5436 0.0153 13.0000 15.2364 0.4474 9.1847 9.4847 9.3811
1.2789.48_0.22_0 56482.40605476139899 r 21.3045 0.1751 19.0000  9.4881 0.2224 2.8355 3.1839 3.0933
1.3329.48_0.22_0 55708.52828302700073 r 14.7417 0.0020 21.5000  9.4881 0.2224 2.6812 3.0311 2.8992
1.3429.48_0.22_0 56174.27427238920063 r 18.2940 0.0178 22.0000  9.4881 0.2224 2.6506 3.0043 2.8810
1.3809.48_0.22_0 56482.40605476139899 r 19.2077 0.0346 24.0000  9.4881 0.2224 2.5399 2.8971 2.7643
1.3899.48_0.22_0 56532.28682407829911 r 14.3893 0.0017 24.5000  9.4881 0.2224 2.4941 2.8498 2.7301
1.3979.48_0.22_0 55708.52828302700073 r 20.0496 0.0654 25.0000  9.4881 0.2224 2.4856 2.8347 2.7172
1.4399.48_0.22_0 56488.42388194380328 r 13.7877 0.0013 27.5000  9.4881 0.2224 2.3560 2.7236 2.5744
1.4549.48_0.22_0 56482.40605476139899 r 15.4752 0.0029 28.5000  9.4881 0.2224 2.3018 2.6651 2.5285
1.4699.48_0.22_0 56482.39633779309952 r 14.8557 0.0021 29.5000  9.4881 0.2224 2.2765 2.6259 2.4914
1.4779.48_0.22_0 56482.39633779309952 r 14.3787 0.0017 30.0000  9.4881 0.2224 2.2233 2.5850 2.4720
1.4779.48_0.22_0 56482.40605476139899 r 18.1005 0.0155 30.0000  9.4881 0.2224 2.2233 2.5850 2.4720
