# Name Epoch Band Mag eMag period DM E(B-V) KMEAN  W1MEAN W2MEAN
0.47713.0_1.2_46 55518.56293680299859 g 13.8782 0.0152 3.0000 13.0533 1.2244 9.2627 9.3330 9.2697
0.47713.4_1.2_46 55518.56293680299859 g 14.4679 0.0150 3.0000 13.4062 1.2968 9.6291 9.7083 9.6280
0.47713.8_1.3_46 55518.56293680299859 g 14.8764 0.0149 3.0000 13.8543 1.3102 10.0825 10.1693 10.0776
0.47714.3_1.3_46 55518.56293680299859 g 15.7267 0.0150 3.0000 14.3077 1.3799 10.5703 10.6143 10.5306
0.47714.3_1.3_46 55518.56293680299859 r 14.2174 0.0015 3.0000 14.3077 1.3799 10.5703 10.6143 10.5306
0.47714.3_1.3_46 55518.56293680299859 i 13.7929 0.0151 3.0000 14.3077 1.3799 10.5703 10.6143 10.5306
0.47714.7_1.4_46 55518.56293680299859 g 16.2429 0.0155 3.0000 14.7784 1.4174 11.0409 11.0983 11.0190
0.47714.7_1.4_46 55518.56293680299859 r 14.7251 0.0020 3.0000 14.7784 1.4174 11.0409 11.0983 11.0190
0.47714.7_1.4_46 55518.56293680299859 i 14.3067 0.0147 3.0000 14.7784 1.4174 11.0409 11.0983 11.0190
0.47715.2_1.4_46 55518.56293680299859 g 16.9118 0.0170 3.0000 15.2692 1.4843 11.5684 11.5989 11.4946
0.47715.2_1.4_46 55518.56293680299859 r 15.3435 0.0027 3.0000 15.2692 1.4843 11.5684 11.5989 11.4946
0.47715.2_1.4_46 55518.56293680299859 i 14.9160 0.0145 3.0000 15.2692 1.4843 11.5684 11.5989 11.4946
0.47715.2_1.4_46 55518.56293680299859 z 14.0557 0.0146 3.0000 15.2692 1.4843 11.5684 11.5989 11.4946
0.47715.2_1.4_46 55518.56293680299859 y 13.7924 0.0149 3.0000 15.2692 1.4843 11.5684 11.5989 11.4946
0.47715.8_1.5_46 55518.56293680299859 g 17.9036 0.0215 3.0000 15.8098 1.5888 12.1506 12.1767 12.0622
0.47715.8_1.5_46 55518.56293680299859 r 16.1938 0.0044 3.0000 15.8098 1.5888 12.1506 12.1767 12.0622
0.47715.8_1.5_46 55518.56293680299859 i 15.6659 0.0150 3.0000 15.8098 1.5888 12.1506 12.1767 12.0622
0.47715.8_1.5_46 55518.56293680299859 z 14.7777 0.0148 3.0000 15.8098 1.5888 12.1506 12.1767 12.0622
0.47715.8_1.5_46 55518.56293680299859 y 14.4422 0.0158 3.0000 15.8098 1.5888 12.1506 12.1767 12.0622
0.54413.0_1.2_46 55518.56293680299859 g 13.7329 0.0152 3.5000 13.0533 1.2244 9.0545 9.1509 9.0657
0.54413.4_1.2_46 55518.56293680299859 g 14.3912 0.0150 3.5000 13.4062 1.2968 9.4187 9.5056 9.4013
0.54413.8_1.3_46 55518.56293680299859 g 14.7764 0.0149 3.5000 13.8543 1.3102 9.8976 9.9648 9.8675
0.54414.3_1.3_46 55518.56293680299859 g 15.5305 0.0149 3.5000 14.3077 1.3799 10.3688 10.4274 10.3165
0.54414.3_1.3_46 55518.56293680299859 r 14.0252 0.0014 3.5000 14.3077 1.3799 10.3688 10.4274 10.3165
0.54414.3_1.3_46 55518.56293680299859 i 13.5796 0.0153 3.5000 14.3077 1.3799 10.3688 10.4274 10.3165
0.54414.7_1.4_46 55518.56293680299859 g 16.0270 0.0153 3.5000 14.7784 1.4174 10.8246 10.9059 10.8066
0.54414.7_1.4_46 55518.56293680299859 r 14.5163 0.0018 3.5000 14.7784 1.4174 10.8246 10.9059 10.8066
0.54414.7_1.4_46 55518.56293680299859 i 14.1516 0.0149 3.5000 14.7784 1.4174 10.8246 10.9059 10.8066
0.54415.2_1.4_46 55518.56293680299859 g 16.7400 0.0165 3.5000 15.2692 1.4843 11.3558 11.4197 11.2992
0.54415.2_1.4_46 55518.56293680299859 r 15.1424 0.0024 3.5000 15.2692 1.4843 11.3558 11.4197 11.2992
0.54415.2_1.4_46 55518.56293680299859 i 14.7262 0.0146 3.5000 15.2692 1.4843 11.3558 11.4197 11.2992
0.54415.2_1.4_46 55518.56293680299859 z 13.8667 0.0146 3.5000 15.2692 1.4843 11.3558 11.4197 11.2992
0.54415.2_1.4_46 55518.56293680299859 y 13.5904 0.0148 3.5000 15.2692 1.4843 11.3558 11.4197 11.2992
0.54415.8_1.5_46 55518.56293680299859 g 17.6304 0.0199 3.5000 15.8098 1.5888 11.9513 11.9662 11.8519
0.54415.8_1.5_46 55518.56293680299859 r 15.9481 0.0038 3.5000 15.8098 1.5888 11.9513 11.9662 11.8519
0.54415.8_1.5_46 55518.56293680299859 i 15.4212 0.0148 3.5000 15.8098 1.5888 11.9513 11.9662 11.8519
0.54415.8_1.5_46 55518.56293680299859 z 14.5573 0.0147 3.5000 15.8098 1.5888 11.9513 11.9662 11.8519
0.54415.8_1.5_46 55518.56293680299859 y 14.2688 0.0155 3.5000 15.8098 1.5888 11.9513 11.9662 11.8519
0.60213.0_1.2_46 55518.56293680299859 g 13.6187 0.0153 4.0000 13.0533 1.2244 8.8863 8.9799 8.8691
0.60213.4_1.2_46 55518.56293680299859 g 14.1102 0.0151 4.0000 13.4062 1.2968 9.2560 9.3406 9.2279
0.60213.8_1.3_46 55518.56293680299859 g 14.7852 0.0149 4.0000 13.8543 1.3102 9.7119 9.7926 9.6817
0.60214.3_1.3_46 55518.56293680299859 g 15.4123 0.0149 4.0000 14.3077 1.3799 10.1725 10.2433 10.1651
0.60214.3_1.3_46 55518.56293680299859 r 13.8481 0.0013 4.0000 14.3077 1.3799 10.1725 10.2433 10.1651
0.60214.7_1.4_46 55518.56293680299859 g 15.9258 0.0152 4.0000 14.7784 1.4174 10.6581 10.7406 10.6220
0.60214.7_1.4_46 55518.56293680299859 r 14.3702 0.0016 4.0000 14.7784 1.4174 10.6581 10.7406 10.6220
0.60214.7_1.4_46 55518.56293680299859 i 13.9882 0.0150 4.0000 14.7784 1.4174 10.6581 10.7406 10.6220
0.60215.2_1.4_46 55518.56293680299859 g 16.5780 0.0161 4.0000 15.2692 1.4843 11.1869 11.2475 11.1121
0.60215.2_1.4_46 55518.56293680299859 r 14.9880 0.0022 4.0000 15.2692 1.4843 11.1869 11.2475 11.1121
0.60215.2_1.4_46 55518.56293680299859 i 14.5513 0.0146 4.0000 15.2692 1.4843 11.1869 11.2475 11.1121
0.60215.2_1.4_46 55518.56293680299859 z 13.7072 0.0147 4.0000 15.2692 1.4843 11.1869 11.2475 11.1121
0.60215.8_1.5_46 55518.56293680299859 g 17.4763 0.0191 4.0000 15.8098 1.5888 11.7579 11.7959 11.6867
0.60215.8_1.5_46 55518.56293680299859 r 15.7465 0.0034 4.0000 15.8098 1.5888 11.7579 11.7959 11.6867
0.60215.8_1.5_46 55518.56293680299859 i 15.2692 0.0146 4.0000 15.8098 1.5888 11.7579 11.7959 11.6867
0.60215.8_1.5_46 55518.56293680299859 z 14.4067 0.0146 4.0000 15.8098 1.5888 11.7579 11.7959 11.6867
0.60215.8_1.5_46 55518.56293680299859 y 14.1156 0.0153 4.0000 15.8098 1.5888 11.7579 11.7959 11.6867
0.65313.0_1.2_46 55518.56293680299859 g 13.5387 0.0153 4.5000 13.0533 1.2244 8.7201 8.8038 8.7122
0.65313.4_1.2_46 55518.56293680299859 g 14.2143 0.0151 4.5000 13.4062 1.2968 9.0978 9.1944 9.0609
0.65313.8_1.3_46 55518.56293680299859 g 14.5718 0.0150 4.5000 13.8543 1.3102 9.5236 9.6310 9.5295
0.65314.3_1.3_46 55518.56293680299859 g 15.2007 0.0148 4.5000 14.3077 1.3799 10.0059 10.0976 10.0007
0.65314.3_1.3_46 55518.56293680299859 r 13.6669 0.0012 4.5000 14.3077 1.3799 10.0059 10.0976 10.0007
0.65314.7_1.4_46 55518.56293680299859 g 15.8711 0.0151 4.5000 14.7784 1.4174 10.4975 10.5752 10.4698
0.65314.7_1.4_46 55518.56293680299859 r 14.2733 0.0016 4.5000 14.7784 1.4174 10.4975 10.5752 10.4698
0.65314.7_1.4_46 55518.56293680299859 i 13.8283 0.0151 4.5000 14.7784 1.4174 10.4975 10.5752 10.4698
0.65315.2_1.4_46 55518.56293680299859 g 16.5638 0.0161 4.5000 15.2692 1.4843 11.0394 11.0819 10.9453
0.65315.2_1.4_46 55518.56293680299859 r 14.9024 0.0021 4.5000 15.2692 1.4843 11.0394 11.0819 10.9453
0.65315.2_1.4_46 55518.56293680299859 i 14.4455 0.0147 4.5000 15.2692 1.4843 11.0394 11.0819 10.9453
0.65315.2_1.4_46 55518.56293680299859 z 13.5782 0.0147 4.5000 15.2692 1.4843 11.0394 11.0819 10.9453
0.65315.8_1.5_46 55518.56293680299859 g 17.5919 0.0197 4.5000 15.8098 1.5888 11.6051 11.6243 11.5445
0.65315.8_1.5_46 55518.56293680299859 r 15.7865 0.0035 4.5000 15.8098 1.5888 11.6051 11.6243 11.5445
0.65315.8_1.5_46 55518.56293680299859 i 15.2075 0.0146 4.5000 15.8098 1.5888 11.6051 11.6243 11.5445
0.65315.8_1.5_46 55518.56293680299859 z 14.3201 0.0146 4.5000 15.8098 1.5888 11.6051 11.6243 11.5445
0.65315.8_1.5_46 55518.56293680299859 y 13.9825 0.0151 4.5000 15.8098 1.5888 11.6051 11.6243 11.5445
0.69813.4_1.2_46 55518.56293680299859 g 14.0257 0.0152 5.0000 13.4062 1.2968 8.9632 9.0407 8.9297
0.69813.8_1.3_46 55518.56293680299859 g 14.5476 0.0150 5.0000 13.8543 1.3102 9.4136 9.4894 9.3822
0.69814.3_1.3_46 55518.56293680299859 g 15.1971 0.0148 5.0000 14.3077 1.3799 9.8908 9.9564 9.8410
0.69814.3_1.3_46 55518.56293680299859 r 13.6137 0.0012 5.0000 14.3077 1.3799 9.8908 9.9564 9.8410
0.69814.7_1.4_46 55518.56293680299859 g 15.7671 0.0150 5.0000 14.7784 1.4174 10.3718 10.4325 10.3174
0.69814.7_1.4_46 55518.56293680299859 r 14.1547 0.0015 5.0000 14.7784 1.4174 10.3718 10.4325 10.3174
0.69814.7_1.4_46 55518.56293680299859 i 13.7596 0.0152 5.0000 14.7784 1.4174 10.3718 10.4325 10.3174
0.69815.2_1.4_46 55518.56293680299859 g 16.5152 0.0160 5.0000 15.2692 1.4843 10.8983 10.9542 10.8128
0.69815.2_1.4_46 55518.56293680299859 r 14.8203 0.0021 5.0000 15.2692 1.4843 10.8983 10.9542 10.8128
0.69815.2_1.4_46 55518.56293680299859 i 14.3927 0.0147 5.0000 15.2692 1.4843 10.8983 10.9542 10.8128
0.69815.8_1.5_46 55518.56293680299859 g 17.3131 0.0184 5.0000 15.8098 1.5888 11.4566 11.5226 11.3981
0.69815.8_1.5_46 55518.56293680299859 r 15.5676 0.0031 5.0000 15.8098 1.5888 11.4566 11.5226 11.3981
0.69815.8_1.5_46 55518.56293680299859 i 15.0855 0.0146 5.0000 15.8098 1.5888 11.4566 11.5226 11.3981
0.69815.8_1.5_46 55518.56293680299859 z 14.0598 0.0146 5.0000 15.8098 1.5888 11.4566 11.5226 11.3981
0.69815.8_1.5_46 55518.56293680299859 y 13.8958 0.0150 5.0000 15.8098 1.5888 11.4566 11.5226 11.3981
0.74013.4_1.2_46 55518.56293680299859 g 13.9638 0.0152 5.5000 13.4062 1.2968 8.8327 8.9294 8.7990
0.74013.8_1.3_46 55518.56293680299859 g 14.5484 0.0150 5.5000 13.8543 1.3102 9.2635 9.3928 9.2545
0.74014.3_1.3_46 55518.56293680299859 g 15.1446 0.0148 5.5000 14.3077 1.3799 9.7611 9.8505 9.7261
0.74014.3_1.3_46 55518.56293680299859 r 13.5174 0.0011 5.5000 14.3077 1.3799 9.7611 9.8505 9.7261
0.74014.7_1.4_46 55518.56293680299859 g 15.7986 0.0151 5.5000 14.7784 1.4174 10.2538 10.2995 10.1977
0.74014.7_1.4_46 55518.56293680299859 r 14.1287 0.0015 5.5000 14.7784 1.4174 10.2538 10.2995 10.1977
0.74014.7_1.4_46 55518.56293680299859 i 13.7367 0.0152 5.5000 14.7784 1.4174 10.2538 10.2995 10.1977
0.74015.2_1.4_46 55518.56293680299859 g 16.4942 0.0160 5.5000 15.2692 1.4843 10.7734 10.8183 10.7087
0.74015.2_1.4_46 55518.56293680299859 r 14.7819 0.0020 5.5000 15.2692 1.4843 10.7734 10.8183 10.7087
0.74015.2_1.4_46 55518.56293680299859 i 14.3111 0.0147 5.5000 15.2692 1.4843 10.7734 10.8183 10.7087
0.74015.8_1.5_46 55518.56293680299859 g 17.3850 0.0187 5.5000 15.8098 1.5888 11.3269 11.3946 11.2726
0.74015.8_1.5_46 55518.56293680299859 r 15.5434 0.0030 5.5000 15.8098 1.5888 11.3269 11.3946 11.2726
0.74015.8_1.5_46 55518.56293680299859 i 15.0128 0.0146 5.5000 15.8098 1.5888 11.3269 11.3946 11.2726
0.74015.8_1.5_46 55518.56293680299859 z 14.0621 0.0146 5.5000 15.8098 1.5888 11.3269 11.3946 11.2726
0.74015.8_1.5_46 55518.56293680299859 y 13.7623 0.0149 5.5000 15.8098 1.5888 11.3269 11.3946 11.2726
0.77813.4_1.2_46 55518.56293680299859 g 13.9689 0.0152 6.0000 13.4062 1.2968 8.7193 8.8288 8.6999
0.77813.8_1.3_46 55518.56293680299859 g 14.3821 0.0150 6.0000 13.8543 1.3102 9.1759 9.2785 9.1480
0.77814.3_1.3_46 55518.56293680299859 g 15.1027 0.0148 6.0000 14.3077 1.3799 9.6462 9.7254 9.6182
0.77814.7_1.4_46 55518.56293680299859 g 15.7288 0.0150 6.0000 14.7784 1.4174 10.1319 10.2062 10.0840
0.77814.7_1.4_46 55518.56293680299859 r 14.0199 0.0014 6.0000 14.7784 1.4174 10.1319 10.2062 10.0840
0.77814.7_1.4_46 55518.56293680299859 i 13.6147 0.0153 6.0000 14.7784 1.4174 10.1319 10.2062 10.0840
0.77815.2_1.4_46 55518.56293680299859 g 16.3722 0.0157 6.0000 15.2692 1.4843 10.6508 10.6967 10.5962
0.77815.2_1.4_46 55518.56293680299859 r 14.6357 0.0019 6.0000 15.2692 1.4843 10.6508 10.6967 10.5962
0.77815.2_1.4_46 55518.56293680299859 i 14.1548 0.0149 6.0000 15.2692 1.4843 10.6508 10.6967 10.5962
0.77815.8_1.5_46 55518.56293680299859 g 17.2892 0.0183 6.0000 15.8098 1.5888 11.2331 11.2690 11.1484
0.77815.8_1.5_46 55518.56293680299859 r 15.4437 0.0029 6.0000 15.8098 1.5888 11.2331 11.2690 11.1484
0.77815.8_1.5_46 55518.56293680299859 i 14.8892 0.0145 6.0000 15.8098 1.5888 11.2331 11.2690 11.1484
0.77815.8_1.5_46 55518.56293680299859 z 13.9721 0.0146 6.0000 15.8098 1.5888 11.2331 11.2690 11.1484
0.77815.8_1.5_46 55518.56293680299859 y 13.6870 0.0149 6.0000 15.8098 1.5888 11.2331 11.2690 11.1484
0.81213.4_1.2_46 55518.56293680299859 g 13.8822 0.0152 6.5000 13.4062 1.2968 8.6001 8.7041 8.5792
0.81213.8_1.3_46 55518.56293680299859 g 14.3002 0.0151 6.5000 13.8543 1.3102 9.0533 9.1685 9.0278
0.81214.3_1.3_46 55518.56293680299859 g 14.9887 0.0149 6.5000 14.3077 1.3799 9.5197 9.6362 9.5125
0.81214.7_1.4_46 55518.56293680299859 g 15.6784 0.0150 6.5000 14.7784 1.4174 10.0253 10.1143 9.9930
0.81214.7_1.4_46 55518.56293680299859 r 13.9813 0.0014 6.5000 14.7784 1.4174 10.0253 10.1143 9.9930
0.81214.7_1.4_46 55518.56293680299859 i 13.5654 0.0154 6.5000 14.7784 1.4174 10.0253 10.1143 9.9930
0.81215.2_1.4_46 55518.56293680299859 g 16.3490 0.0157 6.5000 15.2692 1.4843 10.5446 10.6100 10.4808
0.81215.2_1.4_46 55518.56293680299859 r 14.5849 0.0018 6.5000 15.2692 1.4843 10.5446 10.6100 10.4808
0.81215.2_1.4_46 55518.56293680299859 i 14.1191 0.0149 6.5000 15.2692 1.4843 10.5446 10.6100 10.4808
0.81215.8_1.5_46 55518.56293680299859 g 17.2549 0.0182 6.5000 15.8098 1.5888 11.1461 11.1560 11.0265
0.81215.8_1.5_46 55518.56293680299859 r 15.3955 0.0028 6.5000 15.8098 1.5888 11.1461 11.1560 11.0265
0.81215.8_1.5_46 55518.56293680299859 i 14.8394 0.0145 6.5000 15.8098 1.5888 11.1461 11.1560 11.0265
0.81215.8_1.5_46 55518.56293680299859 z 13.9313 0.0146 6.5000 15.8098 1.5888 11.1461 11.1560 11.0265
0.81215.8_1.5_46 55518.56293680299859 y 13.5776 0.0148 6.5000 15.8098 1.5888 11.1461 11.1560 11.0265
0.84513.4_1.2_46 55518.56293680299859 g 13.7991 0.0152 7.0000 13.4062 1.2968 8.5140 8.5978 8.4917
0.84513.8_1.3_46 55518.56293680299859 g 14.2984 0.0151 7.0000 13.8543 1.3102 8.9562 9.0650 8.9336
0.84514.3_1.3_46 55518.56293680299859 g 14.8941 0.0149 7.0000 14.3077 1.3799 9.4200 9.5280 9.4044
0.84514.7_1.4_46 55518.56293680299859 g 15.5865 0.0149 7.0000 14.7784 1.4174 9.9372 10.0076 9.8822
0.84514.7_1.4_46 55518.56293680299859 r 13.8730 0.0013 7.0000 14.7784 1.4174 9.9372 10.0076 9.8822
0.84515.2_1.4_46 55518.56293680299859 g 16.2147 0.0155 7.0000 15.2692 1.4843 10.4272 10.5157 10.3923
0.84515.2_1.4_46 55518.56293680299859 r 14.4527 0.0017 7.0000 15.2692 1.4843 10.4272 10.5157 10.3923
0.84515.2_1.4_46 55518.56293680299859 i 14.0815 0.0149 7.0000 15.2692 1.4843 10.4272 10.5157 10.3923
0.84515.8_1.5_46 55518.56293680299859 g 17.1021 0.0176 7.0000 15.8098 1.5888 11.0195 11.0716 10.9332
0.84515.8_1.5_46 55518.56293680299859 r 15.2319 0.0026 7.0000 15.8098 1.5888 11.0195 11.0716 10.9332
0.84515.8_1.5_46 55518.56293680299859 i 14.7538 0.0146 7.0000 15.8098 1.5888 11.0195 11.0716 10.9332
0.84515.8_1.5_46 55518.56293680299859 z 13.8055 0.0146 7.0000 15.8098 1.5888 11.0195 11.0716 10.9332
0.87513.4_1.2_46 55518.56293680299859 g 13.8187 0.0152 7.5000 13.4062 1.2968 8.3966 8.5188 8.4026
0.87513.8_1.3_46 55518.56293680299859 g 14.3228 0.0150 7.5000 13.8543 1.3102 8.8674 8.9740 8.8544
0.87514.3_1.3_46 55518.56293680299859 g 14.9565 0.0149 7.5000 14.3077 1.3799 9.3446 9.4397 9.3216
0.87514.7_1.4_46 55518.56293680299859 g 15.5430 0.0149 7.5000 14.7784 1.4174 9.8341 9.9017 9.7923
0.87514.7_1.4_46 55518.56293680299859 r 13.8084 0.0013 7.5000 14.7784 1.4174 9.8341 9.9017 9.7923
0.87515.2_1.4_46 55518.56293680299859 g 16.2334 0.0155 7.5000 15.2692 1.4843 10.3543 10.4016 10.2678
0.87515.2_1.4_46 55518.56293680299859 r 14.4375 0.0017 7.5000 15.2692 1.4843 10.3543 10.4016 10.2678
0.87515.2_1.4_46 55518.56293680299859 i 13.9838 0.0150 7.5000 15.2692 1.4843 10.3543 10.4016 10.2678
0.87515.8_1.5_46 55518.56293680299859 g 17.2239 0.0180 7.5000 15.8098 1.5888 10.9219 10.9949 10.8573
0.87515.8_1.5_46 55518.56293680299859 r 15.2799 0.0026 7.5000 15.8098 1.5888 10.9219 10.9949 10.8573
0.87515.8_1.5_46 55518.56293680299859 i 14.7401 0.0146 7.5000 15.8098 1.5888 10.9219 10.9949 10.8573
0.87515.8_1.5_46 55518.56293680299859 z 13.7912 0.0146 7.5000 15.8098 1.5888 10.9219 10.9949 10.8573
0.90313.4_1.2_46 55518.56293680299859 g 13.7584 0.0152 8.0000 13.4062 1.2968 8.3300 8.4201 8.3224
0.90313.8_1.3_46 55518.56293680299859 g 14.1913 0.0151 8.0000 13.8543 1.3102 8.7806 8.9010 8.7584
0.90314.3_1.3_46 55518.56293680299859 g 14.9758 0.0149 8.0000 14.3077 1.3799 9.2625 9.3659 9.2353
0.90314.7_1.4_46 55518.56293680299859 g 15.5347 0.0149 8.0000 14.7784 1.4174 9.7537 9.8258 9.7069
0.90314.7_1.4_46 55518.56293680299859 r 13.7545 0.0013 8.0000 14.7784 1.4174 9.7537 9.8258 9.7069
0.90315.2_1.4_46 55518.56293680299859 g 16.1350 0.0154 8.0000 15.2692 1.4843 10.2671 10.3339 10.1878
0.90315.2_1.4_46 55518.56293680299859 r 14.3430 0.0016 8.0000 15.2692 1.4843 10.2671 10.3339 10.1878
0.90315.2_1.4_46 55518.56293680299859 i 13.9513 0.0150 8.0000 15.2692 1.4843 10.2671 10.3339 10.1878
0.90315.8_1.5_46 55518.56293680299859 g 17.1303 0.0177 8.0000 15.8098 1.5888 10.8626 10.9110 10.7609
0.90315.8_1.5_46 55518.56293680299859 r 15.1952 0.0025 8.0000 15.8098 1.5888 10.8626 10.9110 10.7609
0.90315.8_1.5_46 55518.56293680299859 i 14.6456 0.0146 8.0000 15.8098 1.5888 10.8626 10.9110 10.7609
0.90315.8_1.5_46 55518.56293680299859 z 13.7426 0.0146 8.0000 15.8098 1.5888 10.8626 10.9110 10.7609
0.92913.4_1.2_46 55518.56293680299859 g 13.5434 0.0153 8.5000 13.4062 1.2968 8.2536 8.3549 8.2371
0.92913.8_1.3_46 55518.56293680299859 g 14.0743 0.0151 8.5000 13.8543 1.3102 8.6911 8.8246 8.6738
0.92914.3_1.3_46 55518.56293680299859 g 14.7757 0.0149 8.5000 14.3077 1.3799 9.1704 9.2693 9.1560
0.92914.7_1.4_46 55518.56293680299859 g 15.4385 0.0149 8.5000 14.7784 1.4174 9.6610 9.7435 9.6218
0.92914.7_1.4_46 55518.56293680299859 r 13.6607 0.0012 8.5000 14.7784 1.4174 9.6610 9.7435 9.6218
0.92915.2_1.4_46 55518.56293680299859 g 16.1070 0.0154 8.5000 15.2692 1.4843 10.1796 10.2540 10.1272
0.92915.2_1.4_46 55518.56293680299859 r 14.2915 0.0016 8.5000 15.2692 1.4843 10.1796 10.2540 10.1272
0.92915.2_1.4_46 55518.56293680299859 i 13.7845 0.0152 8.5000 15.2692 1.4843 10.1796 10.2540 10.1272
0.92915.8_1.5_46 55518.56293680299859 g 17.0348 0.0174 8.5000 15.8098 1.5888 10.7576 10.8059 10.6935
0.92915.8_1.5_46 55518.56293680299859 r 15.1176 0.0024 8.5000 15.8098 1.5888 10.7576 10.8059 10.6935
0.92915.8_1.5_46 55518.56293680299859 i 14.5722 0.0146 8.5000 15.8098 1.5888 10.7576 10.8059 10.6935
0.92915.8_1.5_46 55518.56293680299859 z 13.6540 0.0147 8.5000 15.8098 1.5888 10.7576 10.8059 10.6935
0.95413.4_1.2_46 55518.56293680299859 g 13.5619 0.0153 9.0000 13.4062 1.2968 8.1595 8.2785 8.1618
0.95413.8_1.3_46 55518.56293680299859 g 14.0642 0.0151 9.0000 13.8543 1.3102 8.6325 8.7654 8.5983
0.95414.3_1.3_46 55518.56293680299859 g 14.7154 0.0149 9.0000 14.3077 1.3799 9.1073 9.2178 9.0806
0.95414.7_1.4_46 55518.56293680299859 g 15.2686 0.0148 9.0000 14.7784 1.4174 9.5743 9.6664 9.5361
0.95414.7_1.4_46 55518.56293680299859 r 13.5539 0.0012 9.0000 14.7784 1.4174 9.5743 9.6664 9.5361
0.95415.2_1.4_46 55518.56293680299859 g 16.1602 0.0154 9.0000 15.2692 1.4843 10.0947 10.1859 10.0444
0.95415.2_1.4_46 55518.56293680299859 r 14.2878 0.0016 9.0000 15.2692 1.4843 10.0947 10.1859 10.0444
0.95415.2_1.4_46 55518.56293680299859 i 13.8153 0.0151 9.0000 15.2692 1.4843 10.0947 10.1859 10.0444
0.95415.8_1.5_46 55518.56293680299859 g 16.9841 0.0172 9.0000 15.8098 1.5888 10.6894 10.7355 10.5894
0.95415.8_1.5_46 55518.56293680299859 r 15.0475 0.0023 9.0000 15.8098 1.5888 10.6894 10.7355 10.5894
0.95415.8_1.5_46 55518.56293680299859 i 14.4947 0.0146 9.0000 15.8098 1.5888 10.6894 10.7355 10.5894
0.95415.8_1.5_46 55518.56293680299859 z 13.6026 0.0147 9.0000 15.8098 1.5888 10.6894 10.7355 10.5894
0.97713.4_1.2_46 55518.56293680299859 g 13.6863 0.0152 9.5000 13.4062 1.2968 8.1115 8.2247 8.0998
0.97713.8_1.3_46 55518.56293680299859 g 14.2773 0.0151 9.5000 13.8543 1.3102 8.5569 8.6768 8.5393
0.97714.3_1.3_46 55518.56293680299859 g 14.6288 0.0149 9.5000 14.3077 1.3799 9.0237 9.1160 9.0103
0.97714.7_1.4_46 55518.56293680299859 g 15.2980 0.0149 9.5000 14.7784 1.4174 9.5185 9.6149 9.4589
0.97714.7_1.4_46 55518.56293680299859 r 13.5350 0.0011 9.5000 14.7784 1.4174 9.5185 9.6149 9.4589
0.97715.2_1.4_46 55518.56293680299859 g 15.9990 0.0152 9.5000 15.2692 1.4843 10.0285 10.1289 9.9517
0.97715.2_1.4_46 55518.56293680299859 r 14.1774 0.0015 9.5000 15.2692 1.4843 10.0285 10.1289 9.9517
0.97715.2_1.4_46 55518.56293680299859 i 13.7444 0.0152 9.5000 15.2692 1.4843 10.0285 10.1289 9.9517
0.97715.8_1.5_46 55518.56293680299859 g 16.9156 0.0170 9.5000 15.8098 1.5888 10.6139 10.6859 10.5216
0.97715.8_1.5_46 55518.56293680299859 r 14.9909 0.0022 9.5000 15.8098 1.5888 10.6139 10.6859 10.5216
0.97715.8_1.5_46 55518.56293680299859 i 14.4532 0.0147 9.5000 15.8098 1.5888 10.6139 10.6859 10.5216
0.97715.8_1.5_46 55518.56293680299859 z 13.5083 0.0147 9.5000 15.8098 1.5888 10.6139 10.6859 10.5216
1.04113.8_1.3_46 55518.56293680299859 g 13.6265 0.0153 11.0000 13.8543 1.3102 8.3363 8.4733 8.3399
1.04114.3_1.3_46 55518.56293680299859 g 14.5809 0.0149 11.0000 14.3077 1.3799 8.8450 8.9437 8.8107
1.04114.7_1.4_46 55518.56293680299859 g 15.0478 0.0148 11.0000 14.7784 1.4174 9.3395 9.4221 9.2773
1.04115.2_1.4_46 55518.56293680299859 g 15.7851 0.0151 11.0000 15.2692 1.4843 9.8473 9.9273 9.7939
1.04115.2_1.4_46 55518.56293680299859 r 13.9934 0.0014 11.0000 15.2692 1.4843 9.8473 9.9273 9.7939
1.04115.2_1.4_46 55518.56293680299859 i 13.6484 0.0153 11.0000 15.2692 1.4843 9.8473 9.9273 9.7939
1.04115.8_1.5_46 55518.56293680299859 g 16.4947 0.0160 11.0000 15.8098 1.5888 10.4224 10.4774 10.3234
1.04115.8_1.5_46 55518.56293680299859 r 14.6719 0.0019 11.0000 15.8098 1.5888 10.4224 10.4774 10.3234
1.04115.8_1.5_46 55518.56293680299859 i 14.2082 0.0148 11.0000 15.8098 1.5888 10.4224 10.4774 10.3234
1.06013.8_1.3_46 55518.56293680299859 g 13.7257 0.0152 11.5000 13.8543 1.3102 8.3103 8.4230 8.2728
1.06014.3_1.3_46 55518.56293680299859 g 14.3420 0.0150 11.5000 14.3077 1.3799 8.7695 8.8679 8.7377
1.06014.7_1.4_46 55518.56293680299859 g 14.9063 0.0149 11.5000 14.7784 1.4174 9.2585 9.3510 9.2294
1.06015.2_1.4_46 55518.56293680299859 g 15.5957 0.0149 11.5000 15.2692 1.4843 9.7559 9.8743 9.7080
1.06015.2_1.4_46 55518.56293680299859 r 13.8620 0.0013 11.5000 15.2692 1.4843 9.7559 9.8743 9.7080
1.06015.8_1.5_46 55518.56293680299859 g 16.5387 0.0161 11.5000 15.8098 1.5888 10.3469 10.4301 10.2859
1.06015.8_1.5_46 55518.56293680299859 r 14.6908 0.0019 11.5000 15.8098 1.5888 10.3469 10.4301 10.2859
1.06015.8_1.5_46 55518.56293680299859 i 14.2442 0.0148 11.5000 15.8098 1.5888 10.3469 10.4301 10.2859
1.07913.8_1.3_46 55518.56293680299859 g 13.6746 0.0152 12.0000 13.8543 1.3102 8.2418 8.3689 8.2176
1.07914.3_1.3_46 55518.56293680299859 g 14.3693 0.0150 12.0000 14.3077 1.3799 8.7157 8.8352 8.6808
1.07914.7_1.4_46 55518.56293680299859 g 14.8345 0.0149 12.0000 14.7784 1.4174 9.1984 9.3045 9.1626
1.07915.2_1.4_46 55518.56293680299859 g 15.6943 0.0150 12.0000 15.2692 1.4843 9.7027 9.8267 9.6449
1.07915.2_1.4_46 55518.56293680299859 r 13.9084 0.0013 12.0000 15.2692 1.4843 9.7027 9.8267 9.6449
1.07915.2_1.4_46 55518.56293680299859 i 13.5259 0.0154 12.0000 15.2692 1.4843 9.7027 9.8267 9.6449
1.07915.8_1.5_46 55518.56293680299859 g 16.6134 0.0162 12.0000 15.8098 1.5888 10.3072 10.3772 10.2180
1.07915.8_1.5_46 55518.56293680299859 r 14.7253 0.0020 12.0000 15.8098 1.5888 10.3072 10.3772 10.2180
1.07915.8_1.5_46 55518.56293680299859 i 14.2685 0.0148 12.0000 15.8098 1.5888 10.3072 10.3772 10.2180
1.09613.8_1.3_46 55518.56293680299859 g 13.5128 0.0153 12.5000 13.8543 1.3102 8.1722 8.3275 8.1774
1.09614.3_1.3_46 55518.56293680299859 g 14.2546 0.0151 12.5000 14.3077 1.3799 8.6732 8.7688 8.6209
1.09614.7_1.4_46 55518.56293680299859 g 14.9542 0.0149 12.5000 14.7784 1.4174 9.1581 9.2632 9.0970
1.09615.2_1.4_46 55518.56293680299859 g 15.7362 0.0150 12.5000 15.2692 1.4843 9.6632 9.7701 9.6059
1.09615.2_1.4_46 55518.56293680299859 r 13.9161 0.0013 12.5000 15.2692 1.4843 9.6632 9.7701 9.6059
1.09615.2_1.4_46 55518.56293680299859 i 13.5217 0.0154 12.5000 15.2692 1.4843 9.6632 9.7701 9.6059
1.09615.8_1.5_46 55518.56293680299859 g 16.5437 0.0161 12.5000 15.8098 1.5888 10.2601 10.3213 10.1710
1.09615.8_1.5_46 55518.56293680299859 r 14.6232 0.0019 12.5000 15.8098 1.5888 10.2601 10.3213 10.1710
1.09615.8_1.5_46 55518.56293680299859 i 14.2371 0.0148 12.5000 15.8098 1.5888 10.2601 10.3213 10.1710
1.11313.8_1.3_46 55518.56293680299859 g 13.6965 0.0152 13.0000 13.8543 1.3102 8.1255 8.2831 8.1057
1.11314.3_1.3_46 55518.56293680299859 g 14.2561 0.0151 13.0000 14.3077 1.3799 8.6220 8.7287 8.6087
1.11314.7_1.4_46 55518.56293680299859 g 14.6413 0.0149 13.0000 14.7784 1.4174 9.1089 9.1897 9.0551
1.11315.2_1.4_46 55518.56293680299859 g 15.6789 0.0150 13.0000 15.2692 1.4843 9.6196 9.7024 9.5342
1.11315.2_1.4_46 55518.56293680299859 r 13.8723 0.0013 13.0000 15.2692 1.4843 9.6196 9.7024 9.5342
1.11315.2_1.4_46 55518.56293680299859 i 13.5132 0.0154 13.0000 15.2692 1.4843 9.6196 9.7024 9.5342
1.11315.8_1.5_46 55518.56293680299859 g 16.4943 0.0160 13.0000 15.8098 1.5888 10.1961 10.2708 10.1126
1.11315.8_1.5_46 55518.56293680299859 r 14.6102 0.0018 13.0000 15.8098 1.5888 10.1961 10.2708 10.1126
1.11315.8_1.5_46 55518.56293680299859 i 14.1537 0.0149 13.0000 15.8098 1.5888 10.1961 10.2708 10.1126
1.13013.8_1.3_46 55518.56293680299859 g 13.5908 0.0153 13.5000 13.8543 1.3102 8.0915 8.2050 8.0719
1.13014.3_1.3_46 55518.56293680299859 g 14.1748 0.0151 13.5000 14.3077 1.3799 8.5478 8.6908 8.5269
1.13014.7_1.4_46 55518.56293680299859 g 14.6206 0.0149 13.5000 14.7784 1.4174 9.0484 9.1502 8.9888
1.13015.2_1.4_46 55518.56293680299859 g 15.2583 0.0148 13.5000 15.2692 1.4843 9.5531 9.6480 9.5085
1.13015.2_1.4_46 55518.56293680299859 r 13.5593 0.0012 13.5000 15.2692 1.4843 9.5531 9.6480 9.5085
1.13015.8_1.5_46 55518.56293680299859 g 16.3807 0.0158 13.5000 15.8098 1.5888 10.1399 10.2089 10.0581
1.13015.8_1.5_46 55518.56293680299859 r 14.5126 0.0018 13.5000 15.8098 1.5888 10.1399 10.2089 10.0581
1.13015.8_1.5_46 55518.56293680299859 i 14.0870 0.0149 13.5000 15.8098 1.5888 10.1399 10.2089 10.0581
1.14614.3_1.3_46 55518.56293680299859 g 13.9114 0.0152 14.0000 14.3077 1.3799 8.5426 8.6286 8.4759
1.14614.7_1.4_46 55518.56293680299859 g 14.4535 0.0150 14.0000 14.7784 1.4174 8.9984 9.1094 8.9613
1.14615.2_1.4_46 55518.56293680299859 g 15.1187 0.0148 14.0000 15.2692 1.4843 9.5124 9.6153 9.4630
1.14615.8_1.5_46 55518.56293680299859 g 16.4379 0.0159 14.0000 15.8098 1.5888 10.1062 10.1682 10.0256
1.14615.8_1.5_46 55518.56293680299859 r 14.4800 0.0017 14.0000 15.8098 1.5888 10.1062 10.1682 10.0256
1.14615.8_1.5_46 55518.56293680299859 i 14.0338 0.0149 14.0000 15.8098 1.5888 10.1062 10.1682 10.0256
1.16114.3_1.3_46 55518.56293680299859 g 13.8201 0.0152 14.5000 14.3077 1.3799 8.4588 8.5861 8.4553
1.16114.7_1.4_46 55518.56293680299859 g 14.5595 0.0150 14.5000 14.7784 1.4174 8.9527 9.0643 8.9044
1.16115.2_1.4_46 55518.56293680299859 g 15.4424 0.0149 14.5000 15.2692 1.4843 9.4647 9.5610 9.4096
1.16115.2_1.4_46 55518.56293680299859 r 13.6294 0.0012 14.5000 15.2692 1.4843 9.4647 9.5610 9.4096
1.16115.8_1.5_46 55518.56293680299859 g 15.8488 0.0151 14.5000 15.8098 1.5888 10.0502 10.1185 9.9764
1.16115.8_1.5_46 55518.56293680299859 r 14.1818 0.0015 14.5000 15.8098 1.5888 10.0502 10.1185 9.9764
1.16115.8_1.5_46 55518.56293680299859 i 13.9610 0.0150 14.5000 15.8098 1.5888 10.0502 10.1185 9.9764
1.17614.3_1.3_46 55518.56293680299859 g 13.9574 0.0152 15.0000 14.3077 1.3799 8.4312 8.5308 8.3950
1.17614.7_1.4_46 55518.56293680299859 g 14.5414 0.0150 15.0000 14.7784 1.4174 8.9235 9.0012 8.8588
1.17615.2_1.4_46 55518.56293680299859 g 15.1534 0.0148 15.0000 15.2692 1.4843 9.4274 9.5281 9.3781
1.17615.8_1.5_46 55518.56293680299859 g 15.7797 0.0151 15.0000 15.8098 1.5888 9.9994 10.0807 9.9246
1.17615.8_1.5_46 55518.56293680299859 r 14.1107 0.0015 15.0000 15.8098 1.5888 9.9994 10.0807 9.9246
1.17615.8_1.5_46 55518.56293680299859 i 13.8147 0.0151 15.0000 15.8098 1.5888 9.9994 10.0807 9.9246
1.19014.3_1.3_46 55518.56293680299859 g 13.8806 0.0152 15.5000 14.3077 1.3799 8.4079 8.5071 8.3577
1.19014.7_1.4_46 55518.56293680299859 g 14.5528 0.0150 15.5000 14.7784 1.4174 8.8593 8.9762 8.8109
1.19015.2_1.4_46 55518.56293680299859 g 15.6051 0.0149 15.5000 15.2692 1.4843 9.3827 9.4920 9.3114
1.19015.2_1.4_46 55518.56293680299859 r 13.6784 0.0012 15.5000 15.2692 1.4843 9.3827 9.4920 9.3114
1.19015.8_1.5_46 55518.56293680299859 g 16.0747 0.0153 15.5000 15.8098 1.5888 9.9642 10.0366 9.8682
1.19015.8_1.5_46 55518.56293680299859 r 14.2520 0.0016 15.5000 15.8098 1.5888 9.9642 10.0366 9.8682
1.19015.8_1.5_46 55518.56293680299859 i 13.8951 0.0151 15.5000 15.8098 1.5888 9.9642 10.0366 9.8682
1.20414.3_1.3_46 55518.56293680299859 g 14.1625 0.0151 16.0000 14.3077 1.3799 8.3430 8.4639 8.2977
1.20414.7_1.4_46 55518.56293680299859 g 14.2734 0.0151 16.0000 14.7784 1.4174 8.8169 8.9240 8.7748
1.20415.2_1.4_46 55518.56293680299859 g 15.1740 0.0148 16.0000 15.2692 1.4843 9.3299 9.4291 9.2631
1.20415.8_1.5_46 55518.56293680299859 g 15.9225 0.0152 16.0000 15.8098 1.5888 9.9271 10.0030 9.8369
1.20415.8_1.5_46 55518.56293680299859 r 14.1434 0.0015 16.0000 15.8098 1.5888 9.9271 10.0030 9.8369
1.20415.8_1.5_46 55518.56293680299859 i 13.8066 0.0151 16.0000 15.8098 1.5888 9.9271 10.0030 9.8369
1.21714.3_1.3_46 55518.56293680299859 g 13.5555 0.0153 16.5000 14.3077 1.3799 8.3026 8.3993 8.2489
1.21714.7_1.4_46 55518.56293680299859 g 14.5135 0.0150 16.5000 14.7784 1.4174 8.7748 8.9025 8.7273
1.21715.2_1.4_46 55518.56293680299859 g 15.0778 0.0148 16.5000 15.2692 1.4843 9.3027 9.3919 9.2275
1.21715.8_1.5_46 55518.56293680299859 g 15.7028 0.0150 16.5000 15.8098 1.5888 9.8714 9.9580 9.7950
1.21715.8_1.5_46 55518.56293680299859 r 13.9981 0.0014 16.5000 15.8098 1.5888 9.8714 9.9580 9.7950
1.21715.8_1.5_46 55518.56293680299859 i 13.6949 0.0152 16.5000 15.8098 1.5888 9.8714 9.9580 9.7950
1.23014.3_1.3_46 55518.56293680299859 g 13.6703 0.0152 17.0000 14.3077 1.3799 8.2619 8.3956 8.2145
1.23014.7_1.4_46 55518.56293680299859 g 14.3406 0.0150 17.0000 14.7784 1.4174 8.7579 8.8492 8.6968
1.23015.2_1.4_46 55518.56293680299859 g 14.9095 0.0149 17.0000 15.2692 1.4843 9.2429 9.3622 9.2142
1.23015.8_1.5_46 55518.56293680299859 g 15.6300 0.0150 17.0000 15.8098 1.5888 9.8228 9.9214 9.7616
1.23015.8_1.5_46 55518.56293680299859 r 13.9585 0.0014 17.0000 15.8098 1.5888 9.8228 9.9214 9.7616
1.23015.8_1.5_46 55518.56293680299859 i 13.7219 0.0152 17.0000 15.8098 1.5888 9.8228 9.9214 9.7616
1.24314.3_1.3_46 55518.56293680299859 g 13.8282 0.0152 17.5000 14.3077 1.3799 8.2201 8.3093 8.1848
1.24314.7_1.4_46 55518.56293680299859 g 14.4405 0.0150 17.5000 14.7784 1.4174 8.7103 8.8162 8.6580
1.24315.2_1.4_46 55518.56293680299859 g 15.1603 0.0148 17.5000 15.2692 1.4843 9.2155 9.3458 9.1738
1.24315.8_1.5_46 55518.56293680299859 g 16.0492 0.0153 17.5000 15.8098 1.5888 9.7957 9.8822 9.7404
1.24315.8_1.5_46 55518.56293680299859 r 14.1729 0.0015 17.5000 15.8098 1.5888 9.7957 9.8822 9.7404
1.24315.8_1.5_46 55518.56293680299859 i 13.8234 0.0151 17.5000 15.8098 1.5888 9.7957 9.8822 9.7404
1.25514.3_1.3_46 55518.56293680299859 g 13.7475 0.0152 18.0000 14.3077 1.3799 8.1831 8.2979 8.1371
1.25514.7_1.4_46 55518.56293680299859 g 14.5389 0.0150 18.0000 14.7784 1.4174 8.6749 8.7848 8.6278
1.25515.2_1.4_46 55518.56293680299859 g 15.2701 0.0148 18.0000 15.2692 1.4843 9.1741 9.2897 9.1130
1.25515.8_1.5_46 55518.56293680299859 g 15.9422 0.0152 18.0000 15.8098 1.5888 9.7707 9.8588 9.6838
1.25515.8_1.5_46 55518.56293680299859 r 14.0961 0.0015 18.0000 15.8098 1.5888 9.7707 9.8588 9.6838
1.25515.8_1.5_46 55518.56293680299859 i 13.6874 0.0152 18.0000 15.8098 1.5888 9.7707 9.8588 9.6838
1.26714.3_1.3_46 55518.56293680299859 g 13.9368 0.0152 18.5000 14.3077 1.3799 8.1413 8.2525 8.1014
1.26714.7_1.4_46 55518.56293680299859 g 14.4487 0.0150 18.5000 14.7784 1.4174 8.6227 8.7439 8.5827
1.26715.2_1.4_46 55518.56293680299859 g 15.1373 0.0148 18.5000 15.2692 1.4843 9.1547 9.2497 9.1031
1.26715.8_1.5_46 55518.56293680299859 g 16.2774 0.0156 18.5000 15.8098 1.5888 9.7224 9.8193 9.6187
1.26715.8_1.5_46 55518.56293680299859 r 14.2825 0.0016 18.5000 15.8098 1.5888 9.7224 9.8193 9.6187
1.26715.8_1.5_46 55518.56293680299859 i 13.9002 0.0151 18.5000 15.8098 1.5888 9.7224 9.8193 9.6187
1.27814.3_1.3_46 55518.56293680299859 g 13.6531 0.0153 19.0000 14.3077 1.3799 8.1125 8.2392 8.0712
1.27814.7_1.4_46 55518.56293680299859 g 14.2862 0.0151 19.0000 14.7784 1.4174 8.5874 8.7221 8.5350
1.27815.2_1.4_46 55518.56293680299859 g 15.0249 0.0148 19.0000 15.2692 1.4843 9.1082 9.2151 9.0549
1.27815.8_1.5_46 55518.56293680299859 g 15.9009 0.0151 19.0000 15.8098 1.5888 9.6778 9.7618 9.6086
1.27815.8_1.5_46 55518.56293680299859 r 14.0511 0.0014 19.0000 15.8098 1.5888 9.6778 9.7618 9.6086
1.27815.8_1.5_46 55518.56293680299859 i 13.7070 0.0152 19.0000 15.8098 1.5888 9.6778 9.7618 9.6086
1.29014.3_1.3_46 55518.56293680299859 g 13.8986 0.0152 19.5000 14.3077 1.3799 8.0854 8.1928 8.0452
1.29014.7_1.4_46 55518.56293680299859 g 14.7142 0.0149 19.5000 14.7784 1.4174 8.5759 8.6924 8.5155
1.29015.2_1.4_46 55518.56293680299859 g 14.9832 0.0149 19.5000 15.2692 1.4843 9.0618 9.1875 8.9954
1.29015.8_1.5_46 55518.56293680299859 g 15.6667 0.0150 19.5000 15.8098 1.5888 9.6542 9.7597 9.5721
1.29015.8_1.5_46 55518.56293680299859 r 13.9094 0.0013 19.5000 15.8098 1.5888 9.6542 9.7597 9.5721
1.29015.8_1.5_46 55518.56293680299859 i 13.5477 0.0154 19.5000 15.8098 1.5888 9.6542 9.7597 9.5721
1.30114.3_1.3_46 55518.56293680299859 g 13.5758 0.0153 20.0000 14.3077 1.3799 8.0376 8.1763 8.0002
1.30114.7_1.4_46 55518.56293680299859 g 14.4997 0.0150 20.0000 14.7784 1.4174 8.5164 8.6484 8.4716
1.30115.2_1.4_46 55518.56293680299859 g 15.0545 0.0148 20.0000 15.2692 1.4843 9.0374 9.1710 8.9762
1.30115.8_1.5_46 55518.56293680299859 g 15.7996 0.0151 20.0000 15.8098 1.5888 9.6159 9.7225 9.5427
1.30115.8_1.5_46 55518.56293680299859 r 13.9626 0.0014 20.0000 15.8098 1.5888 9.6159 9.7225 9.5427
1.30115.8_1.5_46 55518.56293680299859 i 13.6190 0.0153 20.0000 15.8098 1.5888 9.6159 9.7225 9.5427
1.31114.3_1.3_46 55518.56293680299859 g 13.6439 0.0153 20.5000 14.3077 1.3799 8.0097 8.1407 7.9652
1.31114.7_1.4_46 55518.56293680299859 g 14.2224 0.0151 20.5000 14.7784 1.4174 8.5012 8.6042 8.4463
1.31115.2_1.4_46 55518.56293680299859 g 14.7451 0.0149 20.5000 15.2692 1.4843 9.0262 9.1111 8.9614
1.31115.8_1.5_46 55518.56293680299859 g 16.1052 0.0154 20.5000 15.8098 1.5888 9.5887 9.6883 9.5095
1.31115.8_1.5_46 55518.56293680299859 r 14.1184 0.0015 20.5000 15.8098 1.5888 9.5887 9.6883 9.5095
1.31115.8_1.5_46 55518.56293680299859 i 13.6259 0.0153 20.5000 15.8098 1.5888 9.5887 9.6883 9.5095
1.32214.3_1.3_46 55518.56293680299859 g 13.7708 0.0152 21.0000 14.3077 1.3799 7.9746 8.1073 7.9520
1.32214.7_1.4_46 55518.56293680299859 g 14.4201 0.0150 21.0000 14.7784 1.4174 8.4715 8.5873 8.4128
1.32215.2_1.4_46 55518.56293680299859 g 14.7585 0.0149 21.0000 15.2692 1.4843 8.9699 9.0657 8.9360
1.32215.8_1.5_46 55518.56293680299859 g 15.9607 0.0152 21.0000 15.8098 1.5888 9.5454 9.6645 9.4840
1.32215.8_1.5_46 55518.56293680299859 r 14.0183 0.0014 21.0000 15.8098 1.5888 9.5454 9.6645 9.4840
1.32215.8_1.5_46 55518.56293680299859 i 13.5160 0.0154 21.0000 15.8098 1.5888 9.5454 9.6645 9.4840
1.33214.3_1.3_46 55518.56293680299859 g 13.5114 0.0153 21.5000 14.3077 1.3799 7.9426 8.0598 7.9170
1.33214.7_1.4_46 55518.56293680299859 g 14.1388 0.0151 21.5000 14.7784 1.4174 8.4251 8.5454 8.4025
1.33215.2_1.4_46 55518.56293680299859 g 15.0821 0.0148 21.5000 15.2692 1.4843 8.9489 9.0446 8.8684
1.33215.8_1.5_46 55518.56293680299859 g 15.9863 0.0152 21.5000 15.8098 1.5888 9.5381 9.6005 9.4264
1.33215.8_1.5_46 55518.56293680299859 r 14.0239 0.0014 21.5000 15.8098 1.5888 9.5381 9.6005 9.4264
1.33215.8_1.5_46 55518.56293680299859 i 13.5804 0.0153 21.5000 15.8098 1.5888 9.5381 9.6005 9.4264
1.34214.3_1.3_46 55518.56293680299859 g 13.6265 0.0153 22.0000 14.3077 1.3799 7.9124 8.0332 7.9048
1.34214.7_1.4_46 55518.56293680299859 g 14.4324 0.0150 22.0000 14.7784 1.4174 8.3865 8.5224 8.3420
1.34215.2_1.4_46 55518.56293680299859 g 14.5362 0.0150 22.0000 15.2692 1.4843 8.9184 9.0212 8.8494
1.34215.8_1.5_46 55518.56293680299859 g 15.8476 0.0151 22.0000 15.8098 1.5888 9.5055 9.5938 9.4369
1.34215.8_1.5_46 55518.56293680299859 r 13.9300 0.0013 22.0000 15.8098 1.5888 9.5055 9.5938 9.4369
1.35214.3_1.3_46 55518.56293680299859 g 13.7548 0.0152 22.5000 14.3077 1.3799 7.8795 8.0201 7.8511
1.35214.7_1.4_46 55518.56293680299859 g 14.1799 0.0151 22.5000 14.7784 1.4174 8.3717 8.5057 8.3326
1.35215.2_1.4_46 55518.56293680299859 g 15.1802 0.0148 22.5000 15.2692 1.4843 8.8788 9.0113 8.8149
1.35215.8_1.5_46 55518.56293680299859 g 15.9295 0.0152 22.5000 15.8098 1.5888 9.4634 9.5624 9.3857
1.35215.8_1.5_46 55518.56293680299859 r 13.9609 0.0014 22.5000 15.8098 1.5888 9.4634 9.5624 9.3857
1.36114.7_1.4_46 55518.56293680299859 g 14.3968 0.0150 23.0000 14.7784 1.4174 8.3384 8.4822 8.2893
1.36115.2_1.4_46 55518.56293680299859 g 14.9912 0.0148 23.0000 15.2692 1.4843 8.8606 8.9614 8.7930
1.36115.8_1.5_46 55518.56293680299859 g 15.8439 0.0151 23.0000 15.8098 1.5888 9.4401 9.5552 9.3489
1.36115.8_1.5_46 55518.56293680299859 r 13.9139 0.0013 23.0000 15.8098 1.5888 9.4401 9.5552 9.3489
1.37114.3_1.3_46 55518.56293680299859 g 13.5154 0.0153 23.5000 14.3077 1.3799 7.8505 7.9528 7.7760
1.37114.7_1.4_46 55518.56293680299859 g 14.2382 0.0151 23.5000 14.7784 1.4174 8.3094 8.4367 8.2719
1.37115.2_1.4_46 55518.56293680299859 g 14.8872 0.0149 23.5000 15.2692 1.4843 8.8284 8.9407 8.7871
1.37115.8_1.5_46 55518.56293680299859 g 15.5347 0.0149 23.5000 15.8098 1.5888 9.4000 9.4894 9.3016
1.37115.8_1.5_46 55518.56293680299859 r 13.7151 0.0012 23.5000 15.8098 1.5888 9.4000 9.4894 9.3016
1.38014.3_1.3_46 55518.56293680299859 g 13.8456 0.0152 24.0000 14.3077 1.3799 7.7936 7.9372 7.7623
1.38014.7_1.4_46 55518.56293680299859 g 14.3714 0.0150 24.0000 14.7784 1.4174 8.2711 8.4057 8.2442
1.38015.2_1.4_46 55518.56293680299859 g 15.0152 0.0148 24.0000 15.2692 1.4843 8.7975 8.9330 8.7506
1.38015.8_1.5_46 55518.56293680299859 g 15.8556 0.0151 24.0000 15.8098 1.5888 9.3727 9.4822 9.3153
1.38015.8_1.5_46 55518.56293680299859 r 13.8872 0.0013 24.0000 15.8098 1.5888 9.3727 9.4822 9.3153
1.38914.7_1.4_46 55518.56293680299859 g 14.2401 0.0151 24.5000 14.7784 1.4174 8.2615 8.3774 8.2140
1.38915.2_1.4_46 55518.56293680299859 g 14.7556 0.0149 24.5000 15.2692 1.4843 8.7710 8.8838 8.7194
1.38915.8_1.5_46 55518.56293680299859 g 15.7737 0.0150 24.5000 15.8098 1.5888 9.3613 9.4529 9.2596
1.38915.8_1.5_46 55518.56293680299859 r 13.8162 0.0013 24.5000 15.8098 1.5888 9.3613 9.4529 9.2596
1.39714.3_1.3_46 55518.56293680299859 g 13.7380 0.0152 25.0000 14.3077 1.3799 7.7380 7.8967 7.7130
1.39714.7_1.4_46 55518.56293680299859 g 14.2030 0.0151 25.0000 14.7784 1.4174 8.2184 8.3599 8.1829
1.39715.2_1.4_46 55518.56293680299859 g 14.8405 0.0149 25.0000 15.2692 1.4843 8.7505 8.8591 8.6882
1.39715.8_1.5_46 55518.56293680299859 g 15.4367 0.0149 25.0000 15.8098 1.5888 9.3313 9.4187 9.2455
1.39715.8_1.5_46 55518.56293680299859 r 13.6229 0.0012 25.0000 15.8098 1.5888 9.3313 9.4187 9.2455
1.40614.7_1.4_46 55518.56293680299859 g 14.1957 0.0151 25.5000 14.7784 1.4174 8.1962 8.3269 8.1525
1.40615.2_1.4_46 55518.56293680299859 g 15.1045 0.0148 25.5000 15.2692 1.4843 8.7291 8.8314 8.6449
1.40615.8_1.5_46 55518.56293680299859 g 15.6808 0.0150 25.5000 15.8098 1.5888 9.3024 9.4122 9.1971
1.40615.8_1.5_46 55518.56293680299859 r 13.7570 0.0013 25.5000 15.8098 1.5888 9.3024 9.4122 9.1971
1.41414.7_1.4_46 55518.56293680299859 g 14.2756 0.0151 26.0000 14.7784 1.4174 8.1808 8.3084 8.1367
1.41415.2_1.4_46 55518.56293680299859 g 14.7612 0.0149 26.0000 15.2692 1.4843 8.7071 8.8246 8.6331
1.41415.8_1.5_46 55518.56293680299859 g 15.6194 0.0150 26.0000 15.8098 1.5888 9.2679 9.3852 9.1985
1.41415.8_1.5_46 55518.56293680299859 r 13.7153 0.0012 26.0000 15.8098 1.5888 9.2679 9.3852 9.1985
1.42314.7_1.4_46 55518.56293680299859 g 14.2759 0.0151 26.5000 14.7784 1.4174 8.1320 8.2676 8.1065
1.42315.2_1.4_46 55518.56293680299859 g 14.8758 0.0149 26.5000 15.2692 1.4843 8.6710 8.7715 8.6033
1.42315.8_1.5_46 55518.56293680299859 g 15.7502 0.0150 26.5000 15.8098 1.5888 9.2388 9.3316 9.1697
1.42315.8_1.5_46 55518.56293680299859 r 13.7714 0.0013 26.5000 15.8098 1.5888 9.2388 9.3316 9.1697
1.43114.7_1.4_46 55518.56293680299859 g 14.1732 0.0151 27.0000 14.7784 1.4174 8.1259 8.2509 8.0815
1.43115.2_1.4_46 55518.56293680299859 g 14.6581 0.0149 27.0000 15.2692 1.4843 8.6306 8.7608 8.5922
1.43115.8_1.5_46 55518.56293680299859 g 15.7885 0.0151 27.0000 15.8098 1.5888 9.2195 9.3203 9.1552
1.43115.8_1.5_46 55518.56293680299859 r 13.7879 0.0013 27.0000 15.8098 1.5888 9.2195 9.3203 9.1552
1.43914.7_1.4_46 55518.56293680299859 g 14.0186 0.0152 27.5000 14.7784 1.4174 8.1039 8.2394 8.0556
1.43915.2_1.4_46 55518.56293680299859 g 14.9047 0.0149 27.5000 15.2692 1.4843 8.6180 8.7432 8.5575
1.43915.8_1.5_46 55518.56293680299859 g 15.7147 0.0150 27.5000 15.8098 1.5888 9.1811 9.3107 9.1068
1.43915.8_1.5_46 55518.56293680299859 r 13.7450 0.0012 27.5000 15.8098 1.5888 9.1811 9.3107 9.1068
1.44714.3_1.3_46 55518.56293680299859 g 13.5945 0.0153 28.0000 14.3077 1.3799 7.5953 7.7153 7.5452
1.44714.7_1.4_46 55518.56293680299859 g 14.2112 0.0151 28.0000 14.7784 1.4174 8.0862 8.2159 8.0611
1.44715.2_1.4_46 55518.56293680299859 g 14.6341 0.0149 28.0000 15.2692 1.4843 8.5895 8.7216 8.5302
1.44715.8_1.5_46 55518.56293680299859 g 15.6897 0.0150 28.0000 15.8098 1.5888 9.1708 9.2774 9.1051
1.44715.8_1.5_46 55518.56293680299859 r 13.7305 0.0012 28.0000 15.8098 1.5888 9.1708 9.2774 9.1051
1.45414.7_1.4_46 55518.56293680299859 g 14.1646 0.0151 28.5000 14.7784 1.4174 8.0580 8.1927 8.0130
1.45415.2_1.4_46 55518.56293680299859 g 14.6047 0.0149 28.5000 15.2692 1.4843 8.5704 8.6867 8.5214
1.45415.8_1.5_46 55518.56293680299859 g 15.6820 0.0150 28.5000 15.8098 1.5888 9.1509 9.2379 9.0586
1.45415.8_1.5_46 55518.56293680299859 r 13.6973 0.0012 28.5000 15.8098 1.5888 9.1509 9.2379 9.0586
1.46214.7_1.4_46 55518.56293680299859 g 14.0048 0.0152 29.0000 14.7784 1.4174 8.0249 8.1674 8.0014
1.46215.2_1.4_46 55518.56293680299859 g 14.7983 0.0149 29.0000 15.2692 1.4843 8.5402 8.6812 8.4817
1.46215.8_1.5_46 55518.56293680299859 g 15.5406 0.0149 29.0000 15.8098 1.5888 9.1308 9.2402 9.0369
1.46215.8_1.5_46 55518.56293680299859 r 13.6015 0.0012 29.0000 15.8098 1.5888 9.1308 9.2402 9.0369
1.46914.3_1.3_46 55518.56293680299859 g 13.5339 0.0153 29.5000 14.3077 1.3799 7.5434 7.6737 7.4881
1.46914.7_1.4_46 55518.56293680299859 g 13.9627 0.0152 29.5000 14.7784 1.4174 8.0117 8.1332 7.9849
1.46915.2_1.4_46 55518.56293680299859 g 14.7671 0.0149 29.5000 15.2692 1.4843 8.5259 8.6428 8.4759
1.46915.8_1.5_46 55518.56293680299859 g 15.4800 0.0149 29.5000 15.8098 1.5888 9.0961 9.2142 9.0284
1.46915.8_1.5_46 55518.56293680299859 r 13.5550 0.0012 29.5000 15.8098 1.5888 9.0961 9.2142 9.0284
1.47714.3_1.3_46 55518.56293680299859 g 13.7486 0.0152 30.0000 14.3077 1.3799 7.4908 7.6489 7.4769
1.47714.7_1.4_46 55518.56293680299859 g 14.0661 0.0151 30.0000 14.7784 1.4174 7.9816 8.1160 7.9311
1.47715.2_1.4_46 55518.56293680299859 g 14.6718 0.0149 30.0000 15.2692 1.4843 8.4965 8.6347 8.4349
1.47715.8_1.5_46 55518.56293680299859 g 15.6778 0.0150 30.0000 15.8098 1.5888 9.0714 9.1937 8.9985
1.47715.8_1.5_46 55518.56293680299859 r 13.6640 0.0012 30.0000 15.8098 1.5888 9.0714 9.1937 8.9985
