# Name Epoch Band Mag eMag period DM E(B-V) KMEAN  W1MEAN W2MEAN
0.47714.6_0.39_5 55016.55852057129960 g 13.7395 0.0152 3.0000 14.6750 0.3965 10.5704 10.7998 10.7591
0.47715.1_0.39_5 55016.55852057129960 g 14.2257 0.0151 3.0000 15.1791 0.3965 11.0490 11.3221 11.2663
0.47715.1_0.39_5 55396.43849476939795 g 13.8275 0.0152 3.0000 15.1791 0.3965 11.0490 11.3221 11.2663
0.47715.1_0.39_5 55396.45072799539776 g 13.8156 0.0152 3.0000 15.1791 0.3965 11.0490 11.3221 11.2663
0.54414.6_0.39_5 55396.43849476939795 g 13.5915 0.0153 3.5000 14.6750 0.3965 10.3563 10.6005 10.5418
0.54414.6_0.39_5 55396.45072799539776 g 13.5807 0.0153 3.5000 14.6750 0.3965 10.3563 10.6005 10.5418
0.54415.1_0.39_5 55396.43849476939795 g 14.1344 0.0151 3.5000 15.1791 0.3965 10.8619 11.0941 11.0537
0.54415.1_0.39_5 55396.45072799539776 g 14.1491 0.0151 3.5000 15.1791 0.3965 10.8619 11.0941 11.0537
0.54415.1_0.39_5 56478.37172063539765 g 13.9883 0.0152 3.5000 15.1791 0.3965 10.8619 11.0941 11.0537
0.54415.1_0.39_5 56478.39076348530216 g 13.9711 0.0152 3.5000 15.1791 0.3965 10.8619 11.0941 11.0537
0.60215.1_0.39_5 55016.55852057129960 g 13.9239 0.0152 4.0000 15.1791 0.3965 10.6769 10.9317 10.8711
0.60215.1_0.39_5 55396.43849476939795 g 13.8860 0.0152 4.0000 15.1791 0.3965 10.6769 10.9317 10.8711
0.60215.1_0.39_5 55396.45072799539776 g 13.9034 0.0152 4.0000 15.1791 0.3965 10.6769 10.9317 10.8711
0.65315.1_0.39_5 55396.43849476939795 g 13.8115 0.0152 4.5000 15.1791 0.3965 10.5426 10.7771 10.6995
0.65315.1_0.39_5 55396.45072799539776 g 13.8380 0.0152 4.5000 15.1791 0.3965 10.5426 10.7771 10.6995
0.69815.1_0.39_5 55016.55852057129960 g 13.6915 0.0152 5.0000 15.1791 0.3965 10.4030 10.6484 10.5752
0.69815.1_0.39_5 55396.43849476939795 g 13.7417 0.0152 5.0000 15.1791 0.3965 10.4030 10.6484 10.5752
0.69815.1_0.39_5 55396.45072799539776 g 13.7460 0.0152 5.0000 15.1791 0.3965 10.4030 10.6484 10.5752
0.77815.1_0.39_5 55396.43849476939795 g 13.6562 0.0152 6.0000 15.1791 0.3965 10.1395 10.4128 10.3376
0.77815.1_0.39_5 55396.45072799539776 g 13.6315 0.0153 6.0000 15.1791 0.3965 10.1395 10.4128 10.3376
0.81215.1_0.39_5 55016.55852057129960 g 13.6082 0.0153 6.5000 15.1791 0.3965 10.0462 10.2995 10.2205
0.81215.1_0.39_5 56478.37172063539765 g 13.6664 0.0152 6.5000 15.1791 0.3965 10.0462 10.2995 10.2205
0.81215.1_0.39_5 56478.39076348530216 g 13.6631 0.0152 6.5000 15.1791 0.3965 10.0462 10.2995 10.2205
1.1768.70_0.18_5 55365.57447351289738 r 14.5890 0.0018 15.0000  8.7018 0.1822 2.3488 2.7213 2.5922
1.2178.70_0.18_5 55365.57447351289738 r 16.2609 0.0046 16.5000  8.7018 0.1822 2.2311 2.5895 2.4826
1.2178.70_0.18_5 56472.53376476639824 r 13.6788 0.0012 16.5000  8.7018 0.1822 2.2311 2.5895 2.4826
1.2178.70_0.18_5 56170.35577267420013 r 21.5382 0.2112 16.5000  8.7018 0.1822 2.2311 2.5895 2.4826
1.2308.70_0.18_5 56472.54396304450347 r 17.1266 0.0080 17.0000  8.7018 0.1822 2.1876 2.5372 2.4512
1.2788.70_0.18_5 56472.54396304450347 r 15.9209 0.0038 19.0000  8.7018 0.1822 2.0330 2.4043 2.2853
1.3018.70_0.18_5 56170.36543076080125 r 14.6620 0.0019 20.0000  8.7018 0.1822 1.9785 2.3415 2.2429
1.3228.70_0.18_5 56472.53376476639824 r 16.6215 0.0058 21.0000  8.7018 0.1822 1.9013 2.2621 2.1638
1.3228.70_0.18_5 56472.54396304450347 r 19.9560 0.0609 21.0000  8.7018 0.1822 1.9013 2.2621 2.1638
1.3528.70_0.18_5 56170.35577267420013 r 16.4081 0.0051 22.5000  8.7018 0.1822 1.8214 2.1693 2.0741
1.3528.70_0.18_5 56170.36543076080125 r 13.5092 0.0011 22.5000  8.7018 0.1822 1.8214 2.1693 2.0741
1.3718.70_0.18_5 56170.35577267420013 r 19.2498 0.0357 23.5000  8.7018 0.1822 1.7415 2.1100 2.0078
1.3808.70_0.18_5 56170.35577267420013 r 13.7605 0.0013 24.0000  8.7018 0.1822 1.7381 2.1042 1.9649
1.4068.70_0.18_5 56170.36543076080125 r 17.5299 0.0105 25.5000  8.7018 0.1822 1.6652 2.0286 1.8922
1.4148.70_0.18_5 56474.53128885100159 r 15.2345 0.0026 26.0000  8.7018 0.1822 1.6267 1.9982 1.8740
1.4148.70_0.18_5 56472.54396304450347 r 20.4635 0.0901 26.0000  8.7018 0.1822 1.6267 1.9982 1.8740
1.4478.70_0.18_5 56472.53376476639824 r 20.5235 0.0945 28.0000  8.7018 0.1822 1.5336 1.8919 1.7747
1.4478.70_0.18_5 56472.54396304450347 r 13.5796 0.0012 28.0000  8.7018 0.1822 1.5336 1.8919 1.7747
1.4698.70_0.18_5 56170.36543076080125 r 14.1416 0.0015 29.5000  8.7018 0.1822 1.4459 1.8459 1.7036
