# Name Epoch Band Mag eMag period DM E(B-V) KMEAN  W1MEAN W2MEAN
0.8758.58_0.037_ 55831.24930016419967 r 15.8020 0.0035 7.5000  8.5800 0.0375 3.1028 3.4508 3.3931
0.8758.58_0.037_ 55013.57429161520122 r 15.5919 0.0031 7.5000  8.5800 0.0375 3.1028 3.4508 3.3931
0.9548.58_0.037_ 56507.37713974189683 r 18.2460 0.0172 9.0000  8.5800 0.0375 2.8496 3.2257 3.1535
0.9778.58_0.037_ 56507.37713974189683 r 22.3818 0.4192 9.5000  8.5800 0.0375 2.8038 3.1616 3.0752
1.0798.58_0.037_ 56507.36679114500294 r 20.9460 0.1317 12.0000  8.5800 0.0375 2.4865 2.8541 2.7553
1.0968.58_0.037_ 56507.36679114500294 r 13.5391 0.0011 12.5000  8.5800 0.0375 2.4222 2.7844 2.7006
1.0968.58_0.037_ 56507.37713974189683 r 14.4420 0.0017 12.5000  8.5800 0.0375 2.4222 2.7844 2.7006
1.1138.58_0.037_ 55831.23942353940220 r 14.5039 0.0018 13.0000  8.5800 0.0375 2.3789 2.7354 2.6612
1.1138.58_0.037_ 56091.57936007619719 r 21.7386 0.2483 13.0000  8.5800 0.0375 2.3789 2.7354 2.6612
1.1138.58_0.037_ 56507.36679114500294 r 16.2992 0.0047 13.0000  8.5800 0.0375 2.3789 2.7354 2.6612
1.1308.58_0.037_ 56507.36679114500294 r 17.2179 0.0085 13.5000  8.5800 0.0375 2.3176 2.6828 2.6173
1.1468.58_0.037_ 56507.37713974189683 r 17.5469 0.0106 14.0000  8.5800 0.0375 2.2955 2.6419 2.5443
1.1768.58_0.037_ 55013.57429161520122 r 21.0846 0.1470 15.0000  8.5800 0.0375 2.1819 2.5660 2.4584
1.1908.58_0.037_ 56524.28940993000288 r 21.8826 0.2790 15.5000  8.5800 0.0375 2.1499 2.4967 2.4129
1.1908.58_0.037_ 56091.57936007619719 r 16.5879 0.0057 15.5000  8.5800 0.0375 2.1499 2.4967 2.4129
1.1908.58_0.037_ 55754.51821088040015 r 15.2389 0.0026 15.5000  8.5800 0.0375 2.1499 2.4967 2.4129
1.2048.58_0.037_ 55754.50821595080197 r 14.0219 0.0014 16.0000  8.5800 0.0375 2.0935 2.4766 2.3615
1.2438.58_0.037_ 56524.29996677060262 r 15.9637 0.0039 17.5000  8.5800 0.0375 1.9685 2.3617 2.2604
1.2438.58_0.037_ 56507.37713974189683 r 20.2830 0.0783 17.5000  8.5800 0.0375 1.9685 2.3617 2.2604
1.2558.58_0.037_ 55831.24930016419967 r 17.8406 0.0130 18.0000  8.5800 0.0375 1.9132 2.3215 2.2115
1.2678.58_0.037_ 55013.57429161520122 r 15.2257 0.0025 18.5000  8.5800 0.0375 1.9020 2.2615 2.1706
1.2788.58_0.037_ 56524.28940993000288 r 20.9476 0.1319 19.0000  8.5800 0.0375 1.8592 2.2370 2.1392
1.3118.58_0.037_ 55013.56445866820286 r 13.5955 0.0012 20.5000  8.5800 0.0375 1.7661 2.1595 2.0574
1.3328.58_0.037_ 56507.37713974189683 r 21.3180 0.1770 21.5000  8.5800 0.0375 1.7055 2.0874 2.0058
1.3528.58_0.037_ 56091.57936007619719 r 15.4732 0.0029 22.5000  8.5800 0.0375 1.6270 2.0328 1.9339
1.3618.58_0.037_ 55013.57429161520122 r 22.3968 0.4244 23.0000  8.5800 0.0375 1.6103 2.0081 1.8925
1.3808.58_0.037_ 55831.23942353940220 r 21.6130 0.2243 24.0000  8.5800 0.0375 1.5483 1.9605 1.8239
1.3808.58_0.037_ 56091.57936007619719 r 19.0860 0.0316 24.0000  8.5800 0.0375 1.5483 1.9605 1.8239
1.4148.58_0.037_ 56524.29996677060262 r 18.9831 0.0293 26.0000  8.5800 0.0375 1.4266 1.8561 1.7393
1.42310.0_0.045_ 56093.56850919670251 r 22.0543 0.3207 26.5000 10.0430 0.0455 2.8861 3.2807 3.1747
1.43910.0_0.045_ 56091.56851743870357 r 18.8581 0.0268 27.5000 10.0430 0.0455 2.8212 3.2324 3.1259
1.47710.0_0.045_ 56507.36679114500294 r 19.0965 0.0319 30.0000 10.0430 0.0455 2.7241 3.1298 2.9873
1.47710.0_0.045_ 56507.37713974189683 r 17.0496 0.0076 30.0000 10.0430 0.0455 2.7241 3.1298 2.9873
