# Name Epoch Band Mag eMag period DM E(B-V) KMEAN  W1MEAN W2MEAN
lc_3.0_15.3_0.25 55741.52906279460149 g 13.8404 0.0152 3.0000 15.3428 0.2576 11.1036 11.4118 11.3710
lc_3.0_15.3_0.25 55741.53945135739923 g 13.8789 0.0152 3.0000 15.3428 0.2576 11.1036 11.4118 11.3710
lc_3.0_15.3_0.25 55012.39651712730119 g 13.9161 0.0152 3.0000 15.3428 0.2576 11.1036 11.4118 11.3710
lc_3.0_15.3_0.25 55012.40643380150141 g 13.9012 0.0152 3.0000 15.3428 0.2576 11.1036 11.4118 11.3710
lc_3.0_15.3_0.25 56457.56835645849787 g 13.7235 0.0152 3.0000 15.3428 0.2576 11.1036 11.4118 11.3710
lc_3.0_15.3_0.25 56457.55803521820053 g 13.7005 0.0152 3.0000 15.3428 0.2576 11.1036 11.4118 11.3710
lc_3.0_15.3_0.25 55389.34593994639727 g 13.6025 0.0153 3.0000 15.3428 0.2576 11.1036 11.4118 11.3710
lc_3.0_15.3_0.25 55389.35763830000360 g 13.5889 0.0153 3.0000 15.3428 0.2576 11.1036 11.4118 11.3710
lc_3.0_15.3_0.25 56094.52534659249795 g 13.7202 0.0152 3.0000 15.3428 0.2576 11.1036 11.4118 11.3710
lc_3.0_15.3_0.25 56094.51482438950188 g 13.7132 0.0152 3.0000 15.3428 0.2576 11.1036 11.4118 11.3710
lc_3.0_15.3_0.25 55825.23854554219724 g 13.9041 0.0152 3.0000 15.3428 0.2576 11.1036 11.4118 11.3710
lc_3.0_15.3_0.25 55825.24895362179814 g 13.9072 0.0152 3.0000 15.3428 0.2576 11.1036 11.4118 11.3710
lc_3.5_15.3_0.25 55741.52906279460149 g 13.7327 0.0152 3.5000 15.3428 0.2576 10.8982 11.2119 11.1660
lc_3.5_15.3_0.25 55741.53945135739923 g 13.7553 0.0152 3.5000 15.3428 0.2576 10.8982 11.2119 11.1660
lc_3.5_15.3_0.25 56501.36297648039908 g 13.7675 0.0152 3.5000 15.3428 0.2576 10.8982 11.2119 11.1660
lc_3.5_15.3_0.25 56501.35234097330249 g 13.7735 0.0152 3.5000 15.3428 0.2576 10.8982 11.2119 11.1660
lc_3.5_15.3_0.25 56094.52534659249795 g 13.6668 0.0152 3.5000 15.3428 0.2576 10.8982 11.2119 11.1660
lc_3.5_15.3_0.25 56094.51482438950188 g 13.6522 0.0153 3.5000 15.3428 0.2576 10.8982 11.2119 11.1660
lc_3.5_15.3_0.25 55825.23854554219724 g 13.7049 0.0152 3.5000 15.3428 0.2576 10.8982 11.2119 11.1660
lc_3.5_15.3_0.25 55825.24895362179814 g 13.7108 0.0152 3.5000 15.3428 0.2576 10.8982 11.2119 11.1660
lc_4.0_15.3_0.25 55361.47706227460003 g 13.5136 0.0153 4.0000 15.3428 0.2576 10.7202 11.0388 10.9884
lc_4.0_15.3_0.25 56501.36297648039908 g 13.6090 0.0153 4.0000 15.3428 0.2576 10.7202 11.0388 10.9884
lc_4.0_15.3_0.25 56501.35234097330249 g 13.6062 0.0153 4.0000 15.3428 0.2576 10.7202 11.0388 10.9884
lc_4.0_15.3_0.25 55012.39651712730119 g 13.5907 0.0153 4.0000 15.3428 0.2576 10.7202 11.0388 10.9884
lc_4.0_15.3_0.25 55012.40643380150141 g 13.5753 0.0153 4.0000 15.3428 0.2576 10.7202 11.0388 10.9884
lc_4.0_15.3_0.25 55389.34593994639727 g 13.5851 0.0153 4.0000 15.3428 0.2576 10.7202 11.0388 10.9884
lc_4.0_15.3_0.25 55389.35763830000360 g 13.6137 0.0153 4.0000 15.3428 0.2576 10.7202 11.0388 10.9884
lc_4.0_15.3_0.25 55825.23854554219724 g 13.6360 0.0153 4.0000 15.3428 0.2576 10.7202 11.0388 10.9884
lc_4.0_15.3_0.25 55825.24895362179814 g 13.6554 0.0153 4.0000 15.3428 0.2576 10.7202 11.0388 10.9884
lc_4.5_15.3_0.25 56457.56835645849787 g 13.5328 0.0153 4.5000 15.3428 0.2576 10.5632 10.8861 10.8318
lc_4.5_15.3_0.25 56457.55803521820053 g 13.5634 0.0153 4.5000 15.3428 0.2576 10.5632 10.8861 10.8318
lc_12._9.06_0.10 56089.58163797239831 r 18.3454 0.018512.0000  9.0646 0.1067  2.9599  3.3272  3.2422
lc_14._9.06_0.10 56501.37391442649823 r 13.5235 0.001114.0000  9.0646 0.1067  2.7544  3.1273  3.0372
lc_14._9.06_0.10 56501.37391442649823 r 16.2820 0.004714.5000  9.0646 0.1067  2.7076  3.0818  2.9905
lc_15._9.06_0.10 55747.51774657380156 r 15.9199 0.003815.0000  9.0646 0.1067  2.6625  3.0378  2.9454
lc_16._9.06_0.10 56461.56385172720184 r 20.7402 0.112016.0000  9.0646 0.1067  2.5764  2.9542  2.8596
lc_17._9.06_0.10 56088.46983466770325 r 14.6563 0.001917.5000  9.0646 0.1067  2.4570  2.8380  2.7404
lc_18._9.06_0.10 55747.51774657380156 r 14.6078 0.001818.0000  9.0646 0.1067  2.4195  2.8015  2.7029
lc_18._9.06_0.10 55011.50595761409932 r 20.1923 0.073018.0000  9.0646 0.1067  2.4195  2.8015  2.7029
lc_19._9.06_0.10 56461.56385172720184 r 15.5857 0.003119.0000  9.0646 0.1067  2.3474  2.7314  2.6310
lc_20._9.06_0.10 56501.38378539549740 r 22.3047 0.393520.0000  9.0646 0.1067  2.2790  2.6649  2.5628
lc_20._9.06_0.10 56461.57367129669728 r 21.8826 0.278920.5000  9.0646 0.1067  2.2461  2.6328  2.5300
lc_21._9.06_0.10 56461.56385172720184 r 13.5726 0.001221.0000  9.0646 0.1067  2.2140  2.6016  2.4979
lc_21._9.06_0.10 55747.52781731069990 r 16.5638 0.005621.0000  9.0646 0.1067  2.2140  2.6016  2.4979
lc_22._9.06_0.10 56501.38378539549740 r 20.5287 0.094822.0000  9.0646 0.1067  2.1520  2.5413  2.4361
lc_23._9.06_0.10 55747.51774657380156 r 14.5852 0.001823.5000  9.0646 0.1067  2.0641  2.4558  2.3483
lc_25._9.06_0.10 56461.56385172720184 r 13.9603 0.001425.0000  9.0646 0.1067  1.9817  2.3755  2.2660
lc_25._9.06_0.10 56088.47976125779678 r 14.1898 0.001525.5000  9.0646 0.1067  1.9553  2.3499  2.2397
lc_26._9.06_0.10 55011.49571765120345 r 14.7409 0.002026.0000  9.0646 0.1067  1.9294  2.3247  2.2139
lc_26._9.06_0.10 56089.58163797239831 r 14.2520 0.001626.5000  9.0646 0.1067  1.9040  2.3000  2.1886
lc_27._9.06_0.10 56461.57367129669728 r 14.6039 0.001827.5000  9.0646 0.1067  1.8546  2.2520  2.1393
lc_27._9.06_0.10 55747.51774657380156 r 14.1173 0.001527.5000  9.0646 0.1067  1.8546  2.2520  2.1393
lc_27._9.06_0.10 56088.47976125779678 r 17.1295 0.008027.5000  9.0646 0.1067  1.8546  2.2520  2.1393
lc_27._9.06_0.10 56088.46983466770325 r 22.3681 0.414527.5000  9.0646 0.1067  1.8546  2.2520  2.1393
lc_28._9.06_0.10 56461.57367129669728 r 15.5171 0.003028.5000  9.0646 0.1067  1.8070  2.2057  2.0918
lc_28._9.06_0.10 55747.52781731069990 r 19.6814 0.049428.5000  9.0646 0.1067  1.8070  2.2057  2.0918
lc_29._9.06_0.10 56461.57367129669728 r 14.0037 0.001429.0000  9.0646 0.1067  1.7839  2.1831  2.0687
lc_29._9.06_0.10 56088.47976125779678 r 17.3090 0.009029.0000  9.0646 0.1067  1.7839  2.1831  2.0687
lc_29._9.06_0.10 56088.46983466770325 r 18.1046 0.015629.0000  9.0646 0.1067  1.7839  2.1831  2.0687
lc_29._9.06_0.10 56501.37391442649823 r 16.3260 0.004829.5000  9.0646 0.1067  1.7611  2.1610  2.0459
lc_29._9.06_0.10 55011.50595761409932 r 14.2652 0.001629.5000  9.0646 0.1067  1.7611  2.1610  2.0459
lc_30._9.06_0.10 55011.50595761409932 r 16.8526 0.006730.0000  9.0646 0.1067  1.7387  2.1392  2.0236
