# Name Epoch Band Mag eMag period DM E(B-V) KMEAN  W1MEAN W2MEAN
lc_3.0_12.9_0.91 55714.44665413950133 g 13.5363 0.0153 3.0000 12.9046 0.9184  8.7441  9.0133  8.9632
lc_3.0_12.9_0.91 56485.39700656430068 g 13.5813 0.0153 3.0000 12.9046 0.9184  8.7441  9.0133  8.9632
lc_3.0_12.9_0.91 56485.38706116429967 g 13.5168 0.0153 3.0000 12.9046 0.9184  8.7441  9.0133  8.9632
lc_3.0_12.9_0.91 55714.45772457410203 g 13.5329 0.0153 3.0000 12.9046 0.9184  8.7441  9.0133  8.9632
lc_3.0_14.0_0.91 55714.44665413950133 g 14.7222 0.0149 3.0000 14.0545 0.9184  9.8940 10.1632 10.1131
lc_3.0_14.0_0.91 56067.54943448390259 g 14.5050 0.0150 3.0000 14.0545 0.9184  9.8940 10.1632 10.1131
lc_3.0_14.0_0.91 55358.46486461099994 g 13.8553 0.0152 3.0000 14.0545 0.9184  9.8940 10.1632 10.1131
lc_3.0_14.0_0.91 56485.39700656430068 g 14.7028 0.0149 3.0000 14.0545 0.9184  9.8940 10.1632 10.1131
lc_3.0_14.0_0.91 56485.38706116429967 g 14.7139 0.0149 3.0000 14.0545 0.9184  9.8940 10.1632 10.1131
lc_3.0_14.0_0.91 56477.38528537980164 g 13.8200 0.0152 3.0000 14.0545 0.9184  9.8940 10.1632 10.1131
lc_3.0_14.0_0.91 56477.37482374440151 g 13.7816 0.0152 3.0000 14.0545 0.9184  9.8940 10.1632 10.1131
lc_3.0_14.0_0.91 55714.45772457410203 g 14.6967 0.0149 3.0000 14.0545 0.9184  9.8940 10.1632 10.1131
lc_3.2_12.9_0.91 56485.38706116429967 g 13.5222 0.0153 3.2000 12.9046 0.9184  8.6581  8.9296  8.8774
lc_3.2_14.0_0.91 55714.44665413950133 g 14.5021 0.0150 3.2000 14.0545 0.9184  9.8080 10.0795 10.0273
lc_3.2_14.0_0.91 56067.54943448390259 g 13.9446 0.0152 3.2000 14.0545 0.9184  9.8080 10.0795 10.0273
lc_3.2_14.0_0.91 55358.46486461099994 g 14.5995 0.0149 3.2000 14.0545 0.9184  9.8080 10.0795 10.0273
lc_3.2_14.0_0.91 56485.39700656430068 g 14.6720 0.0149 3.2000 14.0545 0.9184  9.8080 10.0795 10.0273
lc_3.2_14.0_0.91 56485.38706116429967 g 14.6745 0.0149 3.2000 14.0545 0.9184  9.8080 10.0795 10.0273
lc_3.2_14.0_0.91 56477.38528537980164 g 14.1243 0.0151 3.2000 14.0545 0.9184  9.8080 10.0795 10.0273
lc_3.2_14.0_0.91 56477.37482374440151 g 14.1287 0.0151 3.2000 14.0545 0.9184  9.8080 10.0795 10.0273
lc_3.2_14.0_0.91 55714.45772457410203 g 14.4703 0.0150 3.2000 14.0545 0.9184  9.8080 10.0795 10.0273
lc_3.4_14.0_0.91 55714.44665413950133 g 14.0950 0.0151 3.4000 14.0545 0.9184  9.7272 10.0009  9.9467
lc_3.4_14.0_0.91 56067.54943448390259 g 14.6175 0.0149 3.4000 14.0545 0.9184  9.7272 10.0009  9.9467
lc_3.4_14.0_0.91 55358.46486461099994 g 14.0034 0.0152 3.4000 14.0545 0.9184  9.7272 10.0009  9.9467
lc_3.4_14.0_0.91 56485.39700656430068 g 14.5799 0.0150 3.4000 14.0545 0.9184  9.7272 10.0009  9.9467
lc_3.4_14.0_0.91 56485.38706116429967 g 14.5612 0.0150 3.4000 14.0545 0.9184  9.7272 10.0009  9.9467
lc_3.4_14.0_0.91 56477.38528537980164 g 14.1472 0.0151 3.4000 14.0545 0.9184  9.7272 10.0009  9.9467
lc_3.4_14.0_0.91 56477.37482374440151 g 14.1861 0.0151 3.4000 14.0545 0.9184  9.7272 10.0009  9.9467
lc_3.4_14.0_0.91 55714.45772457410203 g 14.0629 0.0151 3.4000 14.0545 0.9184  9.7272 10.0009  9.9467
lc_3.6_14.0_0.91 55714.44665413950133 g 14.1307 0.0151 3.6000 14.0545 0.9184  9.6510  9.9268  9.8707
lc_3.6_14.0_0.91 56067.54943448390259 g 14.2404 0.0151 3.6000 14.0545 0.9184  9.6510  9.9268  9.8707
lc_3.6_14.0_0.91 55358.46486461099994 g 14.3084 0.0151 3.6000 14.0545 0.9184  9.6510  9.9268  9.8707
lc_3.6_14.0_0.91 56485.39700656430068 g 14.3225 0.0150 3.6000 14.0545 0.9184  9.6510  9.9268  9.8707
lc_3.6_14.0_0.91 56485.38706116429967 g 14.3372 0.0150 3.6000 14.0545 0.9184  9.6510  9.9268  9.8707
lc_3.6_14.0_0.91 56477.38528537980164 g 13.9784 0.0152 3.6000 14.0545 0.9184  9.6510  9.9268  9.8707
lc_3.6_14.0_0.91 56477.37482374440151 g 13.9974 0.0152 3.6000 14.0545 0.9184  9.6510  9.9268  9.8707
lc_3.6_14.0_0.91 55714.45772457410203 g 14.1387 0.0151 3.6000 14.0545 0.9184  9.6510  9.9268  9.8707
lc_3.8_14.0_0.91 55714.44665413950133 g 14.0641 0.0151 3.8000 14.0545 0.9184  9.5789  9.8567  9.7988
lc_3.8_14.0_0.91 56067.54943448390259 g 13.8960 0.0152 3.8000 14.0545 0.9184  9.5789  9.8567  9.7988
lc_3.8_14.0_0.91 55358.46486461099994 g 14.4624 0.0150 3.8000 14.0545 0.9184  9.5789  9.8567  9.7988
lc_3.8_14.0_0.91 56485.39700656430068 g 13.8305 0.0152 3.8000 14.0545 0.9184  9.5789  9.8567  9.7988
lc_3.8_14.0_0.91 56485.38706116429967 g 13.8184 0.0152 3.8000 14.0545 0.9184  9.5789  9.8567  9.7988
lc_3.8_14.0_0.91 56477.38528537980164 g 13.5726 0.0153 3.8000 14.0545 0.9184  9.5789  9.8567  9.7988
lc_3.8_14.0_0.91 56477.37482374440151 g 13.5933 0.0153 3.8000 14.0545 0.9184  9.5789  9.8567  9.7988
lc_3.8_14.0_0.91 55714.45772457410203 g 14.0601 0.0151 3.8000 14.0545 0.9184  9.5789  9.8567  9.7988
lc_4.0_14.0_0.91 55714.44665413950133 g 13.5645 0.0153 4.0000 14.0545 0.9184  9.5106  9.7902  9.7305
lc_4.0_14.0_0.91 56067.54943448390259 g 14.1107 0.0151 4.0000 14.0545 0.9184  9.5106  9.7902  9.7305
lc_4.0_14.0_0.91 55358.46486461099994 g 13.5789 0.0153 4.0000 14.0545 0.9184  9.5106  9.7902  9.7305
lc_4.0_14.0_0.91 56485.39700656430068 g 14.4056 0.0150 4.0000 14.0545 0.9184  9.5106  9.7902  9.7305
lc_4.0_14.0_0.91 56485.38706116429967 g 14.4145 0.0150 4.0000 14.0545 0.9184  9.5106  9.7902  9.7305
lc_4.0_14.0_0.91 56477.38528537980164 g 14.4067 0.0150 4.0000 14.0545 0.9184  9.5106  9.7902  9.7305
lc_4.0_14.0_0.91 56477.37482374440151 g 14.3927 0.0150 4.0000 14.0545 0.9184  9.5106  9.7902  9.7305
lc_4.0_14.0_0.91 55714.45772457410203 g 13.5745 0.0153 4.0000 14.0545 0.9184  9.5106  9.7902  9.7305
lc_4.2_14.0_0.91 55714.44665413950133 g 14.2932 0.0151 4.2000 14.0545 0.9184  9.4455  9.7269  9.6657
lc_4.2_14.0_0.91 56067.54943448390259 g 13.9369 0.0152 4.2000 14.0545 0.9184  9.4455  9.7269  9.6657
lc_4.2_14.0_0.91 55358.46486461099994 g 13.5473 0.0153 4.2000 14.0545 0.9184  9.4455  9.7269  9.6657
lc_4.2_14.0_0.91 56485.39700656430068 g 14.1178 0.0151 4.2000 14.0545 0.9184  9.4455  9.7269  9.6657
lc_4.2_14.0_0.91 56485.38706116429967 g 14.1434 0.0151 4.2000 14.0545 0.9184  9.4455  9.7269  9.6657
lc_4.2_14.0_0.91 56477.38528537980164 g 14.2669 0.0151 4.2000 14.0545 0.9184  9.4455  9.7269  9.6657
lc_4.2_14.0_0.91 56477.37482374440151 g 14.2585 0.0151 4.2000 14.0545 0.9184  9.4455  9.7269  9.6657
lc_4.2_14.0_0.91 55714.45772457410203 g 14.2795 0.0151 4.2000 14.0545 0.9184  9.4455  9.7269  9.6657
lc_4.4_14.0_0.91 55714.44665413950133 g 14.4095 0.0150 4.4000 14.0545 0.9184  9.3835  9.6666  9.6038
lc_4.4_14.0_0.91 56067.54943448390259 g 13.6214 0.0153 4.4000 14.0545 0.9184  9.3835  9.6666  9.6038
lc_4.4_14.0_0.91 55358.46486461099994 g 14.3312 0.0150 4.4000 14.0545 0.9184  9.3835  9.6666  9.6038
lc_4.4_14.0_0.91 56485.39700656430068 g 13.7928 0.0152 4.4000 14.0545 0.9184  9.3835  9.6666  9.6038
lc_4.4_14.0_0.91 56485.38706116429967 g 13.7983 0.0152 4.4000 14.0545 0.9184  9.3835  9.6666  9.6038
lc_4.4_14.0_0.91 56477.38528537980164 g 13.5576 0.0153 4.4000 14.0545 0.9184  9.3835  9.6666  9.6038
lc_4.4_14.0_0.91 56477.37482374440151 g 13.5355 0.0153 4.4000 14.0545 0.9184  9.3835  9.6666  9.6038
lc_4.4_14.0_0.91 55714.45772457410203 g 14.3942 0.0150 4.4000 14.0545 0.9184  9.3835  9.6666  9.6038
lc_4.6_14.0_0.91 55714.44665413950133 g 14.2903 0.0151 4.6000 14.0545 0.9184  9.3243  9.6090  9.5447
lc_4.6_14.0_0.91 56067.54943448390259 g 14.2937 0.0151 4.6000 14.0545 0.9184  9.3243  9.6090  9.5447
lc_4.6_14.0_0.91 55358.46486461099994 g 14.1138 0.0151 4.6000 14.0545 0.9184  9.3243  9.6090  9.5447
lc_4.6_14.0_0.91 56485.39700656430068 g 14.0988 0.0151 4.6000 14.0545 0.9184  9.3243  9.6090  9.5447
lc_4.6_14.0_0.91 56485.38706116429967 g 14.0709 0.0151 4.6000 14.0545 0.9184  9.3243  9.6090  9.5447
lc_4.6_14.0_0.91 56477.38528537980164 g 14.3427 0.0150 4.6000 14.0545 0.9184  9.3243  9.6090  9.5447
lc_4.6_14.0_0.91 56477.37482374440151 g 14.3623 0.0150 4.6000 14.0545 0.9184  9.3243  9.6090  9.5447
lc_4.6_14.0_0.91 55714.45772457410203 g 14.3032 0.0151 4.6000 14.0545 0.9184  9.3243  9.6090  9.5447
lc_4.8_14.0_0.91 55714.44665413950133 g 13.7486 0.0152 4.8000 14.0545 0.9184  9.2676  9.5538  9.4881
lc_4.8_14.0_0.91 56067.54943448390259 g 14.3027 0.0151 4.8000 14.0545 0.9184  9.2676  9.5538  9.4881
lc_4.8_14.0_0.91 56485.39700656430068 g 14.1196 0.0151 4.8000 14.0545 0.9184  9.2676  9.5538  9.4881
lc_4.8_14.0_0.91 56485.38706116429967 g 14.1171 0.0151 4.8000 14.0545 0.9184  9.2676  9.5538  9.4881
lc_4.8_14.0_0.91 56477.38528537980164 g 13.6553 0.0153 4.8000 14.0545 0.9184  9.2676  9.5538  9.4881
lc_4.8_14.0_0.91 56477.37482374440151 g 13.6393 0.0153 4.8000 14.0545 0.9184  9.2676  9.5538  9.4881
lc_4.8_14.0_0.91 55714.45772457410203 g 13.7630 0.0152 4.8000 14.0545 0.9184  9.2676  9.5538  9.4881
lc_5.0_14.0_0.91 56067.54943448390259 g 14.2699 0.0151 5.0000 14.0545 0.9184  9.2132  9.5009  9.4338
lc_5.0_14.0_0.91 55358.46486461099994 g 13.9857 0.0152 5.0000 14.0545 0.9184  9.2132  9.5009  9.4338
lc_5.0_14.0_0.91 56485.39700656430068 g 13.7788 0.0152 5.0000 14.0545 0.9184  9.2132  9.5009  9.4338
lc_5.0_14.0_0.91 56485.38706116429967 g 13.7670 0.0152 5.0000 14.0545 0.9184  9.2132  9.5009  9.4338
lc_5.0_14.0_0.91 56477.38528537980164 g 14.2784 0.0151 5.0000 14.0545 0.9184  9.2132  9.5009  9.4338
lc_5.0_14.0_0.91 56477.37482374440151 g 14.2694 0.0151 5.0000 14.0545 0.9184  9.2132  9.5009  9.4338
lc_5.2_14.0_0.91 55714.44665413950133 g 13.9023 0.0152 5.2000 14.0545 0.9184  9.1609  9.4500  9.3816
lc_5.2_14.0_0.91 56067.54943448390259 g 13.7711 0.0152 5.2000 14.0545 0.9184  9.1609  9.4500  9.3816
lc_5.2_14.0_0.91 55358.46486461099994 g 13.7322 0.0152 5.2000 14.0545 0.9184  9.1609  9.4500  9.3816
lc_5.2_14.0_0.91 56485.39700656430068 g 14.2420 0.0151 5.2000 14.0545 0.9184  9.1609  9.4500  9.3816
lc_5.2_14.0_0.91 56485.38706116429967 g 14.2284 0.0151 5.2000 14.0545 0.9184  9.1609  9.4500  9.3816
lc_5.2_14.0_0.91 55714.45772457410203 g 13.8993 0.0152 5.2000 14.0545 0.9184  9.1609  9.4500  9.3816
lc_5.4_14.0_0.91 55714.44665413950133 g 13.6058 0.0153 5.4000 14.0545 0.9184  9.1106  9.4011  9.3314
lc_5.4_14.0_0.91 56067.54943448390259 g 14.1792 0.0151 5.4000 14.0545 0.9184  9.1106  9.4011  9.3314
lc_5.4_14.0_0.91 55358.46486461099994 g 13.7731 0.0152 5.4000 14.0545 0.9184  9.1106  9.4011  9.3314
lc_5.4_14.0_0.91 56477.38528537980164 g 14.0517 0.0151 5.4000 14.0545 0.9184  9.1106  9.4011  9.3314
lc_5.4_14.0_0.91 56477.37482374440151 g 14.0623 0.0151 5.4000 14.0545 0.9184  9.1106  9.4011  9.3314
lc_5.4_14.0_0.91 55714.45772457410203 g 13.6356 0.0153 5.4000 14.0545 0.9184  9.1106  9.4011  9.3314
lc_5.6_14.0_0.91 55714.44665413950133 g 14.1998 0.0151 5.6000 14.0545 0.9184  9.0621  9.3540  9.2831
lc_5.6_14.0_0.91 56067.54943448390259 g 14.2239 0.0151 5.6000 14.0545 0.9184  9.0621  9.3540  9.2831
lc_5.6_14.0_0.91 56485.39700656430068 g 13.7482 0.0152 5.6000 14.0545 0.9184  9.0621  9.3540  9.2831
lc_5.6_14.0_0.91 56485.38706116429967 g 13.7553 0.0152 5.6000 14.0545 0.9184  9.0621  9.3540  9.2831
lc_5.6_14.0_0.91 56477.38528537980164 g 13.8315 0.0152 5.6000 14.0545 0.9184  9.0621  9.3540  9.2831
lc_5.6_14.0_0.91 56477.37482374440151 g 13.8760 0.0152 5.6000 14.0545 0.9184  9.0621  9.3540  9.2831
lc_5.6_14.0_0.91 55714.45772457410203 g 14.2184 0.0151 5.6000 14.0545 0.9184  9.0621  9.3540  9.2831
lc_5.8_14.0_0.91 55714.44665413950133 g 14.1965 0.0151 5.8000 14.0545 0.9184  9.0154  9.3085  9.2364
lc_5.8_14.0_0.91 56067.54943448390259 g 14.0664 0.0151 5.8000 14.0545 0.9184  9.0154  9.3085  9.2364
lc_5.8_14.0_0.91 55358.46486461099994 g 13.7421 0.0152 5.8000 14.0545 0.9184  9.0154  9.3085  9.2364
lc_5.8_14.0_0.91 56485.39700656430068 g 14.1358 0.0151 5.8000 14.0545 0.9184  9.0154  9.3085  9.2364
lc_5.8_14.0_0.91 56485.38706116429967 g 14.1467 0.0151 5.8000 14.0545 0.9184  9.0154  9.3085  9.2364
lc_5.8_14.0_0.91 56477.38528537980164 g 13.6128 0.0153 5.8000 14.0545 0.9184  9.0154  9.3085  9.2364
lc_5.8_14.0_0.91 56477.37482374440151 g 13.5853 0.0153 5.8000 14.0545 0.9184  9.0154  9.3085  9.2364
lc_5.8_14.0_0.91 55714.45772457410203 g 14.2142 0.0151 5.8000 14.0545 0.9184  9.0154  9.3085  9.2364
lc_6.0_14.0_0.91 55714.44665413950133 g 13.7997 0.0152 6.0000 14.0545 0.9184  8.9702  9.2645  9.1913
lc_6.0_14.0_0.91 56067.54943448390259 g 13.6132 0.0153 6.0000 14.0545 0.9184  8.9702  9.2645  9.1913
lc_6.0_14.0_0.91 56485.39700656430068 g 13.7561 0.0152 6.0000 14.0545 0.9184  8.9702  9.2645  9.1913
lc_6.0_14.0_0.91 56485.38706116429967 g 13.7642 0.0152 6.0000 14.0545 0.9184  8.9702  9.2645  9.1913
lc_6.0_14.0_0.91 56477.38528537980164 g 14.0344 0.0152 6.0000 14.0545 0.9184  8.9702  9.2645  9.1913
lc_6.0_14.0_0.91 56477.37482374440151 g 14.0320 0.0152 6.0000 14.0545 0.9184  8.9702  9.2645  9.1913
lc_6.0_14.0_0.91 55714.45772457410203 g 13.8084 0.0152 6.0000 14.0545 0.9184  8.9702  9.2645  9.1913
lc_6.2_14.0_0.91 55714.44665413950133 g 14.0802 0.0151 6.2000 14.0545 0.9184  8.9265  9.2220  9.1477
lc_6.2_14.0_0.91 56067.54943448390259 g 14.1687 0.0151 6.2000 14.0545 0.9184  8.9265  9.2220  9.1477
lc_6.2_14.0_0.91 55358.46486461099994 g 13.7573 0.0152 6.2000 14.0545 0.9184  8.9265  9.2220  9.1477
lc_6.2_14.0_0.91 56477.38528537980164 g 13.8632 0.0152 6.2000 14.0545 0.9184  8.9265  9.2220  9.1477
lc_6.2_14.0_0.91 56477.37482374440151 g 13.8847 0.0152 6.2000 14.0545 0.9184  8.9265  9.2220  9.1477
lc_6.2_14.0_0.91 55714.45772457410203 g 14.0592 0.0151 6.2000 14.0545 0.9184  8.9265  9.2220  9.1477
lc_6.4_14.0_0.91 55358.46486461099994 g 13.6287 0.0153 6.4000 14.0545 0.9184  8.8842  9.1808  9.1055
lc_6.4_14.0_0.91 56485.39700656430068 g 13.7496 0.0152 6.4000 14.0545 0.9184  8.8842  9.1808  9.1055
lc_6.4_14.0_0.91 56485.38706116429967 g 13.7583 0.0152 6.4000 14.0545 0.9184  8.8842  9.1808  9.1055
lc_6.6_14.0_0.91 55714.44665413950133 g 13.9569 0.0152 6.6000 14.0545 0.9184  8.8432  9.1409  9.0645
lc_6.6_14.0_0.91 56067.54943448390259 g 13.6472 0.0153 6.6000 14.0545 0.9184  8.8432  9.1409  9.0645
lc_6.6_14.0_0.91 55358.46486461099994 g 13.6774 0.0152 6.6000 14.0545 0.9184  8.8432  9.1409  9.0645
lc_6.6_14.0_0.91 56485.39700656430068 g 14.0254 0.0152 6.6000 14.0545 0.9184  8.8432  9.1409  9.0645
lc_6.6_14.0_0.91 56485.38706116429967 g 14.0538 0.0151 6.6000 14.0545 0.9184  8.8432  9.1409  9.0645
lc_6.6_14.0_0.91 56477.38528537980164 g 13.7536 0.0152 6.6000 14.0545 0.9184  8.8432  9.1409  9.0645
lc_6.6_14.0_0.91 56477.37482374440151 g 13.7295 0.0152 6.6000 14.0545 0.9184  8.8432  9.1409  9.0645
lc_6.6_14.0_0.91 55714.45772457410203 g 13.9659 0.0152 6.6000 14.0545 0.9184  8.8432  9.1409  9.0645
lc_6.8_14.0_0.91 55714.44665413950133 g 13.8024 0.0152 6.8000 14.0545 0.9184  8.8034  9.1022  9.0248
lc_6.8_14.0_0.91 56067.54943448390259 g 13.7068 0.0152 6.8000 14.0545 0.9184  8.8034  9.1022  9.0248
lc_6.8_14.0_0.91 56485.39700656430068 g 13.8314 0.0152 6.8000 14.0545 0.9184  8.8034  9.1022  9.0248
lc_6.8_14.0_0.91 56485.38706116429967 g 13.8351 0.0152 6.8000 14.0545 0.9184  8.8034  9.1022  9.0248
lc_6.8_14.0_0.91 56477.38528537980164 g 14.0441 0.0152 6.8000 14.0545 0.9184  8.8034  9.1022  9.0248
lc_6.8_14.0_0.91 56477.37482374440151 g 14.0582 0.0151 6.8000 14.0545 0.9184  8.8034  9.1022  9.0248
lc_6.8_14.0_0.91 55714.45772457410203 g 13.7934 0.0152 6.8000 14.0545 0.9184  8.8034  9.1022  9.0248
lc_7.0_14.0_0.91 56067.54943448390259 g 13.5739 0.0153 7.0000 14.0545 0.9184  8.7647  9.0646  8.9863
lc_7.0_14.0_0.91 56477.38528537980164 g 13.5404 0.0153 7.0000 14.0545 0.9184  8.7647  9.0646  8.9863
lc_7.0_14.0_0.91 56477.37482374440151 g 13.5746 0.0153 7.0000 14.0545 0.9184  8.7647  9.0646  8.9863
lc_7.2_14.0_0.91 55358.46486461099994 g 14.0808 0.0151 7.2000 14.0545 0.9184  8.7272  9.0281  8.9488
lc_7.4_14.0_0.91 56485.39700656430068 g 13.6745 0.0152 7.4000 14.0545 0.9184  8.6907  8.9926  8.9124
lc_7.4_14.0_0.91 56485.38706116429967 g 13.6845 0.0152 7.4000 14.0545 0.9184  8.6907  8.9926  8.9124
lc_7.4_14.0_0.91 56477.37482374440151 g 13.5140 0.0153 7.4000 14.0545 0.9184  8.6907  8.9926  8.9124
lc_7.6_14.0_0.91 56067.54943448390259 g 13.9713 0.0152 7.6000 14.0545 0.9184  8.6551  8.9580  8.8769
lc_7.6_14.0_0.91 56485.39700656430068 g 13.9504 0.0152 7.6000 14.0545 0.9184  8.6551  8.9580  8.8769
lc_7.6_14.0_0.91 56485.38706116429967 g 13.9380 0.0152 7.6000 14.0545 0.9184  8.6551  8.9580  8.8769
lc_7.6_14.0_0.91 56477.38528537980164 g 13.8627 0.0152 7.6000 14.0545 0.9184  8.6551  8.9580  8.8769
lc_7.6_14.0_0.91 56477.37482374440151 g 13.8474 0.0152 7.6000 14.0545 0.9184  8.6551  8.9580  8.8769
lc_7.8_14.0_0.91 56485.39700656430068 g 13.9543 0.0152 7.8000 14.0545 0.9184  8.6205  8.9243  8.8424
lc_7.8_14.0_0.91 56485.38706116429967 g 13.9576 0.0152 7.8000 14.0545 0.9184  8.6205  8.9243  8.8424
lc_7.8_14.0_0.91 56477.38528537980164 g 13.9653 0.0152 7.8000 14.0545 0.9184  8.6205  8.9243  8.8424
lc_7.8_14.0_0.91 56477.37482374440151 g 13.9739 0.0152 7.8000 14.0545 0.9184  8.6205  8.9243  8.8424
lc_8.0_14.0_0.91 55714.44665413950133 g 13.8319 0.0152 8.0000 14.0545 0.9184  8.5868  8.8915  8.8087
lc_8.0_14.0_0.91 56067.54943448390259 g 13.9874 0.0152 8.0000 14.0545 0.9184  8.5868  8.8915  8.8087
lc_8.0_14.0_0.91 55714.45772457410203 g 13.8322 0.0152 8.0000 14.0545 0.9184  8.5868  8.8915  8.8087
lc_8.2_14.0_0.91 55358.46486461099994 g 13.9097 0.0152 8.2000 14.0545 0.9184  8.5539  8.8595  8.7759
lc_8.4_14.0_0.91 55714.44665413950133 g 13.6103 0.0153 8.4000 14.0545 0.9184  8.5218  8.8283  8.7438
lc_8.4_14.0_0.91 56067.54943448390259 g 13.6740 0.0152 8.4000 14.0545 0.9184  8.5218  8.8283  8.7438
lc_8.4_14.0_0.91 55714.45772457410203 g 13.6079 0.0153 8.4000 14.0545 0.9184  8.5218  8.8283  8.7438
lc_8.6_14.0_0.91 55714.44665413950133 g 13.9358 0.0152 8.6000 14.0545 0.9184  8.4904  8.7978  8.7125
lc_8.6_14.0_0.91 56067.54943448390259 g 13.8934 0.0152 8.6000 14.0545 0.9184  8.4904  8.7978  8.7125
lc_8.6_14.0_0.91 56477.38528537980164 g 13.5374 0.0153 8.6000 14.0545 0.9184  8.4904  8.7978  8.7125
lc_8.6_14.0_0.91 56477.37482374440151 g 13.5435 0.0153 8.6000 14.0545 0.9184  8.4904  8.7978  8.7125
lc_8.6_14.0_0.91 55714.45772457410203 g 13.9467 0.0152 8.6000 14.0545 0.9184  8.4904  8.7978  8.7125
lc_8.8_14.0_0.91 55714.44665413950133 g 13.5104 0.0153 8.8000 14.0545 0.9184  8.4598  8.7679  8.6820
lc_8.8_14.0_0.91 55358.46486461099994 g 13.5265 0.0153 8.8000 14.0545 0.9184  8.4598  8.7679  8.6820
lc_8.8_14.0_0.91 56485.39700656430068 g 13.6506 0.0153 8.8000 14.0545 0.9184  8.4598  8.7679  8.6820
lc_8.8_14.0_0.91 56485.38706116429967 g 13.6377 0.0153 8.8000 14.0545 0.9184  8.4598  8.7679  8.6820
lc_8.8_14.0_0.91 56477.38528537980164 g 13.7520 0.0152 8.8000 14.0545 0.9184  8.4598  8.7679  8.6820
lc_8.8_14.0_0.91 56477.37482374440151 g 13.7569 0.0152 8.8000 14.0545 0.9184  8.4598  8.7679  8.6820
lc_8.8_14.0_0.91 55714.45772457410203 g 13.5188 0.0153 8.8000 14.0545 0.9184  8.4598  8.7679  8.6820
lc_9.0_14.0_0.91 56485.39700656430068 g 13.7848 0.0152 9.0000 14.0545 0.9184  8.4298  8.7388  8.6521
lc_9.0_14.0_0.91 56485.38706116429967 g 13.7983 0.0152 9.0000 14.0545 0.9184  8.4298  8.7388  8.6521
lc_9.0_14.0_0.91 56477.38528537980164 g 13.8798 0.0152 9.0000 14.0545 0.9184  8.4298  8.7388  8.6521
lc_9.0_14.0_0.91 56477.37482374440151 g 13.9034 0.0152 9.0000 14.0545 0.9184  8.4298  8.7388  8.6521
lc_9.2_14.0_0.91 56485.39700656430068 g 13.8831 0.0152 9.2000 14.0545 0.9184  8.4005  8.7103  8.6228
lc_9.2_14.0_0.91 56485.38706116429967 g 13.8440 0.0152 9.2000 14.0545 0.9184  8.4005  8.7103  8.6228
lc_9.2_14.0_0.91 56477.38528537980164 g 13.5822 0.0153 9.2000 14.0545 0.9184  8.4005  8.7103  8.6228
lc_9.2_14.0_0.91 56477.37482374440151 g 13.5780 0.0153 9.2000 14.0545 0.9184  8.4005  8.7103  8.6228
lc_9.4_14.0_0.91 55714.44665413950133 g 13.6757 0.0152 9.4000 14.0545 0.9184  8.3719  8.6824  8.5942
lc_9.4_14.0_0.91 56485.39700656430068 g 13.6049 0.0153 9.4000 14.0545 0.9184  8.3719  8.6824  8.5942
lc_9.4_14.0_0.91 56485.38706116429967 g 13.6338 0.0153 9.4000 14.0545 0.9184  8.3719  8.6824  8.5942
lc_9.4_14.0_0.91 55714.45772457410203 g 13.6487 0.0153 9.4000 14.0545 0.9184  8.3719  8.6824  8.5942
