# Name Epoch Band Mag eMag period DM E(B-V) KMEAN  W1MEAN W2MEAN
1.0418.58_0.13_5 55011.53535956949781 r 17.3837 0.0095 11.0000  8.5800 0.1393 2.6271 2.9907 2.8725
1.0608.58_0.13_5 55364.45012807570311 r 15.2824 0.0026 11.5000  8.5800 0.1393 2.5689 2.9117 2.8277
1.0798.58_0.13_5 55364.43851445009932 r 21.8548 0.2727 12.0000  8.5800 0.1393 2.5088 2.8625 2.7615
1.0968.58_0.13_5 56480.37146122840204 r 16.0569 0.0041 12.5000  8.5800 0.1393 2.4643 2.8160 2.7027
1.1468.58_0.13_5 56481.53292585920281 r 18.5943 0.0221 14.0000  8.5800 0.1393 2.3189 2.6649 2.5656
1.1468.58_0.13_5 55760.32189668309729 r 15.4629 0.0029 14.0000  8.5800 0.1393 2.3189 2.6649 2.5656
1.1618.58_0.13_5 56481.53292585920281 r 19.6282 0.0475 14.5000  8.5800 0.1393 2.2663 2.6197 2.5171
1.1908.58_0.13_5 55364.43851445009932 r 17.0149 0.0074 15.5000  8.5800 0.1393 2.1752 2.5250 2.4365
1.2308.58_0.13_5 55011.52625776860077 r 21.9064 0.2844 17.0000  8.5800 0.1393 2.0453 2.4020 2.3165
1.2438.58_0.13_5 56471.52280224129936 r 15.9013 0.0037 17.5000  8.5800 0.1393 2.0138 2.3639 2.2672
1.2438.58_0.13_5 55011.52625776860077 r 16.9154 0.0070 17.5000  8.5800 0.1393 2.0138 2.3639 2.2672
1.2438.58_0.13_5 55011.53535956949781 r 20.3082 0.0799 17.5000  8.5800 0.1393 2.0138 2.3639 2.2672
1.2908.58_0.13_5 56481.53292585920281 r 13.9128 0.0013 19.5000  8.5800 0.1393 1.8648 2.2411 2.1258
1.3018.58_0.13_5 55011.53535956949781 r 19.6694 0.0490 20.0000  8.5800 0.1393 1.8393 2.1966 2.0896
1.3118.58_0.13_5 55011.52625776860077 r 20.3815 0.0846 20.5000  8.5800 0.1393 1.8137 2.1639 2.0627
1.3618.58_0.13_5 55011.53535956949781 r 21.8740 0.2770 23.0000  8.5800 0.1393 1.6641 2.0303 1.9107
1.3718.58_0.13_5 55783.40784099110169 r 15.6256 0.0032 23.5000  8.5800 0.1393 1.6228 1.9927 1.8675
1.4238.58_0.13_5 55011.53535956949781 r 15.1014 0.0024 26.5000  8.5800 0.1393 1.4514 1.8273 1.7087
1.4239.79_0.17_5 55364.43851445009932 r 13.7112 0.0012 26.5000  9.7952 0.1742 2.7008 3.0728 2.9310
1.4629.79_0.17_5 55364.43851445009932 r 14.2637 0.0016 29.0000  9.7952 0.1742 2.5727 2.9585 2.8176
1.4779.79_0.17_5 55783.39725862249907 r 17.9708 0.0142 30.0000  9.7952 0.1742 2.5270 2.9019 2.7773
