# Name Epoch Band Mag eMag period DM E(B-V) KMEAN  W1MEAN W2MEAN
0.47714.0_0.51_3 55358.46210555639846 g 13.6565 0.0152 3.0000 14.0812 0.5144 10.0241 10.2269 10.1957
0.47714.1_0.51_3 55358.46210555639846 g 13.6443 0.0153 3.0000 14.1465 0.5144 10.0730 10.2961 10.2507
0.47714.2_0.51_3 55358.46210555639846 g 13.7411 0.0152 3.0000 14.2409 0.5144 10.1706 10.3904 10.3326
0.47714.3_0.51_3 55358.46210555639846 g 13.7654 0.0152 3.0000 14.3637 0.5144 10.2909 10.5049 10.4628
0.47714.3_0.51_3 56068.51329266279936 g 13.5085 0.0153 3.0000 14.3637 0.5144 10.2909 10.5049 10.4628
0.47714.5_0.51_3 56482.37886758200329 g 13.6333 0.0153 3.0000 14.5451 0.5144 10.4655 10.6914 10.6488
0.47714.5_0.51_3 56482.38874047309946 g 13.6294 0.0153 3.0000 14.5451 0.5144 10.4655 10.6914 10.6488
0.47714.5_0.51_3 55358.46210555639846 g 14.0487 0.0151 3.0000 14.5451 0.5144 10.4655 10.6914 10.6488
0.47714.5_0.51_3 56068.52285691830184 g 13.7066 0.0152 3.0000 14.5451 0.5144 10.4655 10.6914 10.6488
0.47714.5_0.51_3 56068.51329266279936 g 13.7153 0.0152 3.0000 14.5451 0.5144 10.4655 10.6914 10.6488
0.47714.7_0.51_3 56482.37886758200329 g 13.8255 0.0152 3.0000 14.7224 0.5144 10.6469 10.8800 10.8044
0.47714.7_0.51_3 56482.38874047309946 g 13.7961 0.0152 3.0000 14.7224 0.5144 10.6469 10.8800 10.8044
0.47714.7_0.51_3 55358.46210555639846 g 14.1629 0.0151 3.0000 14.7224 0.5144 10.6469 10.8800 10.8044
0.47714.7_0.51_3 56068.52285691830184 g 13.8988 0.0152 3.0000 14.7224 0.5144 10.6469 10.8800 10.8044
0.47714.7_0.51_3 56068.51329266279936 g 13.8727 0.0152 3.0000 14.7224 0.5144 10.6469 10.8800 10.8044
0.47714.9_0.51_3 56482.37886758200329 g 14.0122 0.0152 3.0000 14.9136 0.5144 10.8493 11.0662 11.0275
0.47714.9_0.51_3 56482.38874047309946 g 14.0197 0.0152 3.0000 14.9136 0.5144 10.8493 11.0662 11.0275
0.47714.9_0.51_3 55358.46210555639846 g 14.3981 0.0150 3.0000 14.9136 0.5144 10.8493 11.0662 11.0275
0.47714.9_0.51_3 56068.52285691830184 g 14.0633 0.0151 3.0000 14.9136 0.5144 10.8493 11.0662 11.0275
0.47714.9_0.51_3 56068.51329266279936 g 14.0699 0.0151 3.0000 14.9136 0.5144 10.8493 11.0662 11.0275
0.47715.1_0.51_3 55395.38947330739757 g 13.5432 0.0153 3.0000 15.1671 0.5144 11.0921 11.3331 11.2703
0.47715.1_0.51_3 56482.37886758200329 g 14.2772 0.0151 3.0000 15.1671 0.5144 11.0921 11.3331 11.2703
0.47715.1_0.51_3 56482.38874047309946 g 14.2731 0.0151 3.0000 15.1671 0.5144 11.0921 11.3331 11.2703
0.47715.1_0.51_3 55395.38122422849847 g 13.5547 0.0153 3.0000 15.1671 0.5144 11.0921 11.3331 11.2703
0.47715.1_0.51_3 55358.46210555639846 g 14.6703 0.0149 3.0000 15.1671 0.5144 11.0921 11.3331 11.2703
0.47715.1_0.51_3 55722.50566039470141 g 13.5788 0.0153 3.0000 15.1671 0.5144 11.0921 11.3331 11.2703
0.47715.1_0.51_3 55722.51681456810184 g 13.5704 0.0153 3.0000 15.1671 0.5144 11.0921 11.3331 11.2703
0.47715.1_0.51_3 56068.52285691830184 g 14.3407 0.0150 3.0000 15.1671 0.5144 11.0921 11.3331 11.2703
0.47715.1_0.51_3 56068.51329266279936 g 14.3414 0.0150 3.0000 15.1671 0.5144 11.0921 11.3331 11.2703
0.47715.1_0.51_3 56475.38128089479869 g 13.5464 0.0153 3.0000 15.1671 0.5144 11.0921 11.3331 11.2703
0.47715.1_0.51_3 56475.39179280820099 g 13.5415 0.0153 3.0000 15.1671 0.5144 11.0921 11.3331 11.2703
0.47715.1_0.51_3 56501.32743122849934 r 13.6589 0.0012 3.0000 15.1671 0.5144 11.0921 11.3331 11.2703
0.47715.1_0.51_3 56501.32864820909890 r 13.6607 0.0012 3.0000 15.1671 0.5144 11.0921 11.3331 11.2703
0.47715.1_0.51_3 55397.28701230550359 i 13.5556 0.0154 3.0000 15.1671 0.5144 11.0921 11.3331 11.2703
0.47715.1_0.51_3 55397.29886679589981 i 13.5656 0.0154 3.0000 15.1671 0.5144 11.0921 11.3331 11.2703
0.54414.2_0.51_3 56068.52285691830184 g 13.5450 0.0153 3.5000 14.2409 0.5144 9.9922 10.2132 10.1151
0.54414.2_0.51_3 56068.51329266279936 g 13.5469 0.0153 3.5000 14.2409 0.5144 9.9922 10.2132 10.1151
0.54414.3_0.51_3 56068.52285691830184 g 13.7085 0.0152 3.5000 14.3637 0.5144 10.0916 10.3099 10.2477
0.54414.3_0.51_3 56068.51329266279936 g 13.7054 0.0152 3.5000 14.3637 0.5144 10.0916 10.3099 10.2477
0.54414.5_0.51_3 55395.38947330739757 g 13.6808 0.0152 3.5000 14.5451 0.5144 10.2530 10.5090 10.4295
0.54414.5_0.51_3 55395.38122422849847 g 13.6468 0.0153 3.5000 14.5451 0.5144 10.2530 10.5090 10.4295
0.54414.5_0.51_3 56068.52285691830184 g 13.8695 0.0152 3.5000 14.5451 0.5144 10.2530 10.5090 10.4295
0.54414.5_0.51_3 56068.51329266279936 g 13.8388 0.0152 3.5000 14.5451 0.5144 10.2530 10.5090 10.4295
0.54414.7_0.51_3 55395.38947330739757 g 13.8437 0.0152 3.5000 14.7224 0.5144 10.4498 10.6806 10.5999
0.54414.7_0.51_3 55395.38122422849847 g 13.8472 0.0152 3.5000 14.7224 0.5144 10.4498 10.6806 10.5999
0.54414.7_0.51_3 55358.46210555639846 g 13.5624 0.0153 3.5000 14.7224 0.5144 10.4498 10.6806 10.5999
0.54414.7_0.51_3 56068.52285691830184 g 14.0243 0.0152 3.5000 14.7224 0.5144 10.4498 10.6806 10.5999
0.54414.7_0.51_3 56068.51329266279936 g 14.0442 0.0152 3.5000 14.7224 0.5144 10.4498 10.6806 10.5999
0.54414.9_0.51_3 55395.38947330739757 g 14.0470 0.0152 3.5000 14.9136 0.5144 10.6310 10.8727 10.8073
0.54414.9_0.51_3 55395.38122422849847 g 14.0246 0.0152 3.5000 14.9136 0.5144 10.6310 10.8727 10.8073
0.54414.9_0.51_3 55358.46210555639846 g 13.7522 0.0152 3.5000 14.9136 0.5144 10.6310 10.8727 10.8073
0.54414.9_0.51_3 55722.50566039470141 g 13.6541 0.0153 3.5000 14.9136 0.5144 10.6310 10.8727 10.8073
0.54414.9_0.51_3 55722.51681456810184 g 13.6458 0.0153 3.5000 14.9136 0.5144 10.6310 10.8727 10.8073
0.54414.9_0.51_3 56068.52285691830184 g 14.2513 0.0151 3.5000 14.9136 0.5144 10.6310 10.8727 10.8073
0.54414.9_0.51_3 56068.51329266279936 g 14.2431 0.0151 3.5000 14.9136 0.5144 10.6310 10.8727 10.8073
0.54415.1_0.51_3 55395.38947330739757 g 14.2117 0.0151 3.5000 15.1671 0.5144 10.9050 11.1271 11.0682
0.54415.1_0.51_3 56482.37886758200329 g 13.5868 0.0153 3.5000 15.1671 0.5144 10.9050 11.1271 11.0682
0.54415.1_0.51_3 56482.38874047309946 g 13.5893 0.0153 3.5000 15.1671 0.5144 10.9050 11.1271 11.0682
0.54415.1_0.51_3 55395.38122422849847 g 14.2386 0.0151 3.5000 15.1671 0.5144 10.9050 11.1271 11.0682
0.54415.1_0.51_3 55358.46210555639846 g 14.0324 0.0152 3.5000 15.1671 0.5144 10.9050 11.1271 11.0682
0.54415.1_0.51_3 55722.50566039470141 g 13.9869 0.0152 3.5000 15.1671 0.5144 10.9050 11.1271 11.0682
0.54415.1_0.51_3 55722.51681456810184 g 13.9276 0.0152 3.5000 15.1671 0.5144 10.9050 11.1271 11.0682
0.54415.1_0.51_3 56068.52285691830184 g 14.4225 0.0150 3.5000 15.1671 0.5144 10.9050 11.1271 11.0682
0.54415.1_0.51_3 56068.51329266279936 g 14.4441 0.0150 3.5000 15.1671 0.5144 10.9050 11.1271 11.0682
0.54415.1_0.51_3 56475.38128089479869 g 13.6035 0.0153 3.5000 15.1671 0.5144 10.9050 11.1271 11.0682
0.54415.1_0.51_3 56475.39179280820099 g 13.5874 0.0153 3.5000 15.1671 0.5144 10.9050 11.1271 11.0682
0.60214.3_0.51_3 56482.37886758200329 g 13.6013 0.0153 4.0000 14.3637 0.5144 9.9062 10.1405 10.0660
0.60214.3_0.51_3 56482.38874047309946 g 13.5922 0.0153 4.0000 14.3637 0.5144 9.9062 10.1405 10.0660
0.60214.3_0.51_3 55358.46210555639846 g 13.5690 0.0153 4.0000 14.3637 0.5144 9.9062 10.1405 10.0660
0.60214.3_0.51_3 55722.50566039470141 g 13.5577 0.0153 4.0000 14.3637 0.5144 9.9062 10.1405 10.0660
0.60214.3_0.51_3 55722.51681456810184 g 13.5218 0.0153 4.0000 14.3637 0.5144 9.9062 10.1405 10.0660
0.60214.5_0.51_3 56482.37886758200329 g 13.7325 0.0152 4.0000 14.5451 0.5144 10.1001 10.3297 10.2570
0.60214.5_0.51_3 56482.38874047309946 g 13.7060 0.0152 4.0000 14.5451 0.5144 10.1001 10.3297 10.2570
0.60214.5_0.51_3 55358.46210555639846 g 13.7013 0.0152 4.0000 14.5451 0.5144 10.1001 10.3297 10.2570
0.60214.5_0.51_3 55722.50566039470141 g 13.6809 0.0152 4.0000 14.5451 0.5144 10.1001 10.3297 10.2570
0.60214.5_0.51_3 55722.51681456810184 g 13.6902 0.0152 4.0000 14.5451 0.5144 10.1001 10.3297 10.2570
0.60214.7_0.51_3 56482.37886758200329 g 13.8934 0.0152 4.0000 14.7224 0.5144 10.2439 10.5049 10.4376
0.60214.7_0.51_3 56482.38874047309946 g 13.9069 0.0152 4.0000 14.7224 0.5144 10.2439 10.5049 10.4376
0.60214.7_0.51_3 55358.46210555639846 g 13.8945 0.0152 4.0000 14.7224 0.5144 10.2439 10.5049 10.4376
0.60214.7_0.51_3 55722.50566039470141 g 13.8709 0.0152 4.0000 14.7224 0.5144 10.2439 10.5049 10.4376
0.60214.7_0.51_3 55722.51681456810184 g 13.8790 0.0152 4.0000 14.7224 0.5144 10.2439 10.5049 10.4376
0.60214.9_0.51_3 56482.37886758200329 g 14.1196 0.0151 4.0000 14.9136 0.5144 10.4552 10.6856 10.6195
0.60214.9_0.51_3 56482.38874047309946 g 14.1037 0.0151 4.0000 14.9136 0.5144 10.4552 10.6856 10.6195
0.60214.9_0.51_3 55358.46210555639846 g 14.1063 0.0151 4.0000 14.9136 0.5144 10.4552 10.6856 10.6195
0.60214.9_0.51_3 55722.50566039470141 g 14.0525 0.0151 4.0000 14.9136 0.5144 10.4552 10.6856 10.6195
0.60214.9_0.51_3 55722.51681456810184 g 14.0871 0.0151 4.0000 14.9136 0.5144 10.4552 10.6856 10.6195
0.60214.9_0.51_3 56068.52285691830184 g 13.6892 0.0152 4.0000 14.9136 0.5144 10.4552 10.6856 10.6195
0.60214.9_0.51_3 56068.51329266279936 g 13.6908 0.0152 4.0000 14.9136 0.5144 10.4552 10.6856 10.6195
0.60215.1_0.51_3 56482.37886758200329 g 14.3498 0.0150 4.0000 15.1671 0.5144 10.7270 10.9584 10.8680
0.60215.1_0.51_3 56482.38874047309946 g 14.3845 0.0150 4.0000 15.1671 0.5144 10.7270 10.9584 10.8680
0.60215.1_0.51_3 55358.46210555639846 g 14.3368 0.0150 4.0000 15.1671 0.5144 10.7270 10.9584 10.8680
0.60215.1_0.51_3 55722.50566039470141 g 14.3162 0.0150 4.0000 15.1671 0.5144 10.7270 10.9584 10.8680
0.60215.1_0.51_3 55722.51681456810184 g 14.3227 0.0150 4.0000 15.1671 0.5144 10.7270 10.9584 10.8680
0.60215.1_0.51_3 56068.52285691830184 g 13.9314 0.0152 4.0000 15.1671 0.5144 10.7270 10.9584 10.8680
0.60215.1_0.51_3 56068.51329266279936 g 13.9577 0.0152 4.0000 15.1671 0.5144 10.7270 10.9584 10.8680
0.65314.5_0.51_3 56482.37886758200329 g 13.6171 0.0153 4.5000 14.5451 0.5144 9.9302 10.1809 10.1029
0.65314.5_0.51_3 56482.38874047309946 g 13.5945 0.0153 4.5000 14.5451 0.5144 9.9302 10.1809 10.1029
0.65314.5_0.51_3 55358.46210555639846 g 13.5798 0.0153 4.5000 14.5451 0.5144 9.9302 10.1809 10.1029
0.65314.5_0.51_3 55722.50566039470141 g 13.6660 0.0152 4.5000 14.5451 0.5144 9.9302 10.1809 10.1029
0.65314.5_0.51_3 55722.51681456810184 g 13.6708 0.0152 4.5000 14.5451 0.5144 9.9302 10.1809 10.1029
0.65314.5_0.51_3 56068.52285691830184 g 13.6354 0.0153 4.5000 14.5451 0.5144 9.9302 10.1809 10.1029
0.65314.5_0.51_3 56068.51329266279936 g 13.6130 0.0153 4.5000 14.5451 0.5144 9.9302 10.1809 10.1029
0.65314.7_0.51_3 56482.37886758200329 g 13.7680 0.0152 4.5000 14.7224 0.5144 10.1141 10.3427 10.2778
0.65314.7_0.51_3 56482.38874047309946 g 13.7467 0.0152 4.5000 14.7224 0.5144 10.1141 10.3427 10.2778
0.65314.7_0.51_3 55358.46210555639846 g 13.7398 0.0152 4.5000 14.7224 0.5144 10.1141 10.3427 10.2778
0.65314.7_0.51_3 55722.50566039470141 g 13.8456 0.0152 4.5000 14.7224 0.5144 10.1141 10.3427 10.2778
0.65314.7_0.51_3 55722.51681456810184 g 13.8589 0.0152 4.5000 14.7224 0.5144 10.1141 10.3427 10.2778
0.65314.7_0.51_3 56068.52285691830184 g 13.7726 0.0152 4.5000 14.7224 0.5144 10.1141 10.3427 10.2778
0.65314.7_0.51_3 56068.51329266279936 g 13.7932 0.0152 4.5000 14.7224 0.5144 10.1141 10.3427 10.2778
0.65314.9_0.51_3 56482.37886758200329 g 13.9736 0.0152 4.5000 14.9136 0.5144 10.2911 10.5521 10.4769
0.65314.9_0.51_3 56482.38874047309946 g 13.9585 0.0152 4.5000 14.9136 0.5144 10.2911 10.5521 10.4769
0.65314.9_0.51_3 55358.46210555639846 g 13.9470 0.0152 4.5000 14.9136 0.5144 10.2911 10.5521 10.4769
0.65314.9_0.51_3 55722.50566039470141 g 14.0360 0.0152 4.5000 14.9136 0.5144 10.2911 10.5521 10.4769
0.65314.9_0.51_3 55722.51681456810184 g 14.0523 0.0151 4.5000 14.9136 0.5144 10.2911 10.5521 10.4769
0.65314.9_0.51_3 56068.52285691830184 g 13.9992 0.0152 4.5000 14.9136 0.5144 10.2911 10.5521 10.4769
0.65314.9_0.51_3 56068.51329266279936 g 13.9826 0.0152 4.5000 14.9136 0.5144 10.2911 10.5521 10.4769
0.65315.1_0.51_3 56482.37886758200329 g 14.1809 0.0151 4.5000 15.1671 0.5144 10.5396 10.7871 10.7291
0.65315.1_0.51_3 56482.38874047309946 g 14.1814 0.0151 4.5000 15.1671 0.5144 10.5396 10.7871 10.7291
0.65315.1_0.51_3 55358.46210555639846 g 14.2026 0.0151 4.5000 15.1671 0.5144 10.5396 10.7871 10.7291
0.65315.1_0.51_3 55722.50566039470141 g 14.3055 0.0151 4.5000 15.1671 0.5144 10.5396 10.7871 10.7291
0.65315.1_0.51_3 55722.51681456810184 g 14.2840 0.0151 4.5000 15.1671 0.5144 10.5396 10.7871 10.7291
0.65315.1_0.51_3 56068.52285691830184 g 14.2253 0.0151 4.5000 15.1671 0.5144 10.5396 10.7871 10.7291
0.65315.1_0.51_3 56068.51329266279936 g 14.2177 0.0151 4.5000 15.1671 0.5144 10.5396 10.7871 10.7291
0.69814.7_0.51_3 56482.37886758200329 g 13.5266 0.0153 5.0000 14.7224 0.5144 9.9768 10.2134 10.1281
0.69814.7_0.51_3 56482.38874047309946 g 13.5213 0.0153 5.0000 14.7224 0.5144 9.9768 10.2134 10.1281
0.69814.7_0.51_3 55358.46210555639846 g 13.7403 0.0152 5.0000 14.7224 0.5144 9.9768 10.2134 10.1281
0.69814.7_0.51_3 55722.50566039470141 g 13.5606 0.0153 5.0000 14.7224 0.5144 9.9768 10.2134 10.1281
0.69814.7_0.51_3 55722.51681456810184 g 13.5400 0.0153 5.0000 14.7224 0.5144 9.9768 10.2134 10.1281
0.69814.7_0.51_3 56068.52285691830184 g 13.7315 0.0152 5.0000 14.7224 0.5144 9.9768 10.2134 10.1281
0.69814.7_0.51_3 56068.51329266279936 g 13.7661 0.0152 5.0000 14.7224 0.5144 9.9768 10.2134 10.1281
0.69814.9_0.51_3 56482.37886758200329 g 13.7037 0.0152 5.0000 14.9136 0.5144 10.1629 10.3731 10.3184
0.69814.9_0.51_3 56482.38874047309946 g 13.6604 0.0152 5.0000 14.9136 0.5144 10.1629 10.3731 10.3184
0.69814.9_0.51_3 55358.46210555639846 g 13.9414 0.0152 5.0000 14.9136 0.5144 10.1629 10.3731 10.3184
0.69814.9_0.51_3 55722.50566039470141 g 13.7268 0.0152 5.0000 14.9136 0.5144 10.1629 10.3731 10.3184
0.69814.9_0.51_3 55722.51681456810184 g 13.7071 0.0152 5.0000 14.9136 0.5144 10.1629 10.3731 10.3184
0.69814.9_0.51_3 56068.52285691830184 g 13.8893 0.0152 5.0000 14.9136 0.5144 10.1629 10.3731 10.3184
0.69814.9_0.51_3 56068.51329266279936 g 13.9130 0.0152 5.0000 14.9136 0.5144 10.1629 10.3731 10.3184
0.69815.1_0.51_3 56482.37886758200329 g 13.9673 0.0152 5.0000 15.1671 0.5144 10.4007 10.6414 10.5810
0.69815.1_0.51_3 56482.38874047309946 g 14.0149 0.0152 5.0000 15.1671 0.5144 10.4007 10.6414 10.5810
0.69815.1_0.51_3 55358.46210555639846 g 14.2051 0.0151 5.0000 15.1671 0.5144 10.4007 10.6414 10.5810
0.69815.1_0.51_3 55722.50566039470141 g 14.0117 0.0152 5.0000 15.1671 0.5144 10.4007 10.6414 10.5810
0.69815.1_0.51_3 55722.51681456810184 g 14.0330 0.0152 5.0000 15.1671 0.5144 10.4007 10.6414 10.5810
0.69815.1_0.51_3 56068.52285691830184 g 14.2374 0.0151 5.0000 15.1671 0.5144 10.4007 10.6414 10.5810
0.69815.1_0.51_3 56068.51329266279936 g 14.1997 0.0151 5.0000 15.1671 0.5144 10.4007 10.6414 10.5810
0.74014.5_0.51_3 55395.38947330739757 g 13.5556 0.0153 5.5000 14.5451 0.5144 9.6675 9.9175 9.8374
0.74014.7_0.51_3 55395.38947330739757 g 13.6459 0.0153 5.5000 14.7224 0.5144 9.8430 10.1003 9.9974
0.74014.7_0.51_3 55395.38122422849847 g 13.6583 0.0152 5.5000 14.7224 0.5144 9.8430 10.1003 9.9974
0.74014.9_0.51_3 55395.38947330739757 g 13.9724 0.0152 5.5000 14.9136 0.5144 10.0351 10.2784 10.2068
0.74014.9_0.51_3 55395.38122422849847 g 13.9728 0.0152 5.5000 14.9136 0.5144 10.0351 10.2784 10.2068
0.74015.1_0.51_3 55395.38947330739757 g 14.1603 0.0151 5.5000 15.1671 0.5144 10.2762 10.5310 10.4613
0.74015.1_0.51_3 56482.37886758200329 g 13.6681 0.0152 5.5000 15.1671 0.5144 10.2762 10.5310 10.4613
0.74015.1_0.51_3 56482.38874047309946 g 13.6431 0.0153 5.5000 15.1671 0.5144 10.2762 10.5310 10.4613
0.74015.1_0.51_3 55395.38122422849847 g 14.1628 0.0151 5.5000 15.1671 0.5144 10.2762 10.5310 10.4613
0.77814.9_0.51_3 55722.50566039470141 g 13.6666 0.0152 6.0000 14.9136 0.5144 9.9287 10.1779 10.1014
0.77814.9_0.51_3 55722.51681456810184 g 13.6594 0.0152 6.0000 14.9136 0.5144 9.9287 10.1779 10.1014
0.77815.1_0.51_3 55358.46210555639846 g 13.7216 0.0152 6.0000 15.1671 0.5144 10.1736 10.4168 10.3470
0.77815.1_0.51_3 55722.50566039470141 g 13.8832 0.0152 6.0000 15.1671 0.5144 10.1736 10.4168 10.3470
0.77815.1_0.51_3 55722.51681456810184 g 13.9002 0.0152 6.0000 15.1671 0.5144 10.1736 10.4168 10.3470
0.81215.1_0.51_3 55395.38947330739757 g 13.6647 0.0152 6.5000 15.1671 0.5144 10.0575 10.3070 10.2326
0.81215.1_0.51_3 55395.38122422849847 g 13.6408 0.0153 6.5000 15.1671 0.5144 10.0575 10.3070 10.2326
0.81215.1_0.51_3 56068.52285691830184 g 13.7075 0.0152 6.5000 15.1671 0.5144 10.0575 10.3070 10.2326
0.81215.1_0.51_3 56068.51329266279936 g 13.6722 0.0152 6.5000 15.1671 0.5144 10.0575 10.3070 10.2326
0.84514.7_0.51_3 55395.38947330739757 g 13.5061 0.0153 7.0000 14.7224 0.5144 9.5181 9.7693 9.6781
0.84514.7_0.51_3 55395.38122422849847 g 13.5129 0.0153 7.0000 14.7224 0.5144 9.5181 9.7693 9.6781
0.84514.9_0.51_3 55395.38947330739757 g 13.6356 0.0153 7.0000 14.9136 0.5144 9.7118 9.9506 9.8769
0.84514.9_0.51_3 55395.38122422849847 g 13.6643 0.0152 7.0000 14.9136 0.5144 9.7118 9.9506 9.8769
0.84515.1_0.51_3 55395.38947330739757 g 13.9551 0.0152 7.0000 15.1671 0.5144 9.9609 10.2309 10.1291
0.84515.1_0.51_3 55395.38122422849847 g 13.9827 0.0152 7.0000 15.1671 0.5144 9.9609 10.2309 10.1291
0.84515.1_0.51_3 55358.46210555639846 g 13.6833 0.0152 7.0000 15.1671 0.5144 9.9609 10.2309 10.1291
0.84515.1_0.51_3 55722.50566039470141 g 13.6819 0.0152 7.0000 15.1671 0.5144 9.9609 10.2309 10.1291
0.84515.1_0.51_3 55722.51681456810184 g 13.7030 0.0152 7.0000 15.1671 0.5144 9.9609 10.2309 10.1291
0.87514.9_0.51_3 55722.50566039470141 g 13.6280 0.0153 7.5000 14.9136 0.5144 9.6135 9.8698 9.7780
0.87514.9_0.51_3 55722.51681456810184 g 13.6121 0.0153 7.5000 14.9136 0.5144 9.6135 9.8698 9.7780
0.87514.9_0.51_3 56068.52285691830184 g 13.5744 0.0153 7.5000 14.9136 0.5144 9.6135 9.8698 9.7780
0.87514.9_0.51_3 56068.51329266279936 g 13.5774 0.0153 7.5000 14.9136 0.5144 9.6135 9.8698 9.7780
0.87515.1_0.51_3 55722.50566039470141 g 13.8502 0.0152 7.5000 15.1671 0.5144 9.8684 10.1373 10.0571
0.87515.1_0.51_3 55722.51681456810184 g 13.8786 0.0152 7.5000 15.1671 0.5144 9.8684 10.1373 10.0571
0.87515.1_0.51_3 56068.52285691830184 g 13.7934 0.0152 7.5000 15.1671 0.5144 9.8684 10.1373 10.0571
0.87515.1_0.51_3 56068.51329266279936 g 13.8277 0.0152 7.5000 15.1671 0.5144 9.8684 10.1373 10.0571
0.92915.1_0.51_3 56482.37886758200329 g 13.5076 0.0153 8.5000 15.1671 0.5144 9.7196 9.9659 9.8790
0.92915.1_0.51_3 55358.46210555639846 g 13.7172 0.0152 8.5000 15.1671 0.5144 9.7196 9.9659 9.8790
0.92915.1_0.51_3 55722.51681456810184 g 13.5024 0.0153 8.5000 15.1671 0.5144 9.7196 9.9659 9.8790
0.95415.1_0.51_3 56482.37886758200329 g 13.6143 0.0153 9.0000 15.1671 0.5144 9.6317 9.8953 9.7953
0.95415.1_0.51_3 56482.38874047309946 g 13.5874 0.0153 9.0000 15.1671 0.5144 9.6317 9.8953 9.7953
0.95415.1_0.51_3 56068.52285691830184 g 13.5852 0.0153 9.0000 15.1671 0.5144 9.6317 9.8953 9.7953
0.95415.1_0.51_3 56068.51329266279936 g 13.5395 0.0153 9.0000 15.1671 0.5144 9.6317 9.8953 9.7953
0.97715.1_0.51_3 56482.37886758200329 g 13.6905 0.0152 9.5000 15.1671 0.5144 9.5702 9.8418 9.7317
0.97715.1_0.51_3 56482.38874047309946 g 13.6818 0.0152 9.5000 15.1671 0.5144 9.5702 9.8418 9.7317
0.97715.1_0.51_3 55722.50566039470141 g 13.6665 0.0152 9.5000 15.1671 0.5144 9.5702 9.8418 9.7317
0.97715.1_0.51_3 55722.51681456810184 g 13.6654 0.0152 9.5000 15.1671 0.5144 9.5702 9.8418 9.7317
1.04114.9_0.51_3 55722.50566039470141 g 13.5477 0.0153 11.0000 14.9136 0.5144 9.1050 9.3772 9.2886
1.04114.9_0.51_3 55722.51681456810184 g 13.5234 0.0153 11.0000 14.9136 0.5144 9.1050 9.3772 9.2886
1.04115.1_0.51_3 56482.37886758200329 g 13.6538 0.0153 11.0000 15.1671 0.5144 9.3864 9.6341 9.5198
1.04115.1_0.51_3 56482.38874047309946 g 13.6108 0.0153 11.0000 15.1671 0.5144 9.3864 9.6341 9.5198
1.04115.1_0.51_3 55358.46210555639846 g 13.5772 0.0153 11.0000 15.1671 0.5144 9.3864 9.6341 9.5198
1.04115.1_0.51_3 55722.50566039470141 g 13.7325 0.0152 11.0000 15.1671 0.5144 9.3864 9.6341 9.5198
1.04115.1_0.51_3 55722.51681456810184 g 13.6665 0.0152 11.0000 15.1671 0.5144 9.3864 9.6341 9.5198
1.06015.1_0.51_3 56482.37886758200329 g 13.6388 0.0153 11.5000 15.1671 0.5144 9.3108 9.5910 9.4816
1.06015.1_0.51_3 56482.38874047309946 g 13.6193 0.0153 11.5000 15.1671 0.5144 9.3108 9.5910 9.4816
1.06015.1_0.51_3 55722.50566039470141 g 13.6155 0.0153 11.5000 15.1671 0.5144 9.3108 9.5910 9.4816
1.06015.1_0.51_3 55722.51681456810184 g 13.5972 0.0153 11.5000 15.1671 0.5144 9.3108 9.5910 9.4816
1.06015.1_0.51_3 56068.52285691830184 g 13.6317 0.0153 11.5000 15.1671 0.5144 9.3108 9.5910 9.4816
1.06015.1_0.51_3 56068.51329266279936 g 13.6156 0.0153 11.5000 15.1671 0.5144 9.3108 9.5910 9.4816
1.07915.1_0.51_3 56482.37886758200329 g 13.6236 0.0153 12.0000 15.1671 0.5144 9.2554 9.5035 9.4128
1.07915.1_0.51_3 56482.38874047309946 g 13.6823 0.0152 12.0000 15.1671 0.5144 9.2554 9.5035 9.4128
1.09615.1_0.51_3 55395.38947330739757 g 13.5411 0.0153 12.5000 15.1671 0.5144 9.1961 9.4665 9.3675
1.09615.1_0.51_3 56482.37886758200329 g 13.5473 0.0153 12.5000 15.1671 0.5144 9.1961 9.4665 9.3675
1.09615.1_0.51_3 56482.38874047309946 g 13.5497 0.0153 12.5000 15.1671 0.5144 9.1961 9.4665 9.3675
1.09615.1_0.51_3 55395.38122422849847 g 13.5507 0.0153 12.5000 15.1671 0.5144 9.1961 9.4665 9.3675
1.11315.1_0.51_3 56482.37886758200329 g 13.5279 0.0153 13.0000 15.1671 0.5144 9.1490 9.4298 9.3234
1.11315.1_0.51_3 56482.38874047309946 g 13.5140 0.0153 13.0000 15.1671 0.5144 9.1490 9.4298 9.3234
1.13015.1_0.51_3 56482.37886758200329 g 13.5237 0.0153 13.5000 15.1671 0.5144 9.0798 9.3660 9.2790
1.13015.1_0.51_3 56482.38874047309946 g 13.5358 0.0153 13.5000 15.1671 0.5144 9.0798 9.3660 9.2790
1.20415.1_0.51_3 56068.52285691830184 g 13.5306 0.0153 16.0000 15.1671 0.5144 8.8885 9.1637 9.0349
1.20415.1_0.51_3 56068.51329266279936 g 13.5437 0.0153 16.0000 15.1671 0.5144 8.8885 9.1637 9.0349
1.23015.1_0.51_3 55722.50566039470141 g 13.5161 0.0153 17.0000 15.1671 0.5144 8.7722 9.0717 8.9572
1.23015.1_0.51_3 55722.51681456810184 g 13.5098 0.0153 17.0000 15.1671 0.5144 8.7722 9.0717 8.9572
