# Name Epoch Band Mag eMag period DM E(B-V) KMEAN  W1MEAN W2MEAN
0.47712.9_0.94_0 55714.44665413950133 g 13.7682 0.0152 3.0000 12.9046 0.9458 8.9797 9.1508 9.0807
0.47712.9_0.94_0 56067.54943448390259 g 13.5181 0.0153 3.0000 12.9046 0.9458 8.9797 9.1508 9.0807
0.47712.9_0.94_0 56485.39700656430068 g 13.7461 0.0152 3.0000 12.9046 0.9458 8.9797 9.1508 9.0807
0.47712.9_0.94_0 56485.38706116429967 g 13.7285 0.0152 3.0000 12.9046 0.9458 8.9797 9.1508 9.0807
0.47712.9_0.94_0 55714.45772457410203 g 13.7369 0.0152 3.0000 12.9046 0.9458 8.9797 9.1508 9.0807
0.47714.0_0.94_0 55714.44665413950133 g 14.9354 0.0149 3.0000 14.0545 0.9458 10.1436 10.2932 10.2181
0.47714.0_0.94_0 56067.54943448390259 g 14.6682 0.0149 3.0000 14.0545 0.9458 10.1436 10.2932 10.2181
0.47714.0_0.94_0 55358.46486461099994 g 13.9599 0.0152 3.0000 14.0545 0.9458 10.1436 10.2932 10.2181
0.47714.0_0.94_0 56485.39700656430068 g 14.9462 0.0149 3.0000 14.0545 0.9458 10.1436 10.2932 10.2181
0.47714.0_0.94_0 56485.38706116429967 g 14.9276 0.0149 3.0000 14.0545 0.9458 10.1436 10.2932 10.2181
0.47714.0_0.94_0 56477.38528537980164 g 13.9662 0.0152 3.0000 14.0545 0.9458 10.1436 10.2932 10.2181
0.47714.0_0.94_0 56477.37482374440151 g 13.9400 0.0152 3.0000 14.0545 0.9458 10.1436 10.2932 10.2181
0.47714.0_0.94_0 55714.45772457410203 g 14.9464 0.0149 3.0000 14.0545 0.9458 10.1436 10.2932 10.2181
0.47714.0_0.94_0 55714.48042891630030 r 13.5520 0.0012 3.0000 14.0545 0.9458 10.1436 10.2932 10.2181
0.47714.0_0.94_0 55714.46985567160300 r 13.5504 0.0012 3.0000 14.0545 0.9458 10.1436 10.2932 10.2181
0.54414.0_0.94_0 55714.44665413950133 g 13.7987 0.0152 3.5000 14.0545 0.9458 9.9519 10.1143 10.0073
0.54414.0_0.94_0 56067.54943448390259 g 14.0921 0.0151 3.5000 14.0545 0.9458 9.9519 10.1143 10.0073
0.54414.0_0.94_0 55358.46486461099994 g 14.4212 0.0150 3.5000 14.0545 0.9458 9.9519 10.1143 10.0073
0.54414.0_0.94_0 56485.39700656430068 g 14.3770 0.0150 3.5000 14.0545 0.9458 9.9519 10.1143 10.0073
0.54414.0_0.94_0 56485.38706116429967 g 14.3752 0.0150 3.5000 14.0545 0.9458 9.9519 10.1143 10.0073
0.54414.0_0.94_0 56477.38528537980164 g 13.8193 0.0152 3.5000 14.0545 0.9458 9.9519 10.1143 10.0073
0.54414.0_0.94_0 56477.37482374440151 g 13.8046 0.0152 3.5000 14.0545 0.9458 9.9519 10.1143 10.0073
0.54414.0_0.94_0 55714.45772457410203 g 13.8180 0.0152 3.5000 14.0545 0.9458 9.9519 10.1143 10.0073
0.60214.0_0.94_0 55714.44665413950133 g 14.2474 0.0151 4.0000 14.0545 0.9458 9.7518 9.9307 9.8234
0.60214.0_0.94_0 56067.54943448390259 g 14.5959 0.0149 4.0000 14.0545 0.9458 9.7518 9.9307 9.8234
0.60214.0_0.94_0 55358.46486461099994 g 14.2524 0.0151 4.0000 14.0545 0.9458 9.7518 9.9307 9.8234
0.60214.0_0.94_0 56485.39700656430068 g 13.7074 0.0152 4.0000 14.0545 0.9458 9.7518 9.9307 9.8234
0.60214.0_0.94_0 56485.38706116429967 g 13.7107 0.0152 4.0000 14.0545 0.9458 9.7518 9.9307 9.8234
0.60214.0_0.94_0 56477.38528537980164 g 13.7332 0.0152 4.0000 14.0545 0.9458 9.7518 9.9307 9.8234
0.60214.0_0.94_0 56477.37482374440151 g 13.7263 0.0152 4.0000 14.0545 0.9458 9.7518 9.9307 9.8234
0.60214.0_0.94_0 55714.45772457410203 g 14.2184 0.0151 4.0000 14.0545 0.9458 9.7518 9.9307 9.8234
0.65314.0_0.94_0 55714.44665413950133 g 14.4136 0.0150 4.5000 14.0545 0.9458 9.6086 9.7502 9.6849
0.65314.0_0.94_0 56067.54943448390259 g 13.8127 0.0152 4.5000 14.0545 0.9458 9.6086 9.7502 9.6849
0.65314.0_0.94_0 55358.46486461099994 g 14.2601 0.0151 4.5000 14.0545 0.9458 9.6086 9.7502 9.6849
0.65314.0_0.94_0 56485.39700656430068 g 14.5026 0.0150 4.5000 14.0545 0.9458 9.6086 9.7502 9.6849
0.65314.0_0.94_0 56485.38706116429967 g 14.5230 0.0150 4.5000 14.0545 0.9458 9.6086 9.7502 9.6849
0.65314.0_0.94_0 56477.38528537980164 g 13.6201 0.0153 4.5000 14.0545 0.9458 9.6086 9.7502 9.6849
0.65314.0_0.94_0 56477.37482374440151 g 13.6617 0.0152 4.5000 14.0545 0.9458 9.6086 9.7502 9.6849
0.65314.0_0.94_0 55714.45772457410203 g 14.4074 0.0150 4.5000 14.0545 0.9458 9.6086 9.7502 9.6849
0.69814.0_0.94_0 55714.44665413950133 g 14.2955 0.0151 5.0000 14.0545 0.9458 9.4533 9.6055 9.5194
0.69814.0_0.94_0 56067.54943448390259 g 13.5229 0.0153 5.0000 14.0545 0.9458 9.4533 9.6055 9.5194
0.69814.0_0.94_0 55358.46486461099994 g 13.9428 0.0152 5.0000 14.0545 0.9458 9.4533 9.6055 9.5194
0.69814.0_0.94_0 56485.39700656430068 g 14.4958 0.0150 5.0000 14.0545 0.9458 9.4533 9.6055 9.5194
0.69814.0_0.94_0 56485.38706116429967 g 14.5261 0.0150 5.0000 14.0545 0.9458 9.4533 9.6055 9.5194
0.69814.0_0.94_0 55714.45772457410203 g 14.2946 0.0151 5.0000 14.0545 0.9458 9.4533 9.6055 9.5194
0.74014.0_0.94_0 55714.44665413950133 g 13.9914 0.0152 5.5000 14.0545 0.9458 9.3539 9.5061 9.3986
0.74014.0_0.94_0 56067.54943448390259 g 14.2291 0.0151 5.5000 14.0545 0.9458 9.3539 9.5061 9.3986
0.74014.0_0.94_0 55358.46486461099994 g 14.3483 0.0150 5.5000 14.0545 0.9458 9.3539 9.5061 9.3986
0.74014.0_0.94_0 56485.39700656430068 g 14.2252 0.0151 5.5000 14.0545 0.9458 9.3539 9.5061 9.3986
0.74014.0_0.94_0 56485.38706116429967 g 14.1928 0.0151 5.5000 14.0545 0.9458 9.3539 9.5061 9.3986
0.74014.0_0.94_0 56477.38528537980164 g 13.5381 0.0153 5.5000 14.0545 0.9458 9.3539 9.5061 9.3986
0.74014.0_0.94_0 56477.37482374440151 g 13.5220 0.0153 5.5000 14.0545 0.9458 9.3539 9.5061 9.3986
0.74014.0_0.94_0 55714.45772457410203 g 13.9829 0.0152 5.5000 14.0545 0.9458 9.3539 9.5061 9.3986
0.77814.0_0.94_0 55714.44665413950133 g 14.0109 0.0152 6.0000 14.0545 0.9458 9.2219 9.3992 9.3041
0.77814.0_0.94_0 56067.54943448390259 g 14.4352 0.0150 6.0000 14.0545 0.9458 9.2219 9.3992 9.3041
0.77814.0_0.94_0 55358.46486461099994 g 14.2365 0.0151 6.0000 14.0545 0.9458 9.2219 9.3992 9.3041
0.77814.0_0.94_0 56485.39700656430068 g 13.9820 0.0152 6.0000 14.0545 0.9458 9.2219 9.3992 9.3041
0.77814.0_0.94_0 56485.38706116429967 g 13.9807 0.0152 6.0000 14.0545 0.9458 9.2219 9.3992 9.3041
0.77814.0_0.94_0 55714.45772457410203 g 14.0392 0.0152 6.0000 14.0545 0.9458 9.2219 9.3992 9.3041
0.81214.0_0.94_0 55714.44665413950133 g 14.2761 0.0151 6.5000 14.0545 0.9458 9.1038 9.2772 9.1587
0.81214.0_0.94_0 55358.46486461099994 g 13.9210 0.0152 6.5000 14.0545 0.9458 9.1038 9.2772 9.1587
0.81214.0_0.94_0 56485.39700656430068 g 13.7844 0.0152 6.5000 14.0545 0.9458 9.1038 9.2772 9.1587
0.81214.0_0.94_0 56485.38706116429967 g 13.8117 0.0152 6.5000 14.0545 0.9458 9.1038 9.2772 9.1587
0.81214.0_0.94_0 55714.45772457410203 g 14.2634 0.0151 6.5000 14.0545 0.9458 9.1038 9.2772 9.1587
0.84514.0_0.94_0 56067.54943448390259 g 14.0470 0.0152 7.0000 14.0545 0.9458 9.0286 9.1741 9.0817
0.84514.0_0.94_0 56485.38706116429967 g 13.5068 0.0153 7.0000 14.0545 0.9458 9.0286 9.1741 9.0817
0.87514.0_0.94_0 55714.44665413950133 g 13.6075 0.0153 7.5000 14.0545 0.9458 8.9295 9.0828 8.9963
0.87514.0_0.94_0 56067.54943448390259 g 13.8123 0.0152 7.5000 14.0545 0.9458 8.9295 9.0828 8.9963
0.87514.0_0.94_0 55358.46486461099994 g 13.9714 0.0152 7.5000 14.0545 0.9458 8.9295 9.0828 8.9963
0.87514.0_0.94_0 55714.45772457410203 g 13.6485 0.0153 7.5000 14.0545 0.9458 8.9295 9.0828 8.9963
0.90314.0_0.94_0 55714.44665413950133 g 14.1641 0.0151 8.0000 14.0545 0.9458 8.8580 9.0260 8.9028
0.90314.0_0.94_0 56067.54943448390259 g 14.0463 0.0152 8.0000 14.0545 0.9458 8.8580 9.0260 8.9028
0.90314.0_0.94_0 55714.45772457410203 g 14.1903 0.0151 8.0000 14.0545 0.9458 8.8580 9.0260 8.9028
0.92914.0_0.94_0 56067.54943448390259 g 13.9630 0.0152 8.5000 14.0545 0.9458 8.7501 8.9461 8.8316
0.92914.0_0.94_0 55358.46486461099994 g 13.6921 0.0152 8.5000 14.0545 0.9458 8.7501 8.9461 8.8316
0.95414.0_0.94_0 56067.54943448390259 g 13.9250 0.0152 9.0000 14.0545 0.9458 8.7012 8.8596 8.7533
0.95414.0_0.94_0 55358.46486461099994 g 14.2534 0.0151 9.0000 14.0545 0.9458 8.7012 8.8596 8.7533
0.97714.0_0.94_0 55714.44665413950133 g 13.9483 0.0152 9.5000 14.0545 0.9458 8.6244 8.7869 8.6803
0.97714.0_0.94_0 56067.54943448390259 g 13.5905 0.0153 9.5000 14.0545 0.9458 8.6244 8.7869 8.6803
0.97714.0_0.94_0 56485.39700656430068 g 13.6407 0.0153 9.5000 14.0545 0.9458 8.6244 8.7869 8.6803
0.97714.0_0.94_0 56485.38706116429967 g 13.6302 0.0153 9.5000 14.0545 0.9458 8.6244 8.7869 8.6803
0.97714.0_0.94_0 55714.45772457410203 g 13.9581 0.0152 9.5000 14.0545 0.9458 8.6244 8.7869 8.6803
1.04114.0_0.94_0 55714.44665413950133 g 13.9709 0.0152 11.0000 14.0545 0.9458 8.4097 8.5814 8.4834
1.04114.0_0.94_0 56067.54943448390259 g 13.6293 0.0153 11.0000 14.0545 0.9458 8.4097 8.5814 8.4834
1.04114.0_0.94_0 56485.39700656430068 g 13.6507 0.0153 11.0000 14.0545 0.9458 8.4097 8.5814 8.4834
1.04114.0_0.94_0 56485.38706116429967 g 13.6947 0.0152 11.0000 14.0545 0.9458 8.4097 8.5814 8.4834
1.04114.0_0.94_0 55714.45772457410203 g 13.9607 0.0152 11.0000 14.0545 0.9458 8.4097 8.5814 8.4834
1.06014.0_0.94_0 55714.44665413950133 g 13.8294 0.0152 11.5000 14.0545 0.9458 8.3644 8.5474 8.4530
1.06014.0_0.94_0 56067.54943448390259 g 13.6369 0.0153 11.5000 14.0545 0.9458 8.3644 8.5474 8.4530
1.06014.0_0.94_0 55358.46486461099994 g 13.7168 0.0152 11.5000 14.0545 0.9458 8.3644 8.5474 8.4530
1.06014.0_0.94_0 56485.39700656430068 g 13.7132 0.0152 11.5000 14.0545 0.9458 8.3644 8.5474 8.4530
1.06014.0_0.94_0 56485.38706116429967 g 13.7129 0.0152 11.5000 14.0545 0.9458 8.3644 8.5474 8.4530
1.06014.0_0.94_0 55714.45772457410203 g 13.8675 0.0152 11.5000 14.0545 0.9458 8.3644 8.5474 8.4530
1.07914.0_0.94_0 55714.44665413950133 g 13.7660 0.0152 12.0000 14.0545 0.9458 8.2874 8.5021 8.3704
1.07914.0_0.94_0 55358.46486461099994 g 13.5158 0.0153 12.0000 14.0545 0.9458 8.2874 8.5021 8.3704
1.07914.0_0.94_0 56485.39700656430068 g 13.8230 0.0152 12.0000 14.0545 0.9458 8.2874 8.5021 8.3704
1.07914.0_0.94_0 56485.38706116429967 g 13.8241 0.0152 12.0000 14.0545 0.9458 8.2874 8.5021 8.3704
1.07914.0_0.94_0 55714.45772457410203 g 13.7827 0.0152 12.0000 14.0545 0.9458 8.2874 8.5021 8.3704
1.09614.0_0.94_0 55358.46486461099994 g 13.8400 0.0152 12.5000 14.0545 0.9458 8.2376 8.4566 8.3075
1.09614.0_0.94_0 56485.39700656430068 g 13.8336 0.0152 12.5000 14.0545 0.9458 8.2376 8.4566 8.3075
1.09614.0_0.94_0 56485.38706116429967 g 13.8464 0.0152 12.5000 14.0545 0.9458 8.2376 8.4566 8.3075
1.11314.0_0.94_0 56067.54943448390259 g 13.8095 0.0152 13.0000 14.0545 0.9458 8.2040 8.3970 8.2653
1.11314.0_0.94_0 56485.39700656430068 g 13.9118 0.0152 13.0000 14.0545 0.9458 8.2040 8.3970 8.2653
1.11314.0_0.94_0 56485.38706116429967 g 13.8967 0.0152 13.0000 14.0545 0.9458 8.2040 8.3970 8.2653
1.13014.0_0.94_0 55714.44665413950133 g 13.8623 0.0152 13.5000 14.0545 0.9458 8.1067 8.3417 8.2240
1.13014.0_0.94_0 56067.54943448390259 g 13.8177 0.0152 13.5000 14.0545 0.9458 8.1067 8.3417 8.2240
1.13014.0_0.94_0 56485.39700656430068 g 13.9155 0.0152 13.5000 14.0545 0.9458 8.1067 8.3417 8.2240
1.13014.0_0.94_0 56485.38706116429967 g 13.9266 0.0152 13.5000 14.0545 0.9458 8.1067 8.3417 8.2240
1.13014.0_0.94_0 55714.45772457410203 g 13.8397 0.0152 13.5000 14.0545 0.9458 8.1067 8.3417 8.2240
1.14614.0_0.94_0 55714.44665413950133 g 13.7192 0.0152 14.0000 14.0545 0.9458 8.1019 8.2762 8.1583
1.14614.0_0.94_0 56067.54943448390259 g 13.7531 0.0152 14.0000 14.0545 0.9458 8.1019 8.2762 8.1583
1.14614.0_0.94_0 56485.39700656430068 g 13.8315 0.0152 14.0000 14.0545 0.9458 8.1019 8.2762 8.1583
1.14614.0_0.94_0 56485.38706116429967 g 13.8655 0.0152 14.0000 14.0545 0.9458 8.1019 8.2762 8.1583
1.14614.0_0.94_0 55714.45772457410203 g 13.7105 0.0152 14.0000 14.0545 0.9458 8.1019 8.2762 8.1583
1.16114.0_0.94_0 56067.54943448390259 g 13.5339 0.0153 14.5000 14.0545 0.9458 8.0440 8.2447 8.1247
1.16114.0_0.94_0 56485.39700656430068 g 13.6163 0.0153 14.5000 14.0545 0.9458 8.0440 8.2447 8.1247
1.16114.0_0.94_0 56485.38706116429967 g 13.5929 0.0153 14.5000 14.0545 0.9458 8.0440 8.2447 8.1247
1.17614.0_0.94_0 56067.54943448390259 g 13.8720 0.0152 15.0000 14.0545 0.9458 7.9954 8.2045 8.0544
1.17614.0_0.94_0 56485.39700656430068 g 13.8012 0.0152 15.0000 14.0545 0.9458 7.9954 8.2045 8.0544
1.17614.0_0.94_0 56485.38706116429967 g 13.7962 0.0152 15.0000 14.0545 0.9458 7.9954 8.2045 8.0544
1.19014.0_0.94_0 56067.54943448390259 g 13.7117 0.0152 15.5000 14.0545 0.9458 7.9562 8.1529 8.0219
1.19014.0_0.94_0 56485.39700656430068 g 13.6158 0.0153 15.5000 14.0545 0.9458 7.9562 8.1529 8.0219
1.19014.0_0.94_0 56485.38706116429967 g 13.6283 0.0153 15.5000 14.0545 0.9458 7.9562 8.1529 8.0219
1.20414.0_0.94_0 56485.39700656430068 g 13.6717 0.0152 16.0000 14.0545 0.9458 7.9173 8.1102 7.9820
1.20414.0_0.94_0 56485.38706116429967 g 13.6671 0.0152 16.0000 14.0545 0.9458 7.9173 8.1102 7.9820
1.21714.0_0.94_0 55714.44665413950133 g 13.6386 0.0153 16.5000 14.0545 0.9458 7.8811 8.0641 7.9370
1.21714.0_0.94_0 56485.39700656430068 g 13.6697 0.0152 16.5000 14.0545 0.9458 7.8811 8.0641 7.9370
1.21714.0_0.94_0 56485.38706116429967 g 13.6520 0.0153 16.5000 14.0545 0.9458 7.8811 8.0641 7.9370
1.21714.0_0.94_0 55714.45772457410203 g 13.6476 0.0153 16.5000 14.0545 0.9458 7.8811 8.0641 7.9370
1.24314.0_0.94_0 56067.54943448390259 g 13.5728 0.0153 17.5000 14.0545 0.9458 7.7910 8.0016 7.8557
1.25514.0_0.94_0 55714.44665413950133 g 13.6961 0.0152 18.0000 14.0545 0.9458 7.7789 7.9705 7.8421
1.25514.0_0.94_0 55714.45772457410203 g 13.6899 0.0152 18.0000 14.0545 0.9458 7.7789 7.9705 7.8421
1.29014.0_0.94_0 55358.46486461099994 g 13.5262 0.0153 19.5000 14.0545 0.9458 7.6376 7.8611 7.7175
1.30114.0_0.94_0 56067.54943448390259 g 13.6050 0.0153 20.0000 14.0545 0.9458 7.6048 7.8374 7.6893
1.39714.0_0.94_0 56067.54943448390259 g 13.5330 0.0153 25.0000 14.0545 0.9458 7.3240 7.5525 7.3958
1.41414.0_0.94_0 55714.44665413950133 g 13.5602 0.0153 26.0000 14.0545 0.9458 7.2774 7.4882 7.3245
1.41414.0_0.94_0 55714.45772457410203 g 13.5600 0.0153 26.0000 14.0545 0.9458 7.2774 7.4882 7.3245
