# Name Epoch Band Mag eMag period DM E(B-V) KMEAN  W1MEAN W2MEAN
0.47714.7_0.38_6 55015.34705355329788 g 13.7855 0.0152 3.0000 14.7736 0.3858 10.6627 10.9046 10.8601
0.47714.7_0.38_6 56149.32082311389968 g 13.7720 0.0152 3.0000 14.7736 0.3858 10.6627 10.9046 10.8601
0.47714.7_0.38_6 56149.31008352150093 g 13.7739 0.0152 3.0000 14.7736 0.3858 10.6627 10.9046 10.8601
0.47714.7_0.38_6 55779.48876221800310 g 13.5151 0.0153 3.0000 14.7736 0.3858 10.6627 10.9046 10.8601
0.47714.7_0.38_6 55015.35888864860317 g 13.7861 0.0152 3.0000 14.7736 0.3858 10.6627 10.9046 10.8601
0.47714.7_0.38_6 55002.61663567130017 g 13.5646 0.0153 3.0000 14.7736 0.3858 10.6627 10.9046 10.8601
0.47714.7_0.38_6 55768.36882860500191 g 13.7782 0.0152 3.0000 14.7736 0.3858 10.6627 10.9046 10.8601
0.47714.7_0.38_6 55768.38011269370327 g 13.7749 0.0152 3.0000 14.7736 0.3858 10.6627 10.9046 10.8601
0.54414.7_0.38_6 55015.34705355329788 g 13.7187 0.0152 3.5000 14.7736 0.3858 10.4687 10.7121 10.6280
0.54414.7_0.38_6 56149.32082311389968 g 13.6931 0.0152 3.5000 14.7736 0.3858 10.4687 10.7121 10.6280
0.54414.7_0.38_6 56149.31008352150093 g 13.7173 0.0152 3.5000 14.7736 0.3858 10.4687 10.7121 10.6280
0.54414.7_0.38_6 55015.35888864860317 g 13.6867 0.0152 3.5000 14.7736 0.3858 10.4687 10.7121 10.6280
0.60214.7_0.38_6 56149.32082311389968 g 13.5416 0.0153 4.0000 14.7736 0.3858 10.2693 10.5141 10.4617
0.60214.7_0.38_6 56149.31008352150093 g 13.5408 0.0153 4.0000 14.7736 0.3858 10.2693 10.5141 10.4617
0.9548.62_0.13_6 56486.54243218569900 r 14.1741 0.0015 9.0000  8.6214 0.1393 2.9307 3.2742 3.2001
1.0608.62_0.13_6 55016.36363406760211 r 16.0385 0.0040 11.5000  8.6214 0.1393 2.6385 2.9692 2.8689
1.0608.62_0.13_6 56486.55311571560014 r 14.0121 0.0014 11.5000  8.6214 0.1393 2.6385 2.9692 2.8689
1.0798.62_0.13_6 55779.52344568449917 r 15.4038 0.0028 12.0000  8.6214 0.1393 2.5514 2.9048 2.8024
1.0798.62_0.13_6 56486.55311571560014 r 22.5953 0.4996 12.0000  8.6214 0.1393 2.5514 2.9048 2.8024
1.0798.62_0.13_6 55768.34594999939873 r 13.5836 0.0012 12.0000  8.6214 0.1393 2.5514 2.9048 2.8024
1.0798.62_0.13_6 55768.35655745489930 r 13.5781 0.0012 12.0000  8.6214 0.1393 2.5514 2.9048 2.8024
1.1618.62_0.13_6 55779.52344568449917 r 21.4573 0.1979 14.5000  8.6214 0.1393 2.2967 2.6607 2.5711
1.1768.62_0.13_6 55422.45062142379902 r 22.2573 0.3785 15.0000  8.6214 0.1393 2.2608 2.6153 2.5170
1.1908.62_0.13_6 55016.36363406760211 r 15.0632 0.0023 15.5000  8.6214 0.1393 2.2394 2.5766 2.4775
1.1908.62_0.13_6 55422.45062142379902 r 17.1372 0.0081 15.5000  8.6214 0.1393 2.2394 2.5766 2.4775
1.2308.62_0.13_6 55779.52344568449917 r 14.9313 0.0022 17.0000  8.6214 0.1393 2.0888 2.4595 2.3632
1.2308.62_0.13_6 55422.45062142379902 r 22.6899 0.5402 17.0000  8.6214 0.1393 2.0888 2.4595 2.3632
1.2438.62_0.13_6 56150.28284089740191 r 18.6449 0.0229 17.5000  8.6214 0.1393 2.0496 2.4118 2.3120
1.2438.62_0.13_6 55768.34594999939873 r 15.8679 0.0037 17.5000  8.6214 0.1393 2.0496 2.4118 2.3120
1.2678.62_0.13_6 55016.36363406760211 r 14.5268 0.0018 18.5000  8.6214 0.1393 1.9659 2.3390 2.2341
1.2788.62_0.13_6 55779.52344568449917 r 14.8310 0.0021 19.0000  8.6214 0.1393 1.9428 2.3175 2.1933
1.2908.62_0.13_6 55779.52344568449917 r 17.9133 0.0136 19.5000  8.6214 0.1393 1.9122 2.2720 2.1604
1.3018.62_0.13_6 55016.35413570280070 r 19.1453 0.0331 20.0000  8.6214 0.1393 1.8877 2.2364 2.1375
1.3018.62_0.13_6 55422.45062142379902 r 15.8686 0.0037 20.0000  8.6214 0.1393 1.8877 2.2364 2.1375
1.3228.62_0.13_6 55768.34594999939873 r 18.1212 0.0158 21.0000  8.6214 0.1393 1.8276 2.1592 2.0587
1.3228.62_0.13_6 55768.35655745489930 r 19.2217 0.0350 21.0000  8.6214 0.1393 1.8276 2.1592 2.0587
1.3618.62_0.13_6 55779.51253995919978 r 17.6944 0.0117 23.0000  8.6214 0.1393 1.6890 2.0696 1.9367
1.3618.62_0.13_6 55768.35655745489930 r 21.3305 0.1788 23.0000  8.6214 0.1393 1.6890 2.0696 1.9367
1.3718.62_0.13_6 56150.29302473820280 r 19.0856 0.0316 23.5000  8.6214 0.1393 1.6514 2.0437 1.9293
1.3718.62_0.13_6 55768.35655745489930 r 18.0494 0.0150 23.5000  8.6214 0.1393 1.6514 2.0437 1.9293
1.3808.62_0.13_6 55016.35413570280070 r 18.9472 0.0286 24.0000  8.6214 0.1393 1.6179 2.0095 1.8892
1.3808.62_0.13_6 55779.52344568449917 r 17.1933 0.0084 24.0000  8.6214 0.1393 1.6179 2.0095 1.8892
1.3978.62_0.13_6 56150.28284089740191 r 21.9940 0.3054 25.0000  8.6214 0.1393 1.5667 1.9669 1.8415
1.4068.62_0.13_6 56150.29302473820280 r 13.9728 0.0014 25.5000  8.6214 0.1393 1.5593 1.9387 1.7993
1.4478.62_0.13_6 55016.36363406760211 r 17.0215 0.0075 28.0000  8.6214 0.1393 1.4336 1.8054 1.6962
1.4478.62_0.13_6 55779.51253995919978 r 17.9299 0.0138 28.0000  8.6214 0.1393 1.4336 1.8054 1.6962
