# Name Epoch Band Mag eMag period DM E(B-V) KMEAN  W1MEAN W2MEAN
0.47714.8_0.29_4 56455.50771040520340 g 13.5350 0.0153 3.0000 14.8307 0.2920 10.6727 10.9180 10.7965
0.47715.1_0.29_4 56455.50771040520340 g 13.8134 0.0152 3.0000 15.1121 0.2920 10.9270 11.1900 11.0759
0.47715.1_0.29_4 56457.54286877949926 g 13.5065 0.0153 3.0000 15.1121 0.2920 10.9270 11.1900 11.0759
0.47715.7_0.29_4 55389.34789377079869 g 13.9881 0.0152 3.0000 15.7260 0.2920 11.5593 11.8075 11.6665
0.47715.7_0.29_4 55389.35959469679801 g 14.0326 0.0152 3.0000 15.7260 0.2920 11.5593 11.8075 11.6665
0.47715.7_0.29_4 56148.35737108159810 g 14.0184 0.0152 3.0000 15.7260 0.2920 11.5593 11.8075 11.6665
0.47715.7_0.29_4 56148.34644904409652 g 13.9908 0.0152 3.0000 15.7260 0.2920 11.5593 11.8075 11.6665
0.47715.7_0.29_4 56455.50771040520340 g 14.4165 0.0150 3.0000 15.7260 0.2920 11.5593 11.8075 11.6665
0.47715.7_0.29_4 56457.53239160539670 g 14.1225 0.0151 3.0000 15.7260 0.2920 11.5593 11.8075 11.6665
0.47715.7_0.29_4 55014.44820719180279 g 14.0559 0.0151 3.0000 15.7260 0.2920 11.5593 11.8075 11.6665
0.47715.7_0.29_4 56457.54286877949926 g 14.1097 0.0151 3.0000 15.7260 0.2920 11.5593 11.8075 11.6665
0.47715.7_0.29_4 56455.55515270440083 r 13.6832 0.0012 3.0000 15.7260 0.2920 11.5593 11.8075 11.6665
0.47715.7_0.29_4 56455.54539404209936 r 13.6812 0.0012 3.0000 15.7260 0.2920 11.5593 11.8075 11.6665
0.47715.7_0.29_4 56092.53427471029863 i 13.7367 0.0152 3.0000 15.7260 0.2920 11.5593 11.8075 11.6665
0.47715.7_0.29_4 56092.52295058070013 i 13.6953 0.0152 3.0000 15.7260 0.2920 11.5593 11.8075 11.6665
0.47715.7_0.29_4 55762.43968739819684 i 13.6787 0.0153 3.0000 15.7260 0.2920 11.5593 11.8075 11.6665
0.47715.7_0.29_4 55762.45069778760080 i 13.6761 0.0153 3.0000 15.7260 0.2920 11.5593 11.8075 11.6665
0.54415.1_0.29_4 56148.35737108159810 g 13.5028 0.0153 3.5000 15.1121 0.2920 10.7567 10.9799 10.8464
0.54415.1_0.29_4 56148.34644904409652 g 13.5336 0.0153 3.5000 15.1121 0.2920 10.7567 10.9799 10.8464
0.54415.1_0.29_4 56455.50771040520340 g 13.6154 0.0153 3.5000 15.1121 0.2920 10.7567 10.9799 10.8464
0.54415.1_0.29_4 55751.47818196580192 g 13.5002 0.0153 3.5000 15.1121 0.2920 10.7567 10.9799 10.8464
0.54415.7_0.29_4 56148.35737108159810 g 14.1291 0.0151 3.5000 15.7260 0.2920 11.3447 11.5905 11.4642
0.54415.7_0.29_4 56148.34644904409652 g 14.1248 0.0151 3.5000 15.7260 0.2920 11.3447 11.5905 11.4642
0.54415.7_0.29_4 56455.50771040520340 g 14.2397 0.0151 3.5000 15.7260 0.2920 11.3447 11.5905 11.4642
0.54415.7_0.29_4 56457.53239160539670 g 13.6168 0.0153 3.5000 15.7260 0.2920 11.3447 11.5905 11.4642
0.54415.7_0.29_4 55742.46622221360303 g 13.9857 0.0152 3.5000 15.7260 0.2920 11.3447 11.5905 11.4642
0.54415.7_0.29_4 55742.45593677880242 g 14.0009 0.0152 3.5000 15.7260 0.2920 11.3447 11.5905 11.4642
0.54415.7_0.29_4 55014.44820719180279 g 14.0162 0.0152 3.5000 15.7260 0.2920 11.3447 11.5905 11.4642
0.54415.7_0.29_4 55751.46854943590006 g 14.0725 0.0151 3.5000 15.7260 0.2920 11.3447 11.5905 11.4642
0.54415.7_0.29_4 55751.47818196580192 g 14.0868 0.0151 3.5000 15.7260 0.2920 11.3447 11.5905 11.4642
0.54415.7_0.29_4 56457.54286877949926 g 13.6345 0.0153 3.5000 15.7260 0.2920 11.3447 11.5905 11.4642
0.54415.7_0.29_4 56088.49724264269753 r 13.5327 0.0011 3.5000 15.7260 0.2920 11.3447 11.5905 11.4642
0.54415.7_0.29_4 56088.48722780620301 r 13.5342 0.0011 3.5000 15.7260 0.2920 11.3447 11.5905 11.4642
0.54415.7_0.29_4 56088.51857690519682 i 13.5220 0.0154 3.5000 15.7260 0.2920 11.3447 11.5905 11.4642
0.54415.7_0.29_4 56088.50776796919672 i 13.5346 0.0154 3.5000 15.7260 0.2920 11.3447 11.5905 11.4642
0.60215.1_0.29_4 56148.35737108159810 g 13.6154 0.0153 4.0000 15.1121 0.2920 10.5709 10.7939 10.6641
0.60215.1_0.29_4 56148.34644904409652 g 13.5983 0.0153 4.0000 15.1121 0.2920 10.5709 10.7939 10.6641
0.60215.7_0.29_4 56148.35737108159810 g 14.2006 0.0151 4.0000 15.7260 0.2920 11.1910 11.3929 11.2849
0.60215.7_0.29_4 56148.34644904409652 g 14.2301 0.0151 4.0000 15.7260 0.2920 11.1910 11.3929 11.2849
0.60215.7_0.29_4 56455.50771040520340 g 14.0807 0.0151 4.0000 15.7260 0.2920 11.1910 11.3929 11.2849
0.60215.7_0.29_4 55742.46622221360303 g 13.6993 0.0152 4.0000 15.7260 0.2920 11.1910 11.3929 11.2849
0.60215.7_0.29_4 55742.45593677880242 g 13.7131 0.0152 4.0000 15.7260 0.2920 11.1910 11.3929 11.2849
0.60215.7_0.29_4 55014.44820719180279 g 13.6724 0.0152 4.0000 15.7260 0.2920 11.1910 11.3929 11.2849
0.60215.7_0.29_4 55751.46854943590006 g 14.0643 0.0151 4.0000 15.7260 0.2920 11.1910 11.3929 11.2849
0.60215.7_0.29_4 55751.47818196580192 g 14.0826 0.0151 4.0000 15.7260 0.2920 11.1910 11.3929 11.2849
0.65315.7_0.29_4 56148.35737108159810 g 13.7551 0.0152 4.5000 15.7260 0.2920 11.0334 11.2361 11.1214
0.65315.7_0.29_4 56148.34644904409652 g 13.7133 0.0152 4.5000 15.7260 0.2920 11.0334 11.2361 11.1214
0.65315.7_0.29_4 56457.53239160539670 g 14.0314 0.0152 4.5000 15.7260 0.2920 11.0334 11.2361 11.1214
0.65315.7_0.29_4 55742.46622221360303 g 14.0996 0.0151 4.5000 15.7260 0.2920 11.0334 11.2361 11.1214
0.65315.7_0.29_4 55742.45593677880242 g 14.0959 0.0151 4.5000 15.7260 0.2920 11.0334 11.2361 11.1214
0.65315.7_0.29_4 55014.44820719180279 g 13.6125 0.0153 4.5000 15.7260 0.2920 11.0334 11.2361 11.1214
0.65315.7_0.29_4 55751.46854943590006 g 14.0856 0.0151 4.5000 15.7260 0.2920 11.0334 11.2361 11.1214
0.65315.7_0.29_4 55751.47818196580192 g 14.1005 0.0151 4.5000 15.7260 0.2920 11.0334 11.2361 11.1214
0.65315.7_0.29_4 56457.54286877949926 g 14.0338 0.0152 4.5000 15.7260 0.2920 11.0334 11.2361 11.1214
0.69815.7_0.29_4 55389.34789377079869 g 13.9420 0.0152 5.0000 15.7260 0.2920 10.8898 11.0810 10.9555
0.69815.7_0.29_4 55389.35959469679801 g 13.9759 0.0152 5.0000 15.7260 0.2920 10.8898 11.0810 10.9555
0.69815.7_0.29_4 56148.35737108159810 g 13.7559 0.0152 5.0000 15.7260 0.2920 10.8898 11.0810 10.9555
0.69815.7_0.29_4 56148.34644904409652 g 13.7428 0.0152 5.0000 15.7260 0.2920 10.8898 11.0810 10.9555
0.69815.7_0.29_4 56455.50771040520340 g 13.9021 0.0152 5.0000 15.7260 0.2920 10.8898 11.0810 10.9555
0.69815.7_0.29_4 55014.44820719180279 g 13.9932 0.0152 5.0000 15.7260 0.2920 10.8898 11.0810 10.9555
0.74015.7_0.29_4 56457.53239160539670 g 13.5012 0.0153 5.5000 15.7260 0.2920 10.7647 10.9363 10.8299
0.74015.7_0.29_4 55742.46622221360303 g 13.5323 0.0153 5.5000 15.7260 0.2920 10.7647 10.9363 10.8299
0.77815.7_0.29_4 55389.34789377079869 g 13.9233 0.0152 6.0000 15.7260 0.2920 10.6480 10.8142 10.6948
0.77815.7_0.29_4 55389.35959469679801 g 13.8719 0.0152 6.0000 15.7260 0.2920 10.6480 10.8142 10.6948
0.77815.7_0.29_4 56457.53239160539670 g 13.9013 0.0152 6.0000 15.7260 0.2920 10.6480 10.8142 10.6948
0.77815.7_0.29_4 55742.46622221360303 g 13.7201 0.0152 6.0000 15.7260 0.2920 10.6480 10.8142 10.6948
0.77815.7_0.29_4 55742.45593677880242 g 13.7015 0.0152 6.0000 15.7260 0.2920 10.6480 10.8142 10.6948
0.77815.7_0.29_4 56457.54286877949926 g 13.9291 0.0152 6.0000 15.7260 0.2920 10.6480 10.8142 10.6948
0.81215.7_0.29_4 56457.53239160539670 g 13.8126 0.0152 6.5000 15.7260 0.2920 10.5347 10.7087 10.6124
0.81215.7_0.29_4 55742.46622221360303 g 13.8346 0.0152 6.5000 15.7260 0.2920 10.5347 10.7087 10.6124
0.81215.7_0.29_4 55742.45593677880242 g 13.7969 0.0152 6.5000 15.7260 0.2920 10.5347 10.7087 10.6124
0.81215.7_0.29_4 55014.44820719180279 g 13.8251 0.0152 6.5000 15.7260 0.2920 10.5347 10.7087 10.6124
0.81215.7_0.29_4 56457.54286877949926 g 13.7989 0.0152 6.5000 15.7260 0.2920 10.5347 10.7087 10.6124
0.84515.7_0.29_4 56457.53239160539670 g 13.7171 0.0152 7.0000 15.7260 0.2920 10.4254 10.5721 10.4757
0.84515.7_0.29_4 55751.46854943590006 g 13.8050 0.0152 7.0000 15.7260 0.2920 10.4254 10.5721 10.4757
0.84515.7_0.29_4 55751.47818196580192 g 13.7889 0.0152 7.0000 15.7260 0.2920 10.4254 10.5721 10.4757
0.84515.7_0.29_4 56457.54286877949926 g 13.7014 0.0152 7.0000 15.7260 0.2920 10.4254 10.5721 10.4757
0.87515.7_0.29_4 55389.34789377079869 g 13.7582 0.0152 7.5000 15.7260 0.2920 10.3367 10.4990 10.4007
0.87515.7_0.29_4 55389.35959469679801 g 13.7404 0.0152 7.5000 15.7260 0.2920 10.3367 10.4990 10.4007
0.87515.7_0.29_4 55742.46622221360303 g 13.5741 0.0153 7.5000 15.7260 0.2920 10.3367 10.4990 10.4007
0.87515.7_0.29_4 55742.45593677880242 g 13.5673 0.0153 7.5000 15.7260 0.2920 10.3367 10.4990 10.4007
0.87515.7_0.29_4 55014.44820719180279 g 13.7231 0.0152 7.5000 15.7260 0.2920 10.3367 10.4990 10.4007
0.90315.7_0.29_4 56455.50771040520340 g 13.6496 0.0153 8.0000 15.7260 0.2920 10.2370 10.3826 10.2958
0.90315.7_0.29_4 55742.46622221360303 g 13.6814 0.0152 8.0000 15.7260 0.2920 10.2370 10.3826 10.2958
0.90315.7_0.29_4 55742.45593677880242 g 13.6739 0.0152 8.0000 15.7260 0.2920 10.2370 10.3826 10.2958
0.90315.7_0.29_4 55014.44820719180279 g 13.7025 0.0152 8.0000 15.7260 0.2920 10.2370 10.3826 10.2958
0.90315.7_0.29_4 55751.46854943590006 g 13.6432 0.0153 8.0000 15.7260 0.2920 10.2370 10.3826 10.2958
0.90315.7_0.29_4 55751.47818196580192 g 13.6436 0.0153 8.0000 15.7260 0.2920 10.2370 10.3826 10.2958
0.92915.7_0.29_4 56148.35737108159810 g 13.5667 0.0153 8.5000 15.7260 0.2920 10.1836 10.3184 10.2192
0.92915.7_0.29_4 56148.34644904409652 g 13.5939 0.0153 8.5000 15.7260 0.2920 10.1836 10.3184 10.2192
0.92915.7_0.29_4 56455.50771040520340 g 13.6683 0.0152 8.5000 15.7260 0.2920 10.1836 10.3184 10.2192
0.95415.7_0.29_4 56455.50771040520340 g 13.5221 0.0153 9.0000 15.7260 0.2920 10.1076 10.2381 10.1572
0.9778.70_0.10_4 56463.50723495610146 r 17.8537 0.0131 9.5000  8.7018 0.1018 2.9317 3.1001 3.0213
0.9778.70_0.10_4 56463.49733644490334 r 15.6999 0.0033 9.5000  8.7018 0.1018 2.9317 3.1001 3.0213
1.04115.7_0.29_4 55389.34789377079869 g 13.5445 0.0153 11.0000 15.7260 0.2920 9.8382 9.9402 9.8675
1.04115.7_0.29_4 55389.35959469679801 g 13.5528 0.0153 11.0000 15.7260 0.2920 9.8382 9.9402 9.8675
1.04115.7_0.29_4 56148.35737108159810 g 13.5650 0.0153 11.0000 15.7260 0.2920 9.8382 9.9402 9.8675
1.04115.7_0.29_4 56148.34644904409652 g 13.5642 0.0153 11.0000 15.7260 0.2920 9.8382 9.9402 9.8675
1.04115.7_0.29_4 56457.53239160539670 g 13.5025 0.0153 11.0000 15.7260 0.2920 9.8382 9.9402 9.8675
1.04115.7_0.29_4 55742.46622221360303 g 13.5354 0.0153 11.0000 15.7260 0.2920 9.8382 9.9402 9.8675
1.04115.7_0.29_4 55742.45593677880242 g 13.5158 0.0153 11.0000 15.7260 0.2920 9.8382 9.9402 9.8675
1.04115.7_0.29_4 56457.54286877949926 g 13.5052 0.0153 11.0000 15.7260 0.2920 9.8382 9.9402 9.8675
1.07915.7_0.29_4 56148.35737108159810 g 13.5184 0.0153 12.0000 15.7260 0.2920 9.7212 9.8274 9.7422
1.07915.7_0.29_4 56148.34644904409652 g 13.5138 0.0153 12.0000 15.7260 0.2920 9.7212 9.8274 9.7422
1.0968.70_0.10_4 55365.55970194480324 r 14.9144 0.0022 12.5000  8.7018 0.1018 2.5641 2.6931 2.6395
1.1138.70_0.10_4 55742.47741243580094 r 17.9741 0.0142 13.0000  8.7018 0.1018 2.5285 2.6628 2.5945
1.1138.70_0.10_4 56088.48722780620301 r 21.3334 0.1792 13.0000  8.7018 0.1018 2.5285 2.6628 2.5945
1.1308.70_0.10_4 55365.54820492179715 r 16.6210 0.0058 13.5000  8.7018 0.1018 2.4602 2.5846 2.5237
1.1468.70_0.10_4 56088.49724264269753 r 20.6637 0.1054 14.0000  8.7018 0.1018 2.4207 2.5365 2.4749
1.1618.70_0.10_4 56088.48722780620301 r 21.9822 0.3025 14.5000  8.7018 0.1018 2.3513 2.4936 2.4284
1.1768.70_0.10_4 55742.48718999150151 r 15.2799 0.0026 15.0000  8.7018 0.1018 2.3264 2.4200 2.3740
1.2048.70_0.10_4 56088.48722780620301 r 15.5286 0.0030 16.0000  8.7018 0.1018 2.2410 2.3598 2.2954
1.2048.70_0.10_4 56463.50723495610146 r 18.4676 0.0202 16.0000  8.7018 0.1018 2.2410 2.3598 2.2954
1.2438.70_0.10_4 56088.49724264269753 r 16.6998 0.0061 17.5000  8.7018 0.1018 2.1211 2.2166 2.1829
1.2438.70_0.10_4 56463.50723495610146 r 18.6349 0.0228 17.5000  8.7018 0.1018 2.1211 2.2166 2.1829
1.2558.70_0.10_4 56455.54539404209936 r 14.3038 0.0016 18.0000  8.7018 0.1018 2.0894 2.1651 2.1276
1.2558.70_0.10_4 56088.49724264269753 r 21.7803 0.2568 18.0000  8.7018 0.1018 2.0894 2.1651 2.1276
1.2908.70_0.10_4 56088.48722780620301 r 14.4722 0.0017 19.5000  8.7018 0.1018 1.9839 2.0567 2.0130
1.3118.70_0.10_4 56455.55515270440083 r 19.9602 0.0611 20.5000  8.7018 0.1018 1.8985 2.0005 1.9325
1.3118.70_0.10_4 56455.54539404209936 r 18.1680 0.0163 20.5000  8.7018 0.1018 1.8985 2.0005 1.9325
1.3118.70_0.10_4 55742.47741243580094 r 19.6329 0.0476 20.5000  8.7018 0.1018 1.8985 2.0005 1.9325
1.3228.70_0.10_4 56463.49733644490334 r 17.5773 0.0108 21.0000  8.7018 0.1018 1.8788 1.9508 1.9005
1.3328.70_0.10_4 56088.49724264269753 r 17.7229 0.0120 21.5000  8.7018 0.1018 1.8447 1.9189 1.8828
1.3428.70_0.10_4 55742.47741243580094 r 16.2216 0.0045 22.0000  8.7018 0.1018 1.8069 1.8832 1.8446
1.3528.70_0.10_4 56455.54539404209936 r 17.3490 0.0093 22.5000  8.7018 0.1018 1.7814 1.8635 1.8146
1.3618.70_0.10_4 55742.48718999150151 r 20.2162 0.0744 23.0000  8.7018 0.1018 1.7554 1.8194 1.7760
1.3618.70_0.10_4 56088.49724264269753 r 15.2042 0.0025 23.0000  8.7018 0.1018 1.7554 1.8194 1.7760
1.3898.70_0.10_4 56455.54539404209936 r 16.9246 0.0070 24.5000  8.7018 0.1018 1.6750 1.7369 1.7094
1.3898.70_0.10_4 56088.48722780620301 r 18.5159 0.0209 24.5000  8.7018 0.1018 1.6750 1.7369 1.7094
1.4548.70_0.10_4 56463.49733644490334 r 13.7024 0.0012 28.5000  8.7018 0.1018 1.4633 1.5082 1.4969
1.4698.70_0.10_4 56088.49724264269753 r 17.5738 0.0108 29.5000  8.7018 0.1018 1.4281 1.4639 1.4467
1.4698.70_0.10_4 56088.48722780620301 r 21.0559 0.1437 29.5000  8.7018 0.1018 1.4281 1.4639 1.4467
