# Name Epoch Band Mag eMag period DM E(B-V) KMEAN  W1MEAN W2MEAN
lc_3.0_14.3_0.79 55446.26337962740217 g 13.5942 0.0153 3.0000 14.3136 0.7999 10.1390 10.4152 10.3668
lc_3.0_14.4_0.85 55446.26337962740217 g 13.9477 0.0152 3.0000 14.4799 0.8575 10.3121 10.5849 10.5357
lc_3.0_14.7_0.91 55446.26337962740217 g 14.4618 0.0150 3.0000 14.7928 0.9144 10.6318 10.9012 10.8513
lc_3.0_14.9_0.98 55446.26337962740217 g 14.8509 0.0149 3.0000 14.9539 0.9840 10.8012 11.0665 11.0155
lc_3.0_14.9_0.98 55446.26337962740217 r 13.7471 0.0012 3.0000 14.9539 0.9840 10.8012 11.0665 11.0155
lc_3.0_14.9_0.98 55446.26337962740217 i 13.6137 0.0153 3.0000 14.9539 0.9840 10.8012 11.0665 11.0155
lc_3.0_15.3_1.07 55446.26337962740217 g 15.5703 0.0149 3.0000 15.3887 1.0739 11.2466 11.5067 11.4544
lc_3.0_15.3_1.07 55446.26337962740217 r 14.3987 0.0017 3.0000 15.3887 1.0739 11.2466 11.5067 11.4544
lc_3.0_15.3_1.07 55446.26337962740217 i 14.1344 0.0149 3.0000 15.3887 1.0739 11.2466 11.5067 11.4544
lc_3.0_15.3_1.07 55446.26337962740217 z 13.5264 0.0147 3.0000 15.3887 1.0739 11.2466 11.5067 11.4544
lc_3.2_14.3_0.79 55446.26337962740217 g 13.5830 0.0153 3.2000 14.3136 0.7999 10.0530 10.3315 10.2810
lc_3.2_14.4_0.85 55446.26337962740217 g 13.9243 0.0152 3.2000 14.4799 0.8575 10.2261 10.5012 10.4499
lc_3.2_14.7_0.91 55446.26337962740217 g 14.4152 0.0150 3.2000 14.7928 0.9144 10.5458 10.8176 10.7654
lc_3.2_14.9_0.98 55446.26337962740217 g 14.8080 0.0149 3.2000 14.9539 0.9840 10.7152 10.9828 10.9297
lc_3.2_14.9_0.98 55446.26337962740217 r 13.6609 0.0012 3.2000 14.9539 0.9840 10.7152 10.9828 10.9297
lc_3.2_14.9_0.98 55446.26337962740217 i 13.5584 0.0154 3.2000 14.9539 0.9840 10.7152 10.9828 10.9297
lc_3.2_15.3_1.07 55446.26337962740217 g 15.5417 0.0149 3.2000 15.3887 1.0739 11.1606 11.4230 11.3686
lc_3.2_15.3_1.07 55446.26337962740217 r 14.2839 0.0016 3.2000 15.3887 1.0739 11.1606 11.4230 11.3686
lc_3.2_15.3_1.07 55446.26337962740217 i 14.1733 0.0148 3.2000 15.3887 1.0739 11.1606 11.4230 11.3686
lc_3.4_14.3_0.79 55446.26337962740217 g 13.5088 0.0153 3.4000 14.3136 0.7999  9.9722 10.2529 10.2003
lc_3.4_14.4_0.85 55446.26337962740217 g 13.8632 0.0152 3.4000 14.4799 0.8575 10.1453 10.4226 10.3692
lc_3.4_14.7_0.91 55446.26337962740217 g 14.3353 0.0150 3.4000 14.7928 0.9144 10.4650 10.7390 10.6848
lc_3.4_14.9_0.98 55446.26337962740217 g 14.7363 0.0149 3.4000 14.9539 0.9840 10.6344 10.9042 10.8491
lc_3.4_14.9_0.98 55446.26337962740217 r 13.6685 0.0012 3.4000 14.9539 0.9840 10.6344 10.9042 10.8491
lc_3.4_15.3_1.07 55446.26337962740217 g 15.4498 0.0149 3.4000 15.3887 1.0739 11.0798 11.3444 11.2880
lc_3.4_15.3_1.07 55446.26337962740217 r 14.2446 0.0016 3.4000 15.3887 1.0739 11.0798 11.3444 11.2880
lc_3.4_15.3_1.07 55446.26337962740217 i 14.0609 0.0149 3.4000 15.3887 1.0739 11.0798 11.3444 11.2880
lc_3.6_14.4_0.85 55446.26337962740217 g 13.8561 0.0152 3.6000 14.4799 0.8575 10.0691 10.3485 10.2932
lc_3.6_14.7_0.91 55446.26337962740217 g 14.3364 0.0150 3.6000 14.7928 0.9144 10.3888 10.6649 10.6088
lc_3.6_14.9_0.98 55446.26337962740217 g 14.7455 0.0149 3.6000 14.9539 0.9840 10.5582 10.8301 10.7731
lc_3.6_14.9_0.98 55446.26337962740217 r 13.5468 0.0012 3.6000 14.9539 0.9840 10.5582 10.8301 10.7731
lc_3.6_15.3_1.07 55446.26337962740217 g 15.3919 0.0149 3.6000 15.3887 1.0739 11.0036 11.2703 11.2120
lc_3.6_15.3_1.07 55446.26337962740217 r 14.2169 0.0015 3.6000 15.3887 1.0739 11.0036 11.2703 11.2120
lc_3.6_15.3_1.07 55446.26337962740217 i 14.0355 0.0149 3.6000 15.3887 1.0739 11.0036 11.2703 11.2120
lc_3.8_14.4_0.85 55446.26337962740217 g 13.8148 0.0152 3.8000 14.4799 0.8575  9.9970 10.2784 10.2213
lc_3.8_14.7_0.91 55446.26337962740217 g 14.2605 0.0151 3.8000 14.7928 0.9144 10.3168 10.5948 10.5369
lc_3.8_14.9_0.98 55446.26337962740217 g 14.6649 0.0149 3.8000 14.9539 0.9840 10.4861 10.7600 10.7012
lc_3.8_15.3_1.07 55446.26337962740217 g 15.3849 0.0149 3.8000 15.3887 1.0739 10.9316 11.2002 11.1400
lc_3.8_15.3_1.07 55446.26337962740217 r 14.1400 0.0015 3.8000 15.3887 1.0739 10.9316 11.2002 11.1400
lc_3.8_15.3_1.07 55446.26337962740217 i 13.9458 0.0150 3.8000 15.3887 1.0739 10.9316 11.2002 11.1400
lc_4.0_14.4_0.85 55446.26337962740217 g 13.7003 0.0152 4.0000 14.4799 0.8575  9.9287 10.2119 10.1531
lc_4.0_14.7_0.91 55446.26337962740217 g 14.2299 0.0151 4.0000 14.7928 0.9144 10.2484 10.5283 10.4687
lc_4.0_14.9_0.98 55446.26337962740217 g 14.6080 0.0149 4.0000 14.9539 0.9840 10.4178 10.6935 10.6329
lc_4.0_15.3_1.07 55446.26337962740217 g 15.3466 0.0149 4.0000 15.3887 1.0739 10.8632 11.1337 11.0718
lc_4.0_15.3_1.07 55446.26337962740217 r 14.1013 0.0015 4.0000 15.3887 1.0739 10.8632 11.1337 11.0718
lc_4.0_15.3_1.07 55446.26337962740217 i 13.9608 0.0150 4.0000 15.3887 1.0739 10.8632 11.1337 11.0718
lc_4.2_14.4_0.85 55446.26337962740217 g 13.6852 0.0152 4.2000 14.4799 0.8575  9.8637 10.1486 10.0882
lc_4.2_14.7_0.91 55446.26337962740217 g 14.1821 0.0151 4.2000 14.7928 0.9144 10.1834 10.4650 10.4038
lc_4.2_14.9_0.98 55446.26337962740217 g 14.5703 0.0150 4.2000 14.9539 0.9840 10.3527 10.6303 10.5681
lc_4.2_15.3_1.07 55446.26337962740217 g 15.2950 0.0149 4.2000 15.3887 1.0739 10.7982 11.0704 11.0069
lc_4.2_15.3_1.07 55446.26337962740217 r 14.0506 0.0014 4.2000 15.3887 1.0739 10.7982 11.0704 11.0069
lc_4.2_15.3_1.07 55446.26337962740217 i 13.8741 0.0151 4.2000 15.3887 1.0739 10.7982 11.0704 11.0069
lc_4.4_14.4_0.85 55446.26337962740217 g 13.6562 0.0152 4.4000 14.4799 0.8575  9.8017 10.0883 10.0263
lc_4.4_14.7_0.91 55446.26337962740217 g 14.1519 0.0151 4.4000 14.7928 0.9144 10.1214 10.4047 10.3419
lc_4.4_14.9_0.98 55446.26337962740217 g 14.5299 0.0150 4.4000 14.9539 0.9840 10.2907 10.5700 10.5062
lc_4.4_15.3_1.07 55446.26337962740217 g 15.2892 0.0149 4.4000 15.3887 1.0739 10.7362 11.0101 10.9451
lc_4.4_15.3_1.07 55446.26337962740217 r 14.0382 0.0014 4.4000 15.3887 1.0739 10.7362 11.0101 10.9451
lc_4.4_15.3_1.07 55446.26337962740217 i 13.8075 0.0151 4.4000 15.3887 1.0739 10.7362 11.0101 10.9451
lc_4.6_14.4_0.85 55446.26337962740217 g 13.6244 0.0153 4.6000 14.4799 0.8575  9.7424 10.0307  9.9672
lc_4.6_14.7_0.91 55446.26337962740217 g 14.1264 0.0151 4.6000 14.7928 0.9144 10.0621 10.3471 10.2828
lc_4.6_14.9_0.98 55446.26337962740217 g 14.5091 0.0150 4.6000 14.9539 0.9840 10.2315 10.5123 10.4471
lc_4.6_15.3_1.07 55446.26337962740217 g 15.2066 0.0148 4.6000 15.3887 1.0739 10.6769 10.9525 10.8860
lc_4.6_15.3_1.07 55446.26337962740217 r 13.9713 0.0014 4.6000 15.3887 1.0739 10.6769 10.9525 10.8860
lc_4.6_15.3_1.07 55446.26337962740217 i 13.7695 0.0152 4.6000 15.3887 1.0739 10.6769 10.9525 10.8860
lc_4.8_14.4_0.85 55446.26337962740217 g 13.6153 0.0153 4.8000 14.4799 0.8575  9.6857  9.9755  9.9106
lc_4.8_14.7_0.91 55446.26337962740217 g 14.0867 0.0151 4.8000 14.7928 0.9144 10.0054 10.2919 10.2262
lc_4.8_14.9_0.98 55446.26337962740217 g 14.4589 0.0150 4.8000 14.9539 0.9840 10.1748 10.4571 10.3905
lc_4.8_15.3_1.07 55446.26337962740217 g 15.1883 0.0148 4.8000 15.3887 1.0739 10.6202 10.8973 10.8294
lc_4.8_15.3_1.07 55446.26337962740217 r 13.8904 0.0013 4.8000 15.3887 1.0739 10.6202 10.8973 10.8294
lc_4.8_15.3_1.07 55446.26337962740217 i 13.6819 0.0152 4.8000 15.3887 1.0739 10.6202 10.8973 10.8294
lc_5.0_14.4_0.85 55446.26337962740217 g 13.5707 0.0153 5.0000 14.4799 0.8575  9.6313  9.9226  9.8563
lc_5.0_14.7_0.91 55446.26337962740217 g 14.0797 0.0151 5.0000 14.7928 0.9144  9.9510 10.2389 10.1719
lc_5.0_14.9_0.98 55446.26337962740217 g 14.4237 0.0150 5.0000 14.9539 0.9840 10.1204 10.4042 10.3362
lc_5.0_15.3_1.07 55446.26337962740217 g 15.1464 0.0148 5.0000 15.3887 1.0739 10.5658 10.8444 10.7751
lc_5.0_15.3_1.07 55446.26337962740217 r 13.8655 0.0013 5.0000 15.3887 1.0739 10.5658 10.8444 10.7751
lc_5.0_15.3_1.07 55446.26337962740217 i 13.7428 0.0152 5.0000 15.3887 1.0739 10.5658 10.8444 10.7751
lc_5.2_14.4_0.85 55446.26337962740217 g 13.5604 0.0153 5.2000 14.4799 0.8575  9.5790  9.8717  9.8042
lc_5.2_14.7_0.91 55446.26337962740217 g 14.0607 0.0151 5.2000 14.7928 0.9144  9.8987 10.1881 10.1197
lc_5.2_14.9_0.98 55446.26337962740217 g 14.4527 0.0150 5.2000 14.9539 0.9840 10.0681 10.3534 10.2840
lc_5.2_15.3_1.07 55446.26337962740217 g 15.1545 0.0148 5.2000 15.3887 1.0739 10.5135 10.7935 10.7229
lc_5.2_15.3_1.07 55446.26337962740217 r 13.8510 0.0013 5.2000 15.3887 1.0739 10.5135 10.7935 10.7229
lc_5.2_15.3_1.07 55446.26337962740217 i 13.6708 0.0153 5.2000 15.3887 1.0739 10.5135 10.7935 10.7229
lc_5.4_14.4_0.85 55446.26337962740217 g 13.5615 0.0153 5.4000 14.4799 0.8575  9.5287  9.8228  9.7540
lc_5.4_14.7_0.91 55446.26337962740217 g 14.0171 0.0152 5.4000 14.7928 0.9144  9.8484 10.1392 10.0695
lc_5.4_14.9_0.98 55446.26337962740217 g 14.4101 0.0150 5.4000 14.9539 0.9840 10.0178 10.3044 10.2338
lc_5.4_15.3_1.07 55446.26337962740217 g 15.1053 0.0148 5.4000 15.3887 1.0739 10.4633 10.7446 10.6727
lc_5.4_15.3_1.07 55446.26337962740217 r 13.7966 0.0013 5.4000 15.3887 1.0739 10.4633 10.7446 10.6727
lc_5.4_15.3_1.07 55446.26337962740217 i 13.6678 0.0153 5.4000 15.3887 1.0739 10.4633 10.7446 10.6727
lc_5.6_14.4_0.85 55446.26337962740217 g 13.5060 0.0153 5.6000 14.4799 0.8575  9.4802  9.7757  9.7056
lc_5.6_14.7_0.91 55446.26337962740217 g 14.0145 0.0152 5.6000 14.7928 0.9144  9.8000 10.0920 10.0212
lc_5.6_14.9_0.98 55446.26337962740217 g 14.3484 0.0150 5.6000 14.9539 0.9840  9.9693 10.2573 10.1855
lc_5.6_15.3_1.07 55446.26337962740217 g 15.0896 0.0148 5.6000 15.3887 1.0739 10.4148 10.6974 10.6243
lc_5.6_15.3_1.07 55446.26337962740217 r 13.8165 0.0013 5.6000 15.3887 1.0739 10.4148 10.6974 10.6243
lc_5.6_15.3_1.07 55446.26337962740217 i 13.5395 0.0154 5.6000 15.3887 1.0739 10.4148 10.6974 10.6243
lc_5.8_14.7_0.91 55446.26337962740217 g 13.9689 0.0152 5.8000 14.7928 0.9144  9.7532 10.0465  9.9745
lc_5.8_14.9_0.98 55446.26337962740217 g 14.3153 0.0150 5.8000 14.9539 0.9840  9.9226 10.2118 10.1388
lc_5.8_15.3_1.07 55446.26337962740217 g 15.0543 0.0148 5.8000 15.3887 1.0739 10.3680 10.6519 10.5777
lc_5.8_15.3_1.07 55446.26337962740217 r 13.7353 0.0012 5.8000 15.3887 1.0739 10.3680 10.6519 10.5777
lc_5.8_15.3_1.07 55446.26337962740217 i 13.5478 0.0154 5.8000 15.3887 1.0739 10.3680 10.6519 10.5777
lc_6.0_14.7_0.91 55446.26337962740217 g 13.9156 0.0152 6.0000 14.7928 0.9144  9.7080 10.0026  9.9294
lc_6.0_14.9_0.98 55446.26337962740217 g 14.3066 0.0151 6.0000 14.9539 0.9840  9.8774 10.1678 10.0937
lc_6.0_15.3_1.07 55446.26337962740217 g 15.0266 0.0148 6.0000 15.3887 1.0739 10.3228 10.6080 10.5326
lc_6.0_15.3_1.07 55446.26337962740217 r 13.6998 0.0012 6.0000 15.3887 1.0739 10.3228 10.6080 10.5326
lc_6.0_15.3_1.07 55446.26337962740217 i 13.5125 0.0154 6.0000 15.3887 1.0739 10.3228 10.6080 10.5326
lc_6.2_14.7_0.91 55446.26337962740217 g 13.8923 0.0152 6.2000 14.7928 0.9144  9.6643  9.9601  9.8858
lc_6.2_14.9_0.98 55446.26337962740217 g 14.2495 0.0151 6.2000 14.9539 0.9840  9.8337 10.1253 10.0501
lc_6.2_15.3_1.07 55446.26337962740217 g 15.0056 0.0148 6.2000 15.3887 1.0739 10.2791 10.5655 10.4890
lc_6.2_15.3_1.07 55446.26337962740217 r 13.6657 0.0012 6.2000 15.3887 1.0739 10.2791 10.5655 10.4890
lc_6.4_14.7_0.91 55446.26337962740217 g 13.8761 0.0152 6.4000 14.7928 0.9144  9.6220  9.9189  9.8436
lc_6.4_14.9_0.98 55446.26337962740217 g 14.2627 0.0151 6.4000 14.9539 0.9840  9.7914 10.0842 10.0079
lc_6.4_15.3_1.07 55446.26337962740217 g 14.9950 0.0148 6.4000 15.3887 1.0739 10.2368 10.5243 10.4468
lc_6.4_15.3_1.07 55446.26337962740217 r 13.6415 0.0012 6.4000 15.3887 1.0739 10.2368 10.5243 10.4468
lc_6.4_15.3_1.07 55446.26337962740217 i 13.5035 0.0154 6.4000 15.3887 1.0739 10.2368 10.5243 10.4468
lc_6.6_14.7_0.91 55446.26337962740217 g 13.8284 0.0152 6.6000 14.7928 0.9144  9.5810  9.8790  9.8027
lc_6.6_14.9_0.98 55446.26337962740217 g 14.2831 0.0151 6.6000 14.9539 0.9840  9.7504 10.0443  9.9670
lc_6.6_15.3_1.07 55446.26337962740217 g 14.9473 0.0149 6.6000 15.3887 1.0739 10.1958 10.4844 10.4058
lc_6.6_15.3_1.07 55446.26337962740217 r 13.6165 0.0012 6.6000 15.3887 1.0739 10.1958 10.4844 10.4058
lc_6.8_14.7_0.91 55446.26337962740217 g 13.8408 0.0152 6.8000 14.7928 0.9144  9.5412  9.8403  9.7630
lc_6.8_14.9_0.98 55446.26337962740217 g 14.2059 0.0151 6.8000 14.9539 0.9840  9.7106 10.0056  9.9273
lc_6.8_15.3_1.07 55446.26337962740217 g 14.8909 0.0149 6.8000 15.3887 1.0739 10.1560 10.4457 10.3661
lc_6.8_15.3_1.07 55446.26337962740217 r 13.5976 0.0012 6.8000 15.3887 1.0739 10.1560 10.4457 10.3661
lc_7.0_14.7_0.91 55446.26337962740217 g 13.8347 0.0152 7.0000 14.7928 0.9144  9.5026  9.8027  9.7244
lc_7.0_14.9_0.98 55446.26337962740217 g 14.2094 0.0151 7.0000 14.9539 0.9840  9.6719  9.9680  9.8887
lc_7.0_15.3_1.07 55446.26337962740217 g 14.9239 0.0149 7.0000 15.3887 1.0739 10.1174 10.4081 10.3276
lc_7.0_15.3_1.07 55446.26337962740217 r 13.5179 0.0011 7.0000 15.3887 1.0739 10.1174 10.4081 10.3276
lc_7.2_14.7_0.91 55446.26337962740217 g 13.8315 0.0152 7.2000 14.7928 0.9144  9.4650  9.7662  9.6869
lc_7.2_14.9_0.98 55446.26337962740217 g 14.1466 0.0151 7.2000 14.9539 0.9840  9.6344  9.9314  9.8512
lc_7.2_15.3_1.07 55446.26337962740217 g 14.9315 0.0149 7.2000 15.3887 1.0739 10.0798 10.3716 10.2901
lc_7.2_15.3_1.07 55446.26337962740217 r 13.5590 0.0012 7.2000 15.3887 1.0739 10.0798 10.3716 10.2901
lc_7.4_14.7_0.91 55446.26337962740217 g 13.7776 0.0152 7.4000 14.7928 0.9144  9.4285  9.7307  9.6505
lc_7.4_14.9_0.98 55446.26337962740217 g 14.1795 0.0151 7.4000 14.9539 0.9840  9.5979  9.8959  9.8148
lc_7.4_15.3_1.07 55446.26337962740217 g 14.8797 0.0149 7.4000 15.3887 1.0739 10.0433 10.3361 10.2537
lc_7.6_14.7_0.91 55446.26337962740217 g 13.7732 0.0152 7.6000 14.7928 0.9144  9.3930  9.6961  9.6150
lc_7.6_14.9_0.98 55446.26337962740217 g 14.1572 0.0151 7.6000 14.9539 0.9840  9.5623  9.8613  9.7793
lc_7.6_15.3_1.07 55446.26337962740217 g 14.8596 0.0149 7.6000 15.3887 1.0739 10.0078 10.3015 10.2182
lc_7.6_15.3_1.07 55446.26337962740217 r 13.5083 0.0011 7.6000 15.3887 1.0739 10.0078 10.3015 10.2182
lc_7.8_14.7_0.91 55446.26337962740217 g 13.7498 0.0152 7.8000 14.7928 0.9144  9.3584  9.6624  9.5805
lc_7.8_14.9_0.98 55446.26337962740217 g 14.1429 0.0151 7.8000 14.9539 0.9840  9.5277  9.8277  9.7448
lc_7.8_15.3_1.07 55446.26337962740217 g 14.8569 0.0149 7.8000 15.3887 1.0739  9.9732 10.2678 10.1837
lc_8.0_14.7_0.91 55446.26337962740217 g 13.7353 0.0152 8.0000 14.7928 0.9144  9.3246  9.6296  9.5468
lc_8.0_14.9_0.98 55446.26337962740217 g 14.1181 0.0151 8.0000 14.9539 0.9840  9.4940  9.7948  9.7111
lc_8.0_15.3_1.07 55446.26337962740217 g 14.8338 0.0149 8.0000 15.3887 1.0739  9.9394 10.2350 10.1500
lc_8.2_14.7_0.91 55446.26337962740217 g 13.6970 0.0152 8.2000 14.7928 0.9144  9.2917  9.5976  9.5140
lc_8.2_14.9_0.98 55446.26337962740217 g 14.0837 0.0151 8.2000 14.9539 0.9840  9.4611  9.7628  9.6783
lc_8.2_15.3_1.07 55446.26337962740217 g 14.7840 0.0149 8.2000 15.3887 1.0739  9.9065 10.2030 10.1172
lc_8.4_14.7_0.91 55446.26337962740217 g 13.6597 0.0152 8.4000 14.7928 0.9144  9.2596  9.5663  9.4819
lc_8.4_14.9_0.98 55446.26337962740217 g 14.0511 0.0151 8.4000 14.9539 0.9840  9.4290  9.7316  9.6462
lc_8.4_15.3_1.07 55446.26337962740217 g 14.8051 0.0149 8.4000 15.3887 1.0739  9.8744 10.1717 10.0851
lc_8.6_14.7_0.91 55446.26337962740217 g 13.6771 0.0152 8.6000 14.7928 0.9144  9.2282  9.5358  9.4506
lc_8.6_14.9_0.98 55446.26337962740217 g 14.0505 0.0151 8.6000 14.9539 0.9840  9.3976  9.7011  9.6149
lc_8.6_15.3_1.07 55446.26337962740217 g 14.7768 0.0149 8.6000 15.3887 1.0739  9.8430 10.1412 10.0538
lc_8.8_14.7_0.91 55446.26337962740217 g 13.6497 0.0153 8.8000 14.7928 0.9144  9.1976  9.5060  9.4201
lc_8.8_14.9_0.98 55446.26337962740217 g 14.0260 0.0152 8.8000 14.9539 0.9840  9.3670  9.6713  9.5844
lc_8.8_15.3_1.07 55446.26337962740217 g 14.7550 0.0149 8.8000 15.3887 1.0739  9.8124 10.1114 10.0232
lc_9.0_14.7_0.91 55446.26337962740217 g 13.6034 0.0153 9.0000 14.7928 0.9144  9.1676  9.4769  9.3902
lc_9.0_14.9_0.98 55446.26337962740217 g 13.9996 0.0152 9.0000 14.9539 0.9840  9.3370  9.6421  9.5545
lc_9.0_15.3_1.07 55446.26337962740217 g 14.7246 0.0149 9.0000 15.3887 1.0739  9.7825 10.0823  9.9934
lc_9.2_14.7_0.91 55446.26337962740217 g 13.6127 0.0153 9.2000 14.7928 0.9144  9.1383  9.4484  9.3609
lc_9.2_14.9_0.98 55446.26337962740217 g 13.9789 0.0152 9.2000 14.9539 0.9840  9.3077  9.6136  9.5252
lc_9.2_15.3_1.07 55446.26337962740217 g 14.7045 0.0149 9.2000 15.3887 1.0739  9.7532 10.0538  9.9641
lc_9.4_14.7_0.91 55446.26337962740217 g 13.6226 0.0153 9.4000 14.7928 0.9144  9.1097  9.4205  9.3323
lc_9.4_14.9_0.98 55446.26337962740217 g 13.9673 0.0152 9.4000 14.9539 0.9840  9.2791  9.5858  9.4966
lc_9.4_15.3_1.07 55446.26337962740217 g 14.6973 0.0149 9.4000 15.3887 1.0739  9.7245 10.0259  9.9355
