# Name Epoch Band Mag eMag period DM E(B-V) KMEAN  W1MEAN W2MEAN
lc_3.0_14.8_0.57 55389.42521841580310 g 14.4190 0.0150 3.0000 14.8213 0.5776 10.6202 10.9095 10.8642
lc_3.0_14.8_0.57 55389.41325187029724 g 14.3885 0.0150 3.0000 14.8213 0.5776 10.6202 10.9095 10.8642
lc_3.0_14.8_0.57 56147.35830764369894 g 14.1065 0.0151 3.0000 14.8213 0.5776 10.6202 10.9095 10.8642
lc_3.0_14.8_0.57 56147.34801527119998 g 14.0854 0.0151 3.0000 14.8213 0.5776 10.6202 10.9095 10.8642
lc_3.0_14.8_0.57 54999.53791671100043 g 14.3515 0.0150 3.0000 14.8213 0.5776 10.6202 10.9095 10.8642
lc_3.0_14.8_0.57 54999.52762850250292 g 14.3599 0.0150 3.0000 14.8213 0.5776 10.6202 10.9095 10.8642
lc_3.0_14.8_0.57 55769.40606205489894 g 14.1257 0.0151 3.0000 14.8213 0.5776 10.6202 10.9095 10.8642
lc_3.0_14.8_0.57 55769.41627147010149 g 14.1426 0.0151 3.0000 14.8213 0.5776 10.6202 10.9095 10.8642
lc_3.0_14.8_0.57 55766.37074672379822 g 14.0752 0.0151 3.0000 14.8213 0.5776 10.6202 10.9095 10.8642
lc_3.0_14.8_0.57 55766.36041082580050 g 14.1178 0.0151 3.0000 14.8213 0.5776 10.6202 10.9095 10.8642
lc_3.5_14.8_0.57 56147.35830764369894 g 14.2107 0.0151 3.5000 14.8213 0.5776 10.4148 10.7097 10.6592
lc_3.5_14.8_0.57 56147.34801527119998 g 14.2362 0.0151 3.5000 14.8213 0.5776 10.4148 10.7097 10.6592
lc_3.5_14.8_0.57 54999.53791671100043 g 14.2489 0.0151 3.5000 14.8213 0.5776 10.4148 10.7097 10.6592
lc_3.5_14.8_0.57 54999.52762850250292 g 14.2668 0.0151 3.5000 14.8213 0.5776 10.4148 10.7097 10.6592
lc_3.5_14.8_0.57 55769.40606205489894 g 14.2263 0.0151 3.5000 14.8213 0.5776 10.4148 10.7097 10.6592
lc_3.5_14.8_0.57 55769.41627147010149 g 14.2530 0.0151 3.5000 14.8213 0.5776 10.4148 10.7097 10.6592
lc_3.5_14.8_0.57 55766.37074672379822 g 14.2456 0.0151 3.5000 14.8213 0.5776 10.4148 10.7097 10.6592
lc_3.5_14.8_0.57 55766.36041082580050 g 14.2670 0.0151 3.5000 14.8213 0.5776 10.4148 10.7097 10.6592
lc_4.0_14.8_0.57 55389.42521841580310 g 13.7454 0.0152 4.0000 14.8213 0.5776 10.2368 10.5365 10.4816
lc_4.0_14.8_0.57 55389.41325187029724 g 13.7396 0.0152 4.0000 14.8213 0.5776 10.2368 10.5365 10.4816
lc_4.0_14.8_0.57 56147.35830764369894 g 14.1161 0.0151 4.0000 14.8213 0.5776 10.2368 10.5365 10.4816
lc_4.0_14.8_0.57 56147.34801527119998 g 14.1093 0.0151 4.0000 14.8213 0.5776 10.2368 10.5365 10.4816
lc_4.0_14.8_0.57 54999.53791671100043 g 13.9945 0.0152 4.0000 14.8213 0.5776 10.2368 10.5365 10.4816
lc_4.0_14.8_0.57 54999.52762850250292 g 13.9676 0.0152 4.0000 14.8213 0.5776 10.2368 10.5365 10.4816
lc_4.0_14.8_0.57 55769.40606205489894 g 13.7278 0.0152 4.0000 14.8213 0.5776 10.2368 10.5365 10.4816
lc_4.0_14.8_0.57 55769.41627147010149 g 13.7361 0.0152 4.0000 14.8213 0.5776 10.2368 10.5365 10.4816
lc_4.0_14.8_0.57 55766.37074672379822 g 14.0265 0.0152 4.0000 14.8213 0.5776 10.2368 10.5365 10.4816
lc_4.0_14.8_0.57 55766.36041082580050 g 14.0699 0.0151 4.0000 14.8213 0.5776 10.2368 10.5365 10.4816
lc_4.5_14.8_0.57 56147.35830764369894 g 14.0188 0.0152 4.5000 14.8213 0.5776 10.0798 10.3838 10.3250
lc_4.5_14.8_0.57 56147.34801527119998 g 14.0218 0.0152 4.5000 14.8213 0.5776 10.0798 10.3838 10.3250
lc_4.5_14.8_0.57 54999.53791671100043 g 13.9471 0.0152 4.5000 14.8213 0.5776 10.0798 10.3838 10.3250
lc_4.5_14.8_0.57 54999.52762850250292 g 13.9367 0.0152 4.5000 14.8213 0.5776 10.0798 10.3838 10.3250
lc_4.5_14.8_0.57 55769.40606205489894 g 14.0204 0.0152 4.5000 14.8213 0.5776 10.0798 10.3838 10.3250
lc_4.5_14.8_0.57 55769.41627147010149 g 14.0169 0.0152 4.5000 14.8213 0.5776 10.0798 10.3838 10.3250
lc_5.0_14.8_0.57 55389.42521841580310 g 13.9464 0.0152 5.0000 14.8213 0.5776  9.9394 10.2472 10.1849
lc_5.0_14.8_0.57 55389.41325187029724 g 13.9313 0.0152 5.0000 14.8213 0.5776  9.9394 10.2472 10.1849
lc_5.0_14.8_0.57 54999.53791671100043 g 13.9605 0.0152 5.0000 14.8213 0.5776  9.9394 10.2472 10.1849
lc_5.0_14.8_0.57 54999.52762850250292 g 13.9792 0.0152 5.0000 14.8213 0.5776  9.9394 10.2472 10.1849
lc_5.0_14.8_0.57 55769.40606205489894 g 13.9566 0.0152 5.0000 14.8213 0.5776  9.9394 10.2472 10.1849
lc_5.0_14.8_0.57 55769.41627147010149 g 13.9534 0.0152 5.0000 14.8213 0.5776  9.9394 10.2472 10.1849
lc_5.5_14.8_0.57 55389.42521841580310 g 13.6189 0.0153 5.5000 14.8213 0.5776  9.8124 10.1236 10.0581
lc_5.5_14.8_0.57 55389.41325187029724 g 13.5714 0.0153 5.5000 14.8213 0.5776  9.8124 10.1236 10.0581
lc_5.5_14.8_0.57 54999.53791671100043 g 13.7892 0.0152 5.5000 14.8213 0.5776  9.8124 10.1236 10.0581
lc_5.5_14.8_0.57 54999.52762850250292 g 13.7517 0.0152 5.5000 14.8213 0.5776  9.8124 10.1236 10.0581
lc_5.5_14.8_0.57 55769.40606205489894 g 13.7324 0.0152 5.5000 14.8213 0.5776  9.8124 10.1236 10.0581
lc_5.5_14.8_0.57 55769.41627147010149 g 13.7189 0.0152 5.5000 14.8213 0.5776  9.8124 10.1236 10.0581
lc_6.0_14.8_0.57 55766.37074672379822 g 13.8690 0.0152 6.0000 14.8213 0.5776  9.6964 10.0108  9.9424
lc_6.0_14.8_0.57 55766.36041082580050 g 13.8665 0.0152 6.0000 14.8213 0.5776  9.6964 10.0108  9.9424
lc_6.5_14.8_0.57 55769.40606205489894 g 13.6794 0.0152 6.5000 14.8213 0.5776  9.5897  9.9071  9.8359
lc_6.5_14.8_0.57 55769.41627147010149 g 13.6692 0.0152 6.5000 14.8213 0.5776  9.5897  9.9071  9.8359
lc_7.5_14.8_0.57 55769.40606205489894 g 13.6433 0.0153 7.5000 14.8213 0.5776  9.3990  9.7215  9.6456
lc_7.5_14.8_0.57 55769.41627147010149 g 13.6502 0.0153 7.5000 14.8213 0.5776  9.3990  9.7215  9.6456
lc_8.0_14.8_0.57 55389.42521841580310 g 13.6835 0.0152 8.0000 14.8213 0.5776  9.3130  9.6378  9.5598
lc_8.0_14.8_0.57 55389.41325187029724 g 13.6885 0.0152 8.0000 14.8213 0.5776  9.3130  9.6378  9.5598
lc_8.0_14.8_0.57 55766.37074672379822 g 13.5745 0.0153 8.0000 14.8213 0.5776  9.3130  9.6378  9.5598
lc_8.0_14.8_0.57 55766.36041082580050 g 13.5539 0.0153 8.0000 14.8213 0.5776  9.3130  9.6378  9.5598
