# Name Epoch Band Mag eMag period DM E(B-V) KMEAN  W1MEAN W2MEAN
1.0968.77_0.088_ 55751.36503635359986 r 13.5783 0.0012 12.5000  8.7794 0.0884 2.6487 2.7819 2.7184
1.0968.77_0.088_ 56443.51656630090292 r 14.2376 0.0015 12.5000  8.7794 0.0884 2.6487 2.7819 2.7184
1.1468.77_0.088_ 56443.51656630090292 r 15.7020 0.0033 14.0000  8.7794 0.0884 2.4952 2.5974 2.5568
1.1618.77_0.088_ 56443.50622669100267 r 19.6839 0.0495 14.5000  8.7794 0.0884 2.4252 2.5503 2.5109
1.1768.77_0.088_ 56443.51656630090292 r 14.3073 0.0016 15.0000  8.7794 0.0884 2.3912 2.5263 2.4619
1.1908.77_0.088_ 54997.58790422460152 r 19.8835 0.0576 15.5000  8.7794 0.0884 2.3664 2.4803 2.4055
1.2048.77_0.088_ 56089.51071272409899 r 16.9989 0.0074 16.0000  8.7794 0.0884 2.2947 2.4093 2.3627
1.2178.77_0.088_ 56443.50622669100267 r 14.5491 0.0018 16.5000  8.7794 0.0884 2.2639 2.3720 2.3165
1.2438.77_0.088_ 56089.51071272409899 r 16.9188 0.0070 17.5000  8.7794 0.0884 2.1802 2.2807 2.2418
1.2438.77_0.088_ 56090.50794735969976 r 20.3274 0.0811 17.5000  8.7794 0.0884 2.1802 2.2807 2.2418
1.2558.77_0.088_ 55010.40109625780315 r 19.5795 0.0457 18.0000  8.7794 0.0884 2.1449 2.2544 2.2068
1.2678.77_0.088_ 56462.55184143890074 r 20.4608 0.0900 18.5000  8.7794 0.0884 2.1156 2.2186 2.1759
1.2788.77_0.088_ 56090.50794735969976 r 21.6825 0.2373 19.0000  8.7794 0.0884 2.0879 2.1680 2.1174
1.2908.77_0.088_ 56462.56190332629922 r 19.4392 0.0412 19.5000  8.7794 0.0884 2.0416 2.1444 2.0951
1.3018.77_0.088_ 56462.55184143890074 r 20.2282 0.0751 20.0000  8.7794 0.0884 2.0220 2.1120 2.0493
1.3018.77_0.088_ 55010.40109625780315 r 15.9426 0.0038 20.0000  8.7794 0.0884 2.0220 2.1120 2.0493
1.3118.77_0.088_ 55010.40109625780315 r 14.0964 0.0015 20.5000  8.7794 0.0884 1.9790 2.0669 2.0201
1.3228.77_0.088_ 56089.51071272409899 r 14.9377 0.0022 21.0000  8.7794 0.0884 1.9566 2.0385 2.0106
1.3328.77_0.088_ 54997.58790422460152 r 19.2459 0.0356 21.5000  8.7794 0.0884 1.9099 2.0015 1.9622
1.3428.77_0.088_ 54997.58790422460152 r 15.4092 0.0028 22.0000  8.7794 0.0884 1.8874 1.9570 1.9373
1.3528.77_0.088_ 56089.51071272409899 r 19.1491 0.0332 22.5000  8.7794 0.0884 1.8771 1.9217 1.8731
1.3528.77_0.088_ 56089.52074967900262 r 22.6079 0.5048 22.5000  8.7794 0.0884 1.8771 1.9217 1.8731
1.3528.77_0.088_ 55751.36503635359986 r 15.6744 0.0033 22.5000  8.7794 0.0884 1.8771 1.9217 1.8731
1.3808.77_0.088_ 55751.35519844100054 r 18.3156 0.0181 24.0000  8.7794 0.0884 1.7744 1.8362 1.8181
1.3808.77_0.088_ 55751.36503635359986 r 18.0256 0.0148 24.0000  8.7794 0.0884 1.7744 1.8362 1.8181
1.3978.77_0.088_ 56090.50794735969976 r 19.2186 0.0349 25.0000  8.7794 0.0884 1.7109 1.7891 1.7454
1.4068.77_0.088_ 56090.50794735969976 r 19.6758 0.0492 25.5000  8.7794 0.0884 1.7014 1.7726 1.7077
1.4148.77_0.088_ 56443.51656630090292 r 15.8688 0.0037 26.0000  8.7794 0.0884 1.6575 1.7146 1.6837
1.4238.77_0.088_ 55010.39357701999688 r 19.8656 0.0568 26.5000  8.7794 0.0884 1.6435 1.6927 1.6465
