# Name Epoch Band Mag eMag period DM E(B-V) KMEAN  W1MEAN W2MEAN
0.47714.5_0.39_4 55751.46145175270067 g 13.6316 0.0153 3.0000 14.5954 0.3939 10.4733 10.7200 10.5427
0.47714.5_0.39_4 55361.50936073019693 g 13.6008 0.0153 3.0000 14.5954 0.3939 10.4733 10.7200 10.5427
0.47714.5_0.39_4 55361.49696147179930 g 13.6226 0.0153 3.0000 14.5954 0.3939 10.4733 10.7200 10.5427
0.47714.5_0.39_4 55751.45102294920071 g 13.6133 0.0153 3.0000 14.5954 0.3939 10.4733 10.7200 10.5427
0.47714.5_0.39_4 56453.58001475539641 g 13.6321 0.0153 3.0000 14.5954 0.3939 10.4733 10.7200 10.5427
0.47714.5_0.39_4 56453.59024418229819 g 13.6405 0.0153 3.0000 14.5954 0.3939 10.4733 10.7200 10.5427
0.47715.1_0.39_4 55751.46145175270067 g 14.1412 0.0151 3.0000 15.1489 0.3939 11.0172 11.2607 11.1114
0.47715.1_0.39_4 55741.52118114900077 g 13.7720 0.0152 3.0000 15.1489 0.3939 11.0172 11.2607 11.1114
0.47715.1_0.39_4 55741.51073269909830 g 13.8052 0.0152 3.0000 15.1489 0.3939 11.0172 11.2607 11.1114
0.47715.1_0.39_4 55361.50936073019693 g 14.1716 0.0151 3.0000 15.1489 0.3939 11.0172 11.2607 11.1114
0.47715.1_0.39_4 55361.49696147179930 g 14.1578 0.0151 3.0000 15.1489 0.3939 11.0172 11.2607 11.1114
0.47715.1_0.39_4 56148.31113649949839 g 13.5047 0.0153 3.0000 15.1489 0.3939 11.0172 11.2607 11.1114
0.47715.1_0.39_4 55390.40266747200076 g 13.7724 0.0152 3.0000 15.1489 0.3939 11.0172 11.2607 11.1114
0.47715.1_0.39_4 55751.45102294920071 g 14.1630 0.0151 3.0000 15.1489 0.3939 11.0172 11.2607 11.1114
0.47715.1_0.39_4 56453.58001475539641 g 14.1598 0.0151 3.0000 15.1489 0.3939 11.0172 11.2607 11.1114
0.47715.1_0.39_4 56453.59024418229819 g 14.1831 0.0151 3.0000 15.1489 0.3939 11.0172 11.2607 11.1114
0.54415.1_0.39_4 55751.46145175270067 g 13.7753 0.0152 3.5000 15.1489 0.3939 10.8148 11.0429 10.8964
0.54415.1_0.39_4 56148.32459127910261 g 14.0064 0.0152 3.5000 15.1489 0.3939 10.8148 11.0429 10.8964
0.54415.1_0.39_4 55741.52118114900077 g 14.0005 0.0152 3.5000 15.1489 0.3939 10.8148 11.0429 10.8964
0.54415.1_0.39_4 55741.51073269909830 g 13.9956 0.0152 3.5000 15.1489 0.3939 10.8148 11.0429 10.8964
0.54415.1_0.39_4 56148.31113649949839 g 14.0204 0.0152 3.5000 15.1489 0.3939 10.8148 11.0429 10.8964
0.54415.1_0.39_4 55390.40266747200076 g 13.5293 0.0153 3.5000 15.1489 0.3939 10.8148 11.0429 10.8964
0.54415.1_0.39_4 55751.45102294920071 g 13.8252 0.0152 3.5000 15.1489 0.3939 10.8148 11.0429 10.8964
0.60215.1_0.39_4 55751.46145175270067 g 13.9595 0.0152 4.0000 15.1489 0.3939 10.6497 10.8477 10.7235
0.60215.1_0.39_4 55390.40266747200076 g 13.7710 0.0152 4.0000 15.1489 0.3939 10.6497 10.8477 10.7235
0.60215.1_0.39_4 55751.45102294920071 g 13.9955 0.0152 4.0000 15.1489 0.3939 10.6497 10.8477 10.7235
0.65315.1_0.39_4 55751.46145175270067 g 13.6519 0.0153 4.5000 15.1489 0.3939 10.5013 10.6753 10.5556
0.65315.1_0.39_4 56148.32459127910261 g 13.7844 0.0152 4.5000 15.1489 0.3939 10.5013 10.6753 10.5556
0.65315.1_0.39_4 55361.50936073019693 g 13.8396 0.0152 4.5000 15.1489 0.3939 10.5013 10.6753 10.5556
0.65315.1_0.39_4 55361.49696147179930 g 13.8382 0.0152 4.5000 15.1489 0.3939 10.5013 10.6753 10.5556
0.65315.1_0.39_4 56148.31113649949839 g 13.8337 0.0152 4.5000 15.1489 0.3939 10.5013 10.6753 10.5556
0.65315.1_0.39_4 55751.45102294920071 g 13.6496 0.0153 4.5000 15.1489 0.3939 10.5013 10.6753 10.5556
0.65315.1_0.39_4 56453.58001475539641 g 13.6496 0.0153 4.5000 15.1489 0.3939 10.5013 10.6753 10.5556
0.65315.1_0.39_4 56453.59024418229819 g 13.6604 0.0152 4.5000 15.1489 0.3939 10.5013 10.6753 10.5556
0.69815.1_0.39_4 56148.32459127910261 g 13.6996 0.0152 5.0000 15.1489 0.3939 10.3499 10.5156 10.3939
0.69815.1_0.39_4 56148.31113649949839 g 13.7078 0.0152 5.0000 15.1489 0.3939 10.3499 10.5156 10.3939
0.69815.1_0.39_4 56453.58001475539641 g 13.6968 0.0152 5.0000 15.1489 0.3939 10.3499 10.5156 10.3939
0.69815.1_0.39_4 56453.59024418229819 g 13.7726 0.0152 5.0000 15.1489 0.3939 10.3499 10.5156 10.3939
0.74015.1_0.39_4 56453.58001475539641 g 13.7408 0.0152 5.5000 15.1489 0.3939 10.2357 10.3964 10.2595
0.74015.1_0.39_4 56453.59024418229819 g 13.7212 0.0152 5.5000 15.1489 0.3939 10.2357 10.3964 10.2595
0.77815.1_0.39_4 55390.40266747200076 g 13.6711 0.0152 6.0000 15.1489 0.3939 10.1113 10.2580 10.1679
0.84515.1_0.39_4 55751.46145175270067 g 13.5586 0.0153 7.0000 15.1489 0.3939 9.8939 10.0399  9.9278
0.84515.1_0.39_4 55751.45102294920071 g 13.5367 0.0153 7.0000 15.1489 0.3939 9.8939 10.0399  9.9278
0.9038.36_0.15_4 55741.49923206309904 r 13.8406 0.0013 8.0000  8.3605 0.1500 2.8529 3.0068 2.9222
0.9778.36_0.15_4 55741.49923206309904 r 15.8732 0.0037 9.5000  8.3605 0.1500 2.6113 2.7784 2.6781
1.0418.36_0.15_4 56462.55487820270355 r 14.4754 0.0017 11.0000  8.3605 0.1500 2.3975 2.5505 2.4787
1.0968.36_0.15_4 56462.56495953720150 r 21.8057 0.2621 12.5000  8.3605 0.1500 2.2611 2.3834 2.3052
1.0968.36_0.15_4 55365.52117530070245 r 14.4759 0.0017 12.5000  8.3605 0.1500 2.2611 2.3834 2.3052
1.0968.36_0.15_4 55751.37173349360091 r 17.0189 0.0075 12.5000  8.3605 0.1500 2.2611 2.3834 2.3052
1.1138.36_0.15_4 56443.50893363759678 r 14.9893 0.0022 13.0000  8.3605 0.1500 2.1847 2.3078 2.2391
1.1308.36_0.15_4 55365.52117530070245 r 13.9819 0.0014 13.5000  8.3605 0.1500 2.1345 2.2612 2.1974
1.1618.36_0.15_4 56089.43001117980020 r 18.9070 0.0277 14.5000  8.3605 0.1500 2.0406 2.1571 2.0982
1.1618.36_0.15_4 55741.48924064650055 r 22.0104 0.3095 14.5000  8.3605 0.1500 2.0406 2.1571 2.0982
1.1618.36_0.15_4 55365.53276115639892 r 21.8708 0.2763 14.5000  8.3605 0.1500 2.0406 2.1571 2.0982
1.1768.36_0.15_4 54995.50415945389977 r 21.6173 0.2251 15.0000  8.3605 0.1500 2.0258 2.1099 2.0370
1.1908.36_0.15_4 55741.48924064650055 r 14.0148 0.0014 15.5000  8.3605 0.1500 1.9514 2.0602 2.0272
1.1908.36_0.15_4 55741.49923206309904 r 18.1663 0.0163 15.5000  8.3605 0.1500 1.9514 2.0602 2.0272
1.1908.36_0.15_4 55365.52117530070245 r 20.6421 0.1036 15.5000  8.3605 0.1500 1.9514 2.0602 2.0272
1.1908.36_0.15_4 54995.50415945389977 r 17.1400 0.0081 15.5000  8.3605 0.1500 1.9514 2.0602 2.0272
1.2558.36_0.15_4 55751.36191745530232 r 20.5004 0.0928 18.0000  8.3605 0.1500 1.7723 1.8469 1.7908
1.2678.36_0.15_4 55751.36191745530232 r 19.2899 0.0368 18.5000  8.3605 0.1500 1.7113 1.8122 1.7410
1.2678.36_0.15_4 54995.51514034329739 r 21.6212 0.2258 18.5000  8.3605 0.1500 1.7113 1.8122 1.7410
1.2788.36_0.15_4 55751.37173349360091 r 13.7147 0.0012 19.0000  8.3605 0.1500 1.6998 1.7567 1.7242
1.3118.36_0.15_4 56089.43001117980020 r 22.4912 0.4586 20.5000  8.3605 0.1500 1.5847 1.6516 1.5992
1.3118.36_0.15_4 54995.50415945389977 r 18.3340 0.0183 20.5000  8.3605 0.1500 1.5847 1.6516 1.5992
1.3618.36_0.15_4 56089.43001117980020 r 14.9438 0.0022 23.0000  8.3605 0.1500 1.4444 1.4849 1.4383
1.3618.36_0.15_4 55365.52117530070245 r 18.0543 0.0151 23.0000  8.3605 0.1500 1.4444 1.4849 1.4383
1.3718.36_0.15_4 54995.50415945389977 r 15.8495 0.0036 23.5000  8.3605 0.1500 1.3907 1.4490 1.4207
1.3978.36_0.15_4 54995.51514034329739 r 17.5439 0.0106 25.0000  8.3605 0.1500 1.3225 1.3677 1.3441
