# Name Epoch Band Mag eMag period DM E(B-V) KMEAN  W1MEAN W2MEAN
0.9038.70_0.037_ 55754.55465799399826 r 14.5900 0.0018 8.0000  8.7018 0.0375 3.1517 3.5057 3.4100
0.9548.70_0.037_ 56093.58176215610001 r 15.2085 0.0025 9.0000  8.7018 0.0375 2.9821 3.3520 3.2756
1.0418.70_0.037_ 55830.25107838970143 r 19.8827 0.0576 11.0000  8.7018 0.0375 2.6994 3.0789 2.9952
1.0608.70_0.037_ 55754.54529109610303 r 20.0897 0.0675 11.5000  8.7018 0.0375 2.6346 3.0123 2.9266
1.0968.70_0.037_ 56523.36712206579978 r 18.2594 0.0174 12.5000  8.7018 0.0375 2.5421 2.9143 2.8252
1.1138.70_0.037_ 55754.55465799399826 r 18.0860 0.0154 13.0000  8.7018 0.0375 2.4682 2.8509 2.7759
1.1308.70_0.037_ 56499.36276207039919 r 19.5027 0.0432 13.5000  8.7018 0.0375 2.4274 2.8047 2.7177
1.1468.70_0.037_ 55830.25107838970143 r 15.2159 0.0025 14.0000  8.7018 0.0375 2.3920 2.7574 2.6719
1.1468.70_0.037_ 55014.39102671760338 r 17.2158 0.0085 14.0000  8.7018 0.0375 2.3920 2.7574 2.6719
1.1618.70_0.037_ 55830.26086414419842 r 22.2760 0.3844 14.5000  8.7018 0.0375 2.3539 2.7252 2.6386
1.1618.70_0.037_ 55834.22988058439660 r 16.0138 0.0040 14.5000  8.7018 0.0375 2.3539 2.7252 2.6386
1.1618.70_0.037_ 56499.36276207039919 r 13.9587 0.0014 14.5000  8.7018 0.0375 2.3539 2.7252 2.6386
1.1618.70_0.037_ 56499.35099217350216 r 22.2185 0.3667 14.5000  8.7018 0.0375 2.3539 2.7252 2.6386
1.1908.70_0.037_ 55830.26086414419842 r 13.6807 0.0012 15.5000  8.7018 0.0375 2.2656 2.6493 2.5177
1.1908.70_0.037_ 55414.35645649590151 r 13.9242 0.0013 15.5000  8.7018 0.0375 2.2656 2.6493 2.5177
1.2048.70_0.037_ 55834.22988058439660 r 14.6296 0.0019 16.0000  8.7018 0.0375 2.2323 2.5933 2.4978
1.2438.70_0.037_ 55014.38179310090345 r 18.2555 0.0173 17.5000  8.7018 0.0375 2.0944 2.4698 2.3811
1.2788.70_0.037_ 56523.35690624929703 r 18.6932 0.0237 19.0000  8.7018 0.0375 1.9747 2.3689 2.2655
1.2788.70_0.037_ 56523.36712206579978 r 13.9135 0.0013 19.0000  8.7018 0.0375 1.9747 2.3689 2.2655
1.2788.70_0.037_ 56499.35099217350216 r 16.6482 0.0059 19.0000  8.7018 0.0375 1.9747 2.3689 2.2655
1.2908.70_0.037_ 55414.35707280650240 r 16.4568 0.0052 19.5000  8.7018 0.0375 1.9406 2.3346 2.2296
1.3018.70_0.037_ 55377.52759008559951 r 19.8036 0.0542 20.0000  8.7018 0.0375 1.9147 2.2911 2.1929
1.3118.70_0.037_ 55014.39102671760338 r 22.5297 0.4733 20.5000  8.7018 0.0375 1.8916 2.2898 2.1661
1.3118.70_0.037_ 55754.55465799399826 r 22.6472 0.5215 20.5000  8.7018 0.0375 1.8916 2.2898 2.1661
1.3228.70_0.037_ 56499.36276207039919 r 16.0102 0.0040 21.0000  8.7018 0.0375 1.8458 2.2372 2.1360
1.3328.70_0.037_ 55377.53976454210351 r 17.8475 0.0130 21.5000  8.7018 0.0375 1.8016 2.2224 2.0812
1.3428.70_0.037_ 55830.25107838970143 r 17.8881 0.0134 22.0000  8.7018 0.0375 1.7905 2.1853 2.0529
1.3528.70_0.037_ 55414.34557520499948 r 19.3303 0.0379 22.5000  8.7018 0.0375 1.7484 2.1439 2.0452
1.3718.70_0.037_ 55414.34496887309797 r 18.9952 0.0296 23.5000  8.7018 0.0375 1.7002 2.0925 1.9949
1.3808.70_0.037_ 55014.39102671760338 r 20.0025 0.0631 24.0000  8.7018 0.0375 1.6668 2.0692 1.9421
1.3808.70_0.037_ 55754.55465799399826 r 14.4235 0.0017 24.0000  8.7018 0.0375 1.6668 2.0692 1.9421
1.3898.70_0.037_ 55377.53976454210351 r 15.1987 0.0025 24.5000  8.7018 0.0375 1.6566 2.0462 1.9109
1.3978.70_0.037_ 55414.34557520499948 r 14.1055 0.0015 25.0000  8.7018 0.0375 1.6090 2.0105 1.9106
1.4068.70_0.037_ 55014.38179310090345 r 16.8678 0.0068 25.5000  8.7018 0.0375 1.6037 1.9876 1.8722
1.4148.70_0.037_ 55414.35707280650240 r 19.6845 0.0495 26.0000  8.7018 0.0375 1.5735 1.9536 1.8501
1.4398.70_0.037_ 56523.36712206579978 r 22.4431 0.4408 27.5000  8.7018 0.0375 1.4970 1.8946 1.7668
1.4778.70_0.037_ 55834.22988058439660 r 20.1302 0.0696 30.0000  8.7018 0.0375 1.3846 1.7692 1.6645
1.4778.70_0.037_ 56499.35099217350216 r 20.7135 0.1096 30.0000  8.7018 0.0375 1.3846 1.7692 1.6645
