# Name Epoch Band Mag eMag period DM E(B-V) KMEAN  W1MEAN W2MEAN
0.47713.4_0.85_6 55388.50874785889755 g 14.1397 0.0151 3.0000 13.4861 0.8574 9.5338 9.7014 9.6241
0.47713.4_0.85_6 56149.29882836020261 g 13.6633 0.0152 3.0000 13.4861 0.8574 9.5338 9.7014 9.6241
0.47713.4_0.85_6 56149.28793360060081 g 13.6572 0.0152 3.0000 13.4861 0.8574 9.5338 9.7014 9.6241
0.47713.4_0.85_6 55388.52098075550020 g 14.1718 0.0151 3.0000 13.4861 0.8574 9.5338 9.7014 9.6241
0.47713.4_0.85_6 56137.53302365259879 g 13.7878 0.0152 3.0000 13.4861 0.8574 9.5338 9.7014 9.6241
0.47713.4_0.85_6 56488.54838741660205 g 13.8135 0.0152 3.0000 13.4861 0.8574 9.5338 9.7014 9.6241
0.47713.4_0.85_6 56488.53655734239874 g 13.7917 0.0152 3.0000 13.4861 0.8574 9.5338 9.7014 9.6241
0.54413.4_0.85_6 55388.50874785889755 g 13.9349 0.0152 3.5000 13.4861 0.8574 9.3383 9.5102 9.4081
0.54413.4_0.85_6 55388.52098075550020 g 13.9458 0.0152 3.5000 13.4861 0.8574 9.3383 9.5102 9.4081
0.54413.4_0.85_6 56151.31151151430095 g 13.9448 0.0152 3.5000 13.4861 0.8574 9.3383 9.5102 9.4081
0.54413.4_0.85_6 56151.30186960179708 g 13.9379 0.0152 3.5000 13.4861 0.8574 9.3383 9.5102 9.4081
0.54413.4_0.85_6 56137.53302365259879 g 13.9433 0.0152 3.5000 13.4861 0.8574 9.3383 9.5102 9.4081
0.60213.4_0.85_6 56149.29882836020261 g 13.6372 0.0153 4.0000 13.4861 0.8574 9.1564 9.3302 9.2516
0.60213.4_0.85_6 56149.28793360060081 g 13.6752 0.0152 4.0000 13.4861 0.8574 9.1564 9.3302 9.2516
0.60213.4_0.85_6 56137.53302365259879 g 13.7282 0.0152 4.0000 13.4861 0.8574 9.1564 9.3302 9.2516
0.65313.4_0.85_6 55388.50874785889755 g 13.6082 0.0153 4.5000 13.4861 0.8574 9.0138 9.1909 9.0915
0.65313.4_0.85_6 55388.52098075550020 g 13.6295 0.0153 4.5000 13.4861 0.8574 9.0138 9.1909 9.0915
0.69813.4_0.85_6 56151.31151151430095 g 13.6227 0.0153 5.0000 13.4861 0.8574 8.8724 9.0517 8.9474
0.69813.4_0.85_6 56151.30186960179708 g 13.6051 0.0153 5.0000 13.4861 0.8574 8.8724 9.0517 8.9474
0.77813.4_0.85_6 56149.29882836020261 g 13.5926 0.0153 6.0000 13.4861 0.8574 8.6188 8.8061 8.7024
0.77813.4_0.85_6 56149.28793360060081 g 13.6190 0.0153 6.0000 13.4861 0.8574 8.6188 8.8061 8.7024
0.77813.4_0.85_6 56137.53302365259879 g 13.6390 0.0153 6.0000 13.4861 0.8574 8.6188 8.8061 8.7024
