# Name Epoch Band Mag eMag period DM E(B-V) KMEAN  W1MEAN W2MEAN
0.47712.9_1.1_80 56518.44021431369765 g 14.4470 0.0150 3.0000 12.9994 1.1092 9.1625 9.2805 9.1586
0.47712.9_1.1_80 56518.42907507129712 g 14.4514 0.0150 3.0000 12.9994 1.1092 9.1625 9.2805 9.1586
0.47712.9_1.1_80 55797.40282653120084 g 14.0810 0.0151 3.0000 12.9994 1.1092 9.1625 9.2805 9.1586
0.47713.3_1.4_80 55802.35357263169863 g 14.9417 0.0149 3.0000 13.3279 1.4709 9.6292 9.6711 9.5663
0.47713.3_1.4_80 55802.36527634409867 g 14.9235 0.0149 3.0000 13.3279 1.4709 9.6292 9.6711 9.5663
0.47713.3_1.4_80 56518.44021431369765 g 15.9832 0.0152 3.0000 13.3279 1.4709 9.6292 9.6711 9.5663
0.47713.3_1.4_80 56518.42907507129712 g 15.9184 0.0152 3.0000 13.3279 1.4709 9.6292 9.6711 9.5663
0.47713.3_1.4_80 55797.40282653120084 g 15.5992 0.0149 3.0000 13.3279 1.4709 9.6292 9.6711 9.5663
0.47713.3_1.4_80 55448.30856046330155 g 14.9723 0.0149 3.0000 13.3279 1.4709 9.6292 9.6711 9.5663
0.47713.3_1.4_80 55429.45040651549789 r 14.0751 0.0014 3.0000 13.3279 1.4709 9.6292 9.6711 9.5663
0.47713.3_1.4_80 55429.43797702340089 r 14.0705 0.0014 3.0000 13.3279 1.4709 9.6292 9.6711 9.5663
0.47713.3_1.4_80 55797.49895544289757 r 13.8439 0.0013 3.0000 13.3279 1.4709 9.6292 9.6711 9.5663
0.47713.3_1.4_80 55797.50994611530041 r 13.8500 0.0013 3.0000 13.3279 1.4709 9.6292 9.6711 9.5663
0.47713.9_1.6_80 55802.35357263169863 g 16.2368 0.0155 3.0000 13.9195 1.6692 10.2966 10.3014 10.1752
0.47713.9_1.6_80 55802.36527634409867 g 16.2438 0.0155 3.0000 13.9195 1.6692 10.2966 10.3014 10.1752
0.47713.9_1.6_80 56518.44021431369765 g 17.1334 0.0177 3.0000 13.9195 1.6692 10.2966 10.3014 10.1752
0.47713.9_1.6_80 56518.42907507129712 g 17.1842 0.0179 3.0000 13.9195 1.6692 10.2966 10.3014 10.1752
0.47713.9_1.6_80 55797.40282653120084 g 16.8553 0.0168 3.0000 13.9195 1.6692 10.2966 10.3014 10.1752
0.47713.9_1.6_80 55448.30856046330155 g 16.2304 0.0155 3.0000 13.9195 1.6692 10.2966 10.3014 10.1752
0.47713.9_1.6_80 55802.37800232240261 r 14.4744 0.0017 3.0000 13.9195 1.6692 10.2966 10.3014 10.1752
0.47713.9_1.6_80 55802.38912598189927 r 14.4734 0.0017 3.0000 13.9195 1.6692 10.2966 10.3014 10.1752
0.47713.9_1.6_80 55429.45040651549789 r 15.1002 0.0024 3.0000 13.9195 1.6692 10.2966 10.3014 10.1752
0.47713.9_1.6_80 55429.43797702340089 r 15.1071 0.0024 3.0000 13.9195 1.6692 10.2966 10.3014 10.1752
0.47713.9_1.6_80 56156.34864055369690 r 14.4725 0.0017 3.0000 13.9195 1.6692 10.2966 10.3014 10.1752
0.47713.9_1.6_80 56156.33831131100305 r 14.4766 0.0017 3.0000 13.9195 1.6692 10.2966 10.3014 10.1752
0.47713.9_1.6_80 56549.36178186909819 r 14.4737 0.0017 3.0000 13.9195 1.6692 10.2966 10.3014 10.1752
0.47713.9_1.6_80 55797.49895544289757 r 14.8972 0.0021 3.0000 13.9195 1.6692 10.2966 10.3014 10.1752
0.47713.9_1.6_80 55797.50994611530041 r 14.8994 0.0021 3.0000 13.9195 1.6692 10.2966 10.3014 10.1752
0.47713.9_1.6_80 56570.33458325870015 r 14.4737 0.0017 3.0000 13.9195 1.6692 10.2966 10.3014 10.1752
0.47713.9_1.6_80 55448.32098478359694 r 14.4750 0.0017 3.0000 13.9195 1.6692 10.2966 10.3014 10.1752
0.47713.9_1.6_80 55448.33312331789784 r 14.4751 0.0017 3.0000 13.9195 1.6692 10.2966 10.3014 10.1752
0.47713.9_1.6_80 55456.24508256089757 i 14.2219 0.0148 3.0000 13.9195 1.6692 10.2966 10.3014 10.1752
0.47713.9_1.6_80 55456.25704405650322 i 14.2343 0.0148 3.0000 13.9195 1.6692 10.2966 10.3014 10.1752
0.47713.9_1.6_80 56525.40350817090075 i 13.8847 0.0151 3.0000 13.9195 1.6692 10.2966 10.3014 10.1752
0.47713.9_1.6_80 56525.41564360349730 i 13.8772 0.0151 3.0000 13.9195 1.6692 10.2966 10.3014 10.1752
0.47713.9_1.6_80 56172.42480552430061 i 14.0748 0.0149 3.0000 13.9195 1.6692 10.2966 10.3014 10.1752
0.47713.9_1.6_80 56172.43678334319702 i 14.0399 0.0149 3.0000 13.9195 1.6692 10.2966 10.3014 10.1752
0.47713.9_1.6_80 56498.51191382940306 i 13.8901 0.0151 3.0000 13.9195 1.6692 10.2966 10.3014 10.1752
0.47713.9_1.6_80 56498.52441042099963 i 13.8613 0.0151 3.0000 13.9195 1.6692 10.2966 10.3014 10.1752
0.47713.9_1.6_80 55431.48470319659828 i 14.0190 0.0150 3.0000 13.9195 1.6692 10.2966 10.3014 10.1752
0.47713.9_1.6_80 55431.47231881920015 i 14.0829 0.0149 3.0000 13.9195 1.6692 10.2966 10.3014 10.1752
0.47713.9_1.6_80 56144.41339474270353 i 13.8524 0.0151 3.0000 13.9195 1.6692 10.2966 10.3014 10.1752
0.47713.9_1.6_80 56144.42476700150291 i 13.9270 0.0150 3.0000 13.9195 1.6692 10.2966 10.3014 10.1752
0.54412.9_1.1_80 56518.44021431369765 g 14.2292 0.0151 3.5000 12.9994 1.1092 8.9478 9.0670 8.9743
0.54412.9_1.1_80 56518.42907507129712 g 14.2037 0.0151 3.5000 12.9994 1.1092 8.9478 9.0670 8.9743
0.54412.9_1.1_80 55797.40282653120084 g 14.1888 0.0151 3.5000 12.9994 1.1092 8.9478 9.0670 8.9743
0.54412.9_1.1_80 55448.30856046330155 g 13.9903 0.0152 3.5000 12.9994 1.1092 8.9478 9.0670 8.9743
0.54413.3_1.4_80 55802.35357263169863 g 14.6634 0.0149 3.5000 13.3279 1.4709 9.4297 9.4601 9.3574
0.54413.3_1.4_80 55802.36527634409867 g 14.6584 0.0149 3.5000 13.3279 1.4709 9.4297 9.4601 9.3574
0.54413.3_1.4_80 56518.44021431369765 g 15.8914 0.0151 3.5000 13.3279 1.4709 9.4297 9.4601 9.3574
0.54413.3_1.4_80 56518.42907507129712 g 15.8397 0.0151 3.5000 13.3279 1.4709 9.4297 9.4601 9.3574
0.54413.3_1.4_80 55797.40282653120084 g 15.8714 0.0151 3.5000 13.3279 1.4709 9.4297 9.4601 9.3574
0.54413.3_1.4_80 55448.30856046330155 g 15.5428 0.0149 3.5000 13.3279 1.4709 9.4297 9.4601 9.3574
0.54413.3_1.4_80 55429.45040651549789 r 13.7975 0.0013 3.5000 13.3279 1.4709 9.4297 9.4601 9.3574
0.54413.3_1.4_80 55429.43797702340089 r 13.7916 0.0013 3.5000 13.3279 1.4709 9.4297 9.4601 9.3574
0.54413.3_1.4_80 56549.36178186909819 r 13.7700 0.0013 3.5000 13.3279 1.4709 9.4297 9.4601 9.3574
0.54413.3_1.4_80 55797.49895544289757 r 13.9509 0.0014 3.5000 13.3279 1.4709 9.4297 9.4601 9.3574
0.54413.3_1.4_80 55797.50994611530041 r 13.9514 0.0014 3.5000 13.3279 1.4709 9.4297 9.4601 9.3574
0.54413.3_1.4_80 56570.33458325870015 r 13.7579 0.0013 3.5000 13.3279 1.4709 9.4297 9.4601 9.3574
0.54413.3_1.4_80 55448.32098478359694 r 13.7565 0.0013 3.5000 13.3279 1.4709 9.4297 9.4601 9.3574
0.54413.3_1.4_80 55448.33312331789784 r 13.7408 0.0012 3.5000 13.3279 1.4709 9.4297 9.4601 9.3574
0.54413.9_1.6_80 55802.35357263169863 g 16.0414 0.0153 3.5000 13.9195 1.6692 10.0885 10.0981 9.9822
0.54413.9_1.6_80 55802.36527634409867 g 16.0554 0.0153 3.5000 13.9195 1.6692 10.0885 10.0981 9.9822
0.54413.9_1.6_80 56518.44021431369765 g 17.0169 0.0173 3.5000 13.9195 1.6692 10.0885 10.0981 9.9822
0.54413.9_1.6_80 56518.42907507129712 g 17.0306 0.0173 3.5000 13.9195 1.6692 10.0885 10.0981 9.9822
0.54413.9_1.6_80 55797.40282653120084 g 17.0100 0.0173 3.5000 13.9195 1.6692 10.0885 10.0981 9.9822
0.54413.9_1.6_80 55448.30856046330155 g 16.7921 0.0166 3.5000 13.9195 1.6692 10.0885 10.0981 9.9822
0.54413.9_1.6_80 55802.37800232240261 r 14.2633 0.0016 3.5000 13.9195 1.6692 10.0885 10.0981 9.9822
0.54413.9_1.6_80 55802.38912598189927 r 14.2654 0.0016 3.5000 13.9195 1.6692 10.0885 10.0981 9.9822
0.54413.9_1.6_80 55429.45040651549789 r 14.8243 0.0021 3.5000 13.9195 1.6692 10.0885 10.0981 9.9822
0.54413.9_1.6_80 55429.43797702340089 r 14.8204 0.0021 3.5000 13.9195 1.6692 10.0885 10.0981 9.9822
0.54413.9_1.6_80 56156.34864055369690 r 14.4344 0.0017 3.5000 13.9195 1.6692 10.0885 10.0981 9.9822
0.54413.9_1.6_80 56156.33831131100305 r 14.4301 0.0017 3.5000 13.9195 1.6692 10.0885 10.0981 9.9822
0.54413.9_1.6_80 56549.36178186909819 r 14.7993 0.0020 3.5000 13.9195 1.6692 10.0885 10.0981 9.9822
0.54413.9_1.6_80 55797.49895544289757 r 14.9450 0.0022 3.5000 13.9195 1.6692 10.0885 10.0981 9.9822
0.54413.9_1.6_80 55797.50994611530041 r 14.9452 0.0022 3.5000 13.9195 1.6692 10.0885 10.0981 9.9822
0.54413.9_1.6_80 56570.33458325870015 r 14.7902 0.0020 3.5000 13.9195 1.6692 10.0885 10.0981 9.9822
0.54413.9_1.6_80 55448.32098478359694 r 14.7902 0.0020 3.5000 13.9195 1.6692 10.0885 10.0981 9.9822
0.54413.9_1.6_80 55448.33312331789784 r 14.7738 0.0020 3.5000 13.9195 1.6692 10.0885 10.0981 9.9822
0.54413.9_1.6_80 55456.24508256089757 i 13.7695 0.0152 3.5000 13.9195 1.6692 10.0885 10.0981 9.9822
0.54413.9_1.6_80 55456.25704405650322 i 13.8045 0.0151 3.5000 13.9195 1.6692 10.0885 10.0981 9.9822
0.54413.9_1.6_80 56525.40350817090075 i 14.1402 0.0149 3.5000 13.9195 1.6692 10.0885 10.0981 9.9822
0.54413.9_1.6_80 56525.41564360349730 i 14.1378 0.0149 3.5000 13.9195 1.6692 10.0885 10.0981 9.9822
0.54413.9_1.6_80 56172.42480552430061 i 14.1272 0.0149 3.5000 13.9195 1.6692 10.0885 10.0981 9.9822
0.54413.9_1.6_80 56172.43678334319702 i 14.1901 0.0148 3.5000 13.9195 1.6692 10.0885 10.0981 9.9822
0.54413.9_1.6_80 56498.51191382940306 i 13.8838 0.0151 3.5000 13.9195 1.6692 10.0885 10.0981 9.9822
0.54413.9_1.6_80 56498.52441042099963 i 13.8937 0.0151 3.5000 13.9195 1.6692 10.0885 10.0981 9.9822
0.54413.9_1.6_80 55431.48470319659828 i 13.6722 0.0153 3.5000 13.9195 1.6692 10.0885 10.0981 9.9822
0.54413.9_1.6_80 55431.47231881920015 i 13.7399 0.0152 3.5000 13.9195 1.6692 10.0885 10.0981 9.9822
0.54413.9_1.6_80 56144.41339474270353 i 14.1787 0.0148 3.5000 13.9195 1.6692 10.0885 10.0981 9.9822
0.54413.9_1.6_80 56144.42476700150291 i 14.1224 0.0149 3.5000 13.9195 1.6692 10.0885 10.0981 9.9822
0.60212.9_1.1_80 55797.40282653120084 g 14.0632 0.0151 4.0000 12.9994 1.1092 8.7807 8.8740 8.7947
0.60212.9_1.1_80 55448.30856046330155 g 14.0071 0.0152 4.0000 12.9994 1.1092 8.7807 8.8740 8.7947
0.60213.3_1.4_80 55802.35357263169863 g 14.7866 0.0149 4.0000 13.3279 1.4709 9.2284 9.2765 9.1749
0.60213.3_1.4_80 55802.36527634409867 g 14.7684 0.0149 4.0000 13.3279 1.4709 9.2284 9.2765 9.1749
0.60213.3_1.4_80 56518.44021431369765 g 14.7616 0.0149 4.0000 13.3279 1.4709 9.2284 9.2765 9.1749
0.60213.3_1.4_80 56518.42907507129712 g 14.7865 0.0149 4.0000 13.3279 1.4709 9.2284 9.2765 9.1749
0.60213.3_1.4_80 55797.40282653120084 g 15.6520 0.0150 4.0000 13.3279 1.4709 9.2284 9.2765 9.1749
0.60213.3_1.4_80 55448.30856046330155 g 15.5465 0.0149 4.0000 13.3279 1.4709 9.2284 9.2765 9.1749
0.60213.3_1.4_80 55429.45040651549789 r 13.7318 0.0012 4.0000 13.3279 1.4709 9.2284 9.2765 9.1749
0.60213.3_1.4_80 55429.43797702340089 r 13.7340 0.0012 4.0000 13.3279 1.4709 9.2284 9.2765 9.1749
0.60213.3_1.4_80 56156.34864055369690 r 13.6378 0.0012 4.0000 13.3279 1.4709 9.2284 9.2765 9.1749
0.60213.3_1.4_80 56156.33831131100305 r 13.6364 0.0012 4.0000 13.3279 1.4709 9.2284 9.2765 9.1749
0.60213.3_1.4_80 56549.36178186909819 r 13.7486 0.0012 4.0000 13.3279 1.4709 9.2284 9.2765 9.1749
0.60213.3_1.4_80 55797.49895544289757 r 13.7189 0.0012 4.0000 13.3279 1.4709 9.2284 9.2765 9.1749
0.60213.3_1.4_80 55797.50994611530041 r 13.7159 0.0012 4.0000 13.3279 1.4709 9.2284 9.2765 9.1749
0.60213.3_1.4_80 55448.32098478359694 r 13.6330 0.0012 4.0000 13.3279 1.4709 9.2284 9.2765 9.1749
0.60213.3_1.4_80 55448.33312331789784 r 13.6363 0.0012 4.0000 13.3279 1.4709 9.2284 9.2765 9.1749
0.60213.9_1.6_80 55802.35357263169863 g 15.8581 0.0151 4.0000 13.9195 1.6692 9.9088 9.9270 9.8142
0.60213.9_1.6_80 55802.36527634409867 g 15.9111 0.0152 4.0000 13.9195 1.6692 9.9088 9.9270 9.8142
0.60213.9_1.6_80 56518.44021431369765 g 15.9144 0.0152 4.0000 13.9195 1.6692 9.9088 9.9270 9.8142
0.60213.9_1.6_80 56518.42907507129712 g 15.9199 0.0152 4.0000 13.9195 1.6692 9.9088 9.9270 9.8142
0.60213.9_1.6_80 55797.40282653120084 g 16.9841 0.0172 4.0000 13.9195 1.6692 9.9088 9.9270 9.8142
0.60213.9_1.6_80 55448.30856046330155 g 16.8298 0.0167 4.0000 13.9195 1.6692 9.9088 9.9270 9.8142
0.60213.9_1.6_80 55802.37800232240261 r 14.1022 0.0015 4.0000 13.9195 1.6692 9.9088 9.9270 9.8142
0.60213.9_1.6_80 55802.38912598189927 r 14.1031 0.0015 4.0000 13.9195 1.6692 9.9088 9.9270 9.8142
0.60213.9_1.6_80 55429.45040651549789 r 14.8518 0.0021 4.0000 13.9195 1.6692 9.9088 9.9270 9.8142
0.60213.9_1.6_80 55429.43797702340089 r 14.8556 0.0021 4.0000 13.9195 1.6692 9.9088 9.9270 9.8142
0.60213.9_1.6_80 56156.34864055369690 r 14.7335 0.0020 4.0000 13.9195 1.6692 9.9088 9.9270 9.8142
0.60213.9_1.6_80 56156.33831131100305 r 14.7354 0.0020 4.0000 13.9195 1.6692 9.9088 9.9270 9.8142
0.60213.9_1.6_80 56549.36178186909819 r 14.8697 0.0021 4.0000 13.9195 1.6692 9.9088 9.9270 9.8142
0.60213.9_1.6_80 55797.49895544289757 r 14.8351 0.0021 4.0000 13.9195 1.6692 9.9088 9.9270 9.8142
0.60213.9_1.6_80 55797.50994611530041 r 14.8261 0.0021 4.0000 13.9195 1.6692 9.9088 9.9270 9.8142
0.60213.9_1.6_80 56570.33458325870015 r 14.1053 0.0015 4.0000 13.9195 1.6692 9.9088 9.9270 9.8142
0.60213.9_1.6_80 55448.32098478359694 r 14.7277 0.0020 4.0000 13.9195 1.6692 9.9088 9.9270 9.8142
0.60213.9_1.6_80 55448.33312331789784 r 14.7325 0.0020 4.0000 13.9195 1.6692 9.9088 9.9270 9.8142
0.60213.9_1.6_80 55456.24508256089757 i 13.8795 0.0151 4.0000 13.9195 1.6692 9.9088 9.9270 9.8142
0.60213.9_1.6_80 55456.25704405650322 i 13.8795 0.0151 4.0000 13.9195 1.6692 9.9088 9.9270 9.8142
0.60213.9_1.6_80 56525.40350817090075 i 14.0250 0.0150 4.0000 13.9195 1.6692 9.9088 9.9270 9.8142
0.60213.9_1.6_80 56525.41564360349730 i 13.9837 0.0150 4.0000 13.9195 1.6692 9.9088 9.9270 9.8142
0.60213.9_1.6_80 56172.42480552430061 i 13.9457 0.0150 4.0000 13.9195 1.6692 9.9088 9.9270 9.8142
0.60213.9_1.6_80 56172.43678334319702 i 13.9876 0.0150 4.0000 13.9195 1.6692 9.9088 9.9270 9.8142
0.60213.9_1.6_80 56498.51191382940306 i 13.6131 0.0153 4.0000 13.9195 1.6692 9.9088 9.9270 9.8142
0.60213.9_1.6_80 56498.52441042099963 i 13.6046 0.0153 4.0000 13.9195 1.6692 9.9088 9.9270 9.8142
0.60213.9_1.6_80 55431.48470319659828 i 13.6313 0.0153 4.0000 13.9195 1.6692 9.9088 9.9270 9.8142
0.60213.9_1.6_80 55431.47231881920015 i 13.6699 0.0153 4.0000 13.9195 1.6692 9.9088 9.9270 9.8142
0.60213.9_1.6_80 56144.41339474270353 i 13.9438 0.0150 4.0000 13.9195 1.6692 9.9088 9.9270 9.8142
0.60213.9_1.6_80 56144.42476700150291 i 13.8898 0.0151 4.0000 13.9195 1.6692 9.9088 9.9270 9.8142
0.65312.9_1.1_80 55448.30856046330155 g 13.7230 0.0152 4.5000 12.9994 1.1092 8.6323 8.7377 8.6188
0.65313.3_1.4_80 55802.35357263169863 g 14.5849 0.0149 4.5000 13.3279 1.4709 9.0977 9.1415 9.0294
0.65313.3_1.4_80 55802.36527634409867 g 14.5801 0.0150 4.5000 13.3279 1.4709 9.0977 9.1415 9.0294
0.65313.3_1.4_80 56518.44021431369765 g 14.8355 0.0149 4.5000 13.3279 1.4709 9.0977 9.1415 9.0294
0.65313.3_1.4_80 56518.42907507129712 g 14.8185 0.0149 4.5000 13.3279 1.4709 9.0977 9.1415 9.0294
0.65313.3_1.4_80 55797.40282653120084 g 14.9739 0.0149 4.5000 13.3279 1.4709 9.0977 9.1415 9.0294
0.65313.3_1.4_80 55448.30856046330155 g 15.2633 0.0148 4.5000 13.3279 1.4709 9.0977 9.1415 9.0294
0.65313.3_1.4_80 56156.34864055369690 r 13.6686 0.0012 4.5000 13.3279 1.4709 9.0977 9.1415 9.0294
0.65313.3_1.4_80 56156.33831131100305 r 13.6692 0.0012 4.5000 13.3279 1.4709 9.0977 9.1415 9.0294
0.65313.3_1.4_80 56570.33458325870015 r 13.6674 0.0012 4.5000 13.3279 1.4709 9.0977 9.1415 9.0294
0.65313.9_1.6_80 55802.35357263169863 g 15.7991 0.0151 4.5000 13.9195 1.6692 9.7488 9.7882 9.6358
0.65313.9_1.6_80 55802.36527634409867 g 15.8063 0.0151 4.5000 13.9195 1.6692 9.7488 9.7882 9.6358
0.65313.9_1.6_80 56518.44021431369765 g 16.0869 0.0153 4.5000 13.9195 1.6692 9.7488 9.7882 9.6358
0.65313.9_1.6_80 56518.42907507129712 g 16.0497 0.0153 4.5000 13.9195 1.6692 9.7488 9.7882 9.6358
0.65313.9_1.6_80 55797.40282653120084 g 16.2323 0.0155 4.5000 13.9195 1.6692 9.7488 9.7882 9.6358
0.65313.9_1.6_80 55448.30856046330155 g 16.4798 0.0159 4.5000 13.9195 1.6692 9.7488 9.7882 9.6358
0.65313.9_1.6_80 55802.37800232240261 r 13.9910 0.0014 4.5000 13.9195 1.6692 9.7488 9.7882 9.6358
0.65313.9_1.6_80 55802.38912598189927 r 13.9913 0.0014 4.5000 13.9195 1.6692 9.7488 9.7882 9.6358
0.65313.9_1.6_80 55429.45040651549789 r 14.1556 0.0015 4.5000 13.9195 1.6692 9.7488 9.7882 9.6358
0.65313.9_1.6_80 55429.43797702340089 r 14.1518 0.0015 4.5000 13.9195 1.6692 9.7488 9.7882 9.6358
0.65313.9_1.6_80 56156.34864055369690 r 14.7334 0.0020 4.5000 13.9195 1.6692 9.7488 9.7882 9.6358
0.65313.9_1.6_80 56156.33831131100305 r 14.7306 0.0020 4.5000 13.9195 1.6692 9.7488 9.7882 9.6358
0.65313.9_1.6_80 56549.36178186909819 r 13.9926 0.0014 4.5000 13.9195 1.6692 9.7488 9.7882 9.6358
0.65313.9_1.6_80 55797.49895544289757 r 14.1923 0.0015 4.5000 13.9195 1.6692 9.7488 9.7882 9.6358
0.65313.9_1.6_80 55797.50994611530041 r 14.1845 0.0015 4.5000 13.9195 1.6692 9.7488 9.7882 9.6358
0.65313.9_1.6_80 56570.33458325870015 r 14.7305 0.0020 4.5000 13.9195 1.6692 9.7488 9.7882 9.6358
0.65313.9_1.6_80 55448.32098478359694 r 14.4273 0.0017 4.5000 13.9195 1.6692 9.7488 9.7882 9.6358
0.65313.9_1.6_80 55448.33312331789784 r 14.4327 0.0017 4.5000 13.9195 1.6692 9.7488 9.7882 9.6358
0.65313.9_1.6_80 55456.24508256089757 i 13.5247 0.0154 4.5000 13.9195 1.6692 9.7488 9.7882 9.6358
0.65313.9_1.6_80 55456.25704405650322 i 13.5415 0.0154 4.5000 13.9195 1.6692 9.7488 9.7882 9.6358
0.65313.9_1.6_80 56525.40350817090075 i 13.9621 0.0150 4.5000 13.9195 1.6692 9.7488 9.7882 9.6358
0.65313.9_1.6_80 56525.41564360349730 i 13.8880 0.0151 4.5000 13.9195 1.6692 9.7488 9.7882 9.6358
0.65313.9_1.6_80 56172.42480552430061 i 13.5784 0.0153 4.5000 13.9195 1.6692 9.7488 9.7882 9.6358
0.65313.9_1.6_80 56172.43678334319702 i 13.5660 0.0154 4.5000 13.9195 1.6692 9.7488 9.7882 9.6358
0.65313.9_1.6_80 56498.51191382940306 i 13.9173 0.0150 4.5000 13.9195 1.6692 9.7488 9.7882 9.6358
0.65313.9_1.6_80 56498.52441042099963 i 13.8983 0.0151 4.5000 13.9195 1.6692 9.7488 9.7882 9.6358
0.65313.9_1.6_80 55431.48470319659828 i 13.8434 0.0151 4.5000 13.9195 1.6692 9.7488 9.7882 9.6358
0.65313.9_1.6_80 55431.47231881920015 i 13.8662 0.0151 4.5000 13.9195 1.6692 9.7488 9.7882 9.6358
0.69813.3_1.4_80 55802.35357263169863 g 14.4145 0.0150 5.0000 13.3279 1.4709 8.9535 9.0011 8.8803
0.69813.3_1.4_80 55802.36527634409867 g 14.4193 0.0150 5.0000 13.3279 1.4709 8.9535 9.0011 8.8803
0.69813.3_1.4_80 56518.44021431369765 g 14.9124 0.0149 5.0000 13.3279 1.4709 8.9535 9.0011 8.8803
0.69813.3_1.4_80 56518.42907507129712 g 14.9364 0.0149 5.0000 13.3279 1.4709 8.9535 9.0011 8.8803
0.69813.3_1.4_80 55797.40282653120084 g 14.4206 0.0150 5.0000 13.3279 1.4709 8.9535 9.0011 8.8803
0.69813.3_1.4_80 55448.30856046330155 g 14.8573 0.0149 5.0000 13.3279 1.4709 8.9535 9.0011 8.8803
0.69813.3_1.4_80 56156.34864055369690 r 13.5473 0.0012 5.0000 13.3279 1.4709 8.9535 9.0011 8.8803
0.69813.3_1.4_80 56156.33831131100305 r 13.5514 0.0012 5.0000 13.3279 1.4709 8.9535 9.0011 8.8803
0.69813.3_1.4_80 56570.33458325870015 r 13.5517 0.0012 5.0000 13.3279 1.4709 8.9535 9.0011 8.8803
0.69813.9_1.6_80 55802.35357263169863 g 15.7527 0.0150 5.0000 13.9195 1.6692 9.6123 9.6278 9.5050
0.69813.9_1.6_80 55802.36527634409867 g 15.7508 0.0150 5.0000 13.9195 1.6692 9.6123 9.6278 9.5050
0.69813.9_1.6_80 56518.44021431369765 g 16.2016 0.0155 5.0000 13.9195 1.6692 9.6123 9.6278 9.5050
0.69813.9_1.6_80 56518.42907507129712 g 16.2012 0.0155 5.0000 13.9195 1.6692 9.6123 9.6278 9.5050
0.69813.9_1.6_80 55797.40282653120084 g 15.7671 0.0150 5.0000 13.9195 1.6692 9.6123 9.6278 9.5050
0.69813.9_1.6_80 55448.30856046330155 g 16.1221 0.0154 5.0000 13.9195 1.6692 9.6123 9.6278 9.5050
0.69813.9_1.6_80 55802.37800232240261 r 13.9048 0.0013 5.0000 13.9195 1.6692 9.6123 9.6278 9.5050
0.69813.9_1.6_80 55802.38912598189927 r 13.9057 0.0013 5.0000 13.9195 1.6692 9.6123 9.6278 9.5050
0.69813.9_1.6_80 55429.45040651549789 r 14.4280 0.0017 5.0000 13.9195 1.6692 9.6123 9.6278 9.5050
0.69813.9_1.6_80 55429.43797702340089 r 14.4269 0.0017 5.0000 13.9195 1.6692 9.6123 9.6278 9.5050
0.69813.9_1.6_80 56156.34864055369690 r 14.5661 0.0018 5.0000 13.9195 1.6692 9.6123 9.6278 9.5050
0.69813.9_1.6_80 56156.33831131100305 r 14.5716 0.0018 5.0000 13.9195 1.6692 9.6123 9.6278 9.5050
0.69813.9_1.6_80 56549.36178186909819 r 14.4114 0.0017 5.0000 13.9195 1.6692 9.6123 9.6278 9.5050
0.69813.9_1.6_80 55797.49895544289757 r 13.9214 0.0013 5.0000 13.9195 1.6692 9.6123 9.6278 9.5050
0.69813.9_1.6_80 55797.50994611530041 r 13.9251 0.0013 5.0000 13.9195 1.6692 9.6123 9.6278 9.5050
0.69813.9_1.6_80 56570.33458325870015 r 14.5703 0.0018 5.0000 13.9195 1.6692 9.6123 9.6278 9.5050
0.69813.9_1.6_80 55448.32098478359694 r 14.1571 0.0015 5.0000 13.9195 1.6692 9.6123 9.6278 9.5050
0.69813.9_1.6_80 55448.33312331789784 r 14.1574 0.0015 5.0000 13.9195 1.6692 9.6123 9.6278 9.5050
0.69813.9_1.6_80 55456.24508256089757 i 13.7320 0.0152 5.0000 13.9195 1.6692 9.6123 9.6278 9.5050
0.69813.9_1.6_80 55456.25704405650322 i 13.7689 0.0152 5.0000 13.9195 1.6692 9.6123 9.6278 9.5050
0.69813.9_1.6_80 56525.40350817090075 i 13.7914 0.0152 5.0000 13.9195 1.6692 9.6123 9.6278 9.5050
0.69813.9_1.6_80 56525.41564360349730 i 13.7777 0.0152 5.0000 13.9195 1.6692 9.6123 9.6278 9.5050
0.69813.9_1.6_80 56498.52441042099963 i 13.5054 0.0154 5.0000 13.9195 1.6692 9.6123 9.6278 9.5050
0.69813.9_1.6_80 55431.48470319659828 i 13.6610 0.0153 5.0000 13.9195 1.6692 9.6123 9.6278 9.5050
0.69813.9_1.6_80 55431.47231881920015 i 13.6775 0.0153 5.0000 13.9195 1.6692 9.6123 9.6278 9.5050
0.69813.9_1.6_80 56144.41339474270353 i 13.6353 0.0153 5.0000 13.9195 1.6692 9.6123 9.6278 9.5050
0.69813.9_1.6_80 56144.42476700150291 i 13.6219 0.0153 5.0000 13.9195 1.6692 9.6123 9.6278 9.5050
0.74012.9_1.1_80 55448.30856046330155 g 13.9455 0.0152 5.5000 12.9994 1.1092 8.3490 8.4821 8.3766
0.74013.3_1.4_80 55802.35357263169863 g 14.4290 0.0150 5.5000 13.3279 1.4709 8.8157 8.8798 8.7742
0.74013.3_1.4_80 55802.36527634409867 g 14.4277 0.0150 5.5000 13.3279 1.4709 8.8157 8.8798 8.7742
0.74013.3_1.4_80 56518.44021431369765 g 14.8150 0.0149 5.5000 13.3279 1.4709 8.8157 8.8798 8.7742
0.74013.3_1.4_80 56518.42907507129712 g 14.8657 0.0149 5.5000 13.3279 1.4709 8.8157 8.8798 8.7742
0.74013.3_1.4_80 55797.40282653120084 g 14.6269 0.0149 5.5000 13.3279 1.4709 8.8157 8.8798 8.7742
0.74013.3_1.4_80 55448.30856046330155 g 15.5076 0.0149 5.5000 13.3279 1.4709 8.8157 8.8798 8.7742
0.74013.9_1.6_80 55802.35357263169863 g 15.7233 0.0150 5.5000 13.9195 1.6692 9.4871 9.5086 9.3810
0.74013.9_1.6_80 55802.36527634409867 g 15.7454 0.0150 5.5000 13.9195 1.6692 9.4871 9.5086 9.3810
0.74013.9_1.6_80 56518.44021431369765 g 16.0929 0.0153 5.5000 13.9195 1.6692 9.4871 9.5086 9.3810
0.74013.9_1.6_80 56518.42907507129712 g 16.1034 0.0154 5.5000 13.9195 1.6692 9.4871 9.5086 9.3810
0.74013.9_1.6_80 55797.40282653120084 g 15.9287 0.0152 5.5000 13.9195 1.6692 9.4871 9.5086 9.3810
0.74013.9_1.6_80 55448.30856046330155 g 16.6649 0.0163 5.5000 13.9195 1.6692 9.4871 9.5086 9.3810
0.74013.9_1.6_80 55802.37800232240261 r 13.8452 0.0013 5.5000 13.9195 1.6692 9.4871 9.5086 9.3810
0.74013.9_1.6_80 55802.38912598189927 r 13.8473 0.0013 5.5000 13.9195 1.6692 9.4871 9.5086 9.3810
0.74013.9_1.6_80 55429.45040651549789 r 14.0825 0.0014 5.5000 13.9195 1.6692 9.4871 9.5086 9.3810
0.74013.9_1.6_80 55429.43797702340089 r 14.0803 0.0014 5.5000 13.9195 1.6692 9.4871 9.5086 9.3810
0.74013.9_1.6_80 56156.34864055369690 r 14.2220 0.0015 5.5000 13.9195 1.6692 9.4871 9.5086 9.3810
0.74013.9_1.6_80 56156.33831131100305 r 14.2202 0.0015 5.5000 13.9195 1.6692 9.4871 9.5086 9.3810
0.74013.9_1.6_80 56549.36178186909819 r 14.3967 0.0017 5.5000 13.9195 1.6692 9.4871 9.5086 9.3810
0.74013.9_1.6_80 55797.49895544289757 r 13.9661 0.0014 5.5000 13.9195 1.6692 9.4871 9.5086 9.3810
0.74013.9_1.6_80 55797.50994611530041 r 13.9703 0.0014 5.5000 13.9195 1.6692 9.4871 9.5086 9.3810
0.74013.9_1.6_80 56570.33458325870015 r 14.5169 0.0018 5.5000 13.9195 1.6692 9.4871 9.5086 9.3810
0.74013.9_1.6_80 55448.32098478359694 r 14.5141 0.0018 5.5000 13.9195 1.6692 9.4871 9.5086 9.3810
0.74013.9_1.6_80 55448.33312331789784 r 14.5152 0.0018 5.5000 13.9195 1.6692 9.4871 9.5086 9.3810
0.74013.9_1.6_80 56525.40350817090075 i 13.5861 0.0153 5.5000 13.9195 1.6692 9.4871 9.5086 9.3810
0.74013.9_1.6_80 56525.41564360349730 i 13.5479 0.0154 5.5000 13.9195 1.6692 9.4871 9.5086 9.3810
0.74013.9_1.6_80 56498.51191382940306 i 13.6107 0.0153 5.5000 13.9195 1.6692 9.4871 9.5086 9.3810
0.74013.9_1.6_80 56498.52441042099963 i 13.6671 0.0153 5.5000 13.9195 1.6692 9.4871 9.5086 9.3810
0.74013.9_1.6_80 55431.48470319659828 i 13.6038 0.0153 5.5000 13.9195 1.6692 9.4871 9.5086 9.3810
0.74013.9_1.6_80 55431.47231881920015 i 13.6502 0.0153 5.5000 13.9195 1.6692 9.4871 9.5086 9.3810
0.77813.3_1.4_80 55802.35357263169863 g 14.4983 0.0150 6.0000 13.3279 1.4709 8.6827 8.7600 8.6594
0.77813.3_1.4_80 55802.36527634409867 g 14.4768 0.0150 6.0000 13.3279 1.4709 8.6827 8.7600 8.6594
0.77813.3_1.4_80 56518.44021431369765 g 15.0080 0.0148 6.0000 13.3279 1.4709 8.6827 8.7600 8.6594
0.77813.3_1.4_80 56518.42907507129712 g 14.9879 0.0149 6.0000 13.3279 1.4709 8.6827 8.7600 8.6594
0.77813.3_1.4_80 55797.40282653120084 g 14.7843 0.0149 6.0000 13.3279 1.4709 8.6827 8.7600 8.6594
0.77813.3_1.4_80 55448.30856046330155 g 14.4913 0.0150 6.0000 13.3279 1.4709 8.6827 8.7600 8.6594
0.77813.9_1.6_80 55802.35357263169863 g 15.7059 0.0150 6.0000 13.9195 1.6692 9.3674 9.3965 9.2701
0.77813.9_1.6_80 55802.36527634409867 g 15.7092 0.0150 6.0000 13.9195 1.6692 9.3674 9.3965 9.2701
0.77813.9_1.6_80 56518.44021431369765 g 16.2376 0.0155 6.0000 13.9195 1.6692 9.3674 9.3965 9.2701
0.77813.9_1.6_80 56518.42907507129712 g 16.2634 0.0156 6.0000 13.9195 1.6692 9.3674 9.3965 9.2701
0.77813.9_1.6_80 55797.40282653120084 g 16.0134 0.0153 6.0000 13.9195 1.6692 9.3674 9.3965 9.2701
0.77813.9_1.6_80 55448.30856046330155 g 15.7335 0.0150 6.0000 13.9195 1.6692 9.3674 9.3965 9.2701
0.77813.9_1.6_80 55802.37800232240261 r 13.7922 0.0013 6.0000 13.9195 1.6692 9.3674 9.3965 9.2701
0.77813.9_1.6_80 55802.38912598189927 r 13.7927 0.0013 6.0000 13.9195 1.6692 9.3674 9.3965 9.2701
0.77813.9_1.6_80 55429.45040651549789 r 14.2000 0.0015 6.0000 13.9195 1.6692 9.3674 9.3965 9.2701
0.77813.9_1.6_80 55429.43797702340089 r 14.2083 0.0015 6.0000 13.9195 1.6692 9.3674 9.3965 9.2701
0.77813.9_1.6_80 56156.34864055369690 r 13.7918 0.0013 6.0000 13.9195 1.6692 9.3674 9.3965 9.2701
0.77813.9_1.6_80 56156.33831131100305 r 13.7922 0.0013 6.0000 13.9195 1.6692 9.3674 9.3965 9.2701
0.77813.9_1.6_80 56549.36178186909819 r 14.2820 0.0016 6.0000 13.9195 1.6692 9.3674 9.3965 9.2701
0.77813.9_1.6_80 55797.49895544289757 r 13.9973 0.0014 6.0000 13.9195 1.6692 9.3674 9.3965 9.2701
0.77813.9_1.6_80 55797.50994611530041 r 14.0014 0.0014 6.0000 13.9195 1.6692 9.3674 9.3965 9.2701
0.77813.9_1.6_80 56570.33458325870015 r 13.7929 0.0013 6.0000 13.9195 1.6692 9.3674 9.3965 9.2701
0.77813.9_1.6_80 55448.32098478359694 r 13.7904 0.0013 6.0000 13.9195 1.6692 9.3674 9.3965 9.2701
0.77813.9_1.6_80 55448.33312331789784 r 13.7894 0.0013 6.0000 13.9195 1.6692 9.3674 9.3965 9.2701
0.77813.9_1.6_80 56525.40350817090075 i 13.5395 0.0154 6.0000 13.9195 1.6692 9.3674 9.3965 9.2701
0.77813.9_1.6_80 56172.42480552430061 i 13.6009 0.0153 6.0000 13.9195 1.6692 9.3674 9.3965 9.2701
0.77813.9_1.6_80 56172.43678334319702 i 13.5782 0.0153 6.0000 13.9195 1.6692 9.3674 9.3965 9.2701
0.81212.9_1.1_80 55448.30856046330155 g 13.6688 0.0152 6.5000 12.9994 1.1092 8.1237 8.2589 8.1452
0.81213.3_1.4_80 55802.35357263169863 g 14.3851 0.0150 6.5000 13.3279 1.4709 8.6014 8.6690 8.5358
0.81213.3_1.4_80 55802.36527634409867 g 14.3702 0.0150 6.5000 13.3279 1.4709 8.6014 8.6690 8.5358
0.81213.3_1.4_80 56518.44021431369765 g 14.6726 0.0149 6.5000 13.3279 1.4709 8.6014 8.6690 8.5358
0.81213.3_1.4_80 56518.42907507129712 g 14.6772 0.0149 6.5000 13.3279 1.4709 8.6014 8.6690 8.5358
0.81213.3_1.4_80 55797.40282653120084 g 14.7748 0.0149 6.5000 13.3279 1.4709 8.6014 8.6690 8.5358
0.81213.3_1.4_80 55448.30856046330155 g 15.1873 0.0148 6.5000 13.3279 1.4709 8.6014 8.6690 8.5358
0.81213.9_1.6_80 55802.35357263169863 g 15.5662 0.0149 6.5000 13.9195 1.6692 9.2790 9.2789 9.1323
0.81213.9_1.6_80 55802.36527634409867 g 15.5560 0.0149 6.5000 13.9195 1.6692 9.2790 9.2789 9.1323
0.81213.9_1.6_80 56518.44021431369765 g 15.8949 0.0151 6.5000 13.9195 1.6692 9.2790 9.2789 9.1323
0.81213.9_1.6_80 56518.42907507129712 g 15.8549 0.0151 6.5000 13.9195 1.6692 9.2790 9.2789 9.1323
0.81213.9_1.6_80 55797.40282653120084 g 16.0342 0.0153 6.5000 13.9195 1.6692 9.2790 9.2789 9.1323
0.81213.9_1.6_80 55448.30856046330155 g 16.4975 0.0160 6.5000 13.9195 1.6692 9.2790 9.2789 9.1323
0.81213.9_1.6_80 55802.37800232240261 r 13.6307 0.0012 6.5000 13.9195 1.6692 9.2790 9.2789 9.1323
0.81213.9_1.6_80 55802.38912598189927 r 13.6308 0.0012 6.5000 13.9195 1.6692 9.2790 9.2789 9.1323
0.81213.9_1.6_80 55429.45040651549789 r 14.3774 0.0017 6.5000 13.9195 1.6692 9.2790 9.2789 9.1323
0.81213.9_1.6_80 55429.43797702340089 r 14.3777 0.0017 6.5000 13.9195 1.6692 9.2790 9.2789 9.1323
0.81213.9_1.6_80 56156.34864055369690 r 14.1833 0.0015 6.5000 13.9195 1.6692 9.2790 9.2789 9.1323
0.81213.9_1.6_80 56156.33831131100305 r 14.1800 0.0015 6.5000 13.9195 1.6692 9.2790 9.2789 9.1323
0.81213.9_1.6_80 56549.36178186909819 r 13.8173 0.0013 6.5000 13.9195 1.6692 9.2790 9.2789 9.1323
0.81213.9_1.6_80 55797.49895544289757 r 13.9540 0.0014 6.5000 13.9195 1.6692 9.2790 9.2789 9.1323
0.81213.9_1.6_80 55797.50994611530041 r 13.9559 0.0014 6.5000 13.9195 1.6692 9.2790 9.2789 9.1323
0.81213.9_1.6_80 56570.33458325870015 r 13.8140 0.0013 6.5000 13.9195 1.6692 9.2790 9.2789 9.1323
0.81213.9_1.6_80 55448.32098478359694 r 14.2680 0.0016 6.5000 13.9195 1.6692 9.2790 9.2789 9.1323
0.81213.9_1.6_80 55448.33312331789784 r 14.2709 0.0016 6.5000 13.9195 1.6692 9.2790 9.2789 9.1323
0.81213.9_1.6_80 55456.24508256089757 i 13.5323 0.0154 6.5000 13.9195 1.6692 9.2790 9.2789 9.1323
0.81213.9_1.6_80 55456.25704405650322 i 13.5664 0.0154 6.5000 13.9195 1.6692 9.2790 9.2789 9.1323
0.81213.9_1.6_80 56144.41339474270353 i 13.5332 0.0154 6.5000 13.9195 1.6692 9.2790 9.2789 9.1323
0.81213.9_1.6_80 56144.42476700150291 i 13.5482 0.0154 6.5000 13.9195 1.6692 9.2790 9.2789 9.1323
0.84513.3_1.4_80 55802.35357263169863 g 14.3749 0.0150 7.0000 13.3279 1.4709 8.4737 8.5759 8.4449
0.84513.3_1.4_80 55802.36527634409867 g 14.3749 0.0150 7.0000 13.3279 1.4709 8.4737 8.5759 8.4449
0.84513.3_1.4_80 56518.44021431369765 g 14.8024 0.0149 7.0000 13.3279 1.4709 8.4737 8.5759 8.4449
0.84513.3_1.4_80 56518.42907507129712 g 14.8001 0.0149 7.0000 13.3279 1.4709 8.4737 8.5759 8.4449
0.84513.3_1.4_80 55797.40282653120084 g 14.8103 0.0149 7.0000 13.3279 1.4709 8.4737 8.5759 8.4449
0.84513.3_1.4_80 55448.30856046330155 g 14.9495 0.0149 7.0000 13.3279 1.4709 8.4737 8.5759 8.4449
0.84513.9_1.6_80 55802.35357263169863 g 15.4584 0.0149 7.0000 13.9195 1.6692 9.1619 9.1773 9.0525
0.84513.9_1.6_80 55802.36527634409867 g 15.4544 0.0149 7.0000 13.9195 1.6692 9.1619 9.1773 9.0525
0.84513.9_1.6_80 56518.44021431369765 g 16.0314 0.0153 7.0000 13.9195 1.6692 9.1619 9.1773 9.0525
0.84513.9_1.6_80 56518.42907507129712 g 16.0571 0.0153 7.0000 13.9195 1.6692 9.1619 9.1773 9.0525
0.84513.9_1.6_80 55797.40282653120084 g 16.0241 0.0153 7.0000 13.9195 1.6692 9.1619 9.1773 9.0525
0.84513.9_1.6_80 55448.30856046330155 g 16.2568 0.0156 7.0000 13.9195 1.6692 9.1619 9.1773 9.0525
0.84513.9_1.6_80 55802.37800232240261 r 13.5320 0.0011 7.0000 13.9195 1.6692 9.1619 9.1773 9.0525
0.84513.9_1.6_80 55802.38912598189927 r 13.5293 0.0011 7.0000 13.9195 1.6692 9.1619 9.1773 9.0525
0.84513.9_1.6_80 55429.45040651549789 r 14.3680 0.0016 7.0000 13.9195 1.6692 9.1619 9.1773 9.0525
0.84513.9_1.6_80 55429.43797702340089 r 14.3697 0.0016 7.0000 13.9195 1.6692 9.1619 9.1773 9.0525
0.84513.9_1.6_80 56156.34864055369690 r 14.2534 0.0016 7.0000 13.9195 1.6692 9.1619 9.1773 9.0525
0.84513.9_1.6_80 56156.33831131100305 r 14.2500 0.0016 7.0000 13.9195 1.6692 9.1619 9.1773 9.0525
0.84513.9_1.6_80 56549.36178186909819 r 14.3698 0.0016 7.0000 13.9195 1.6692 9.1619 9.1773 9.0525
0.84513.9_1.6_80 55797.49895544289757 r 13.9233 0.0013 7.0000 13.9195 1.6692 9.1619 9.1773 9.0525
0.84513.9_1.6_80 55797.50994611530041 r 13.9244 0.0013 7.0000 13.9195 1.6692 9.1619 9.1773 9.0525
0.84513.9_1.6_80 56570.33458325870015 r 14.3679 0.0016 7.0000 13.9195 1.6692 9.1619 9.1773 9.0525
0.84513.9_1.6_80 55448.32098478359694 r 14.0560 0.0014 7.0000 13.9195 1.6692 9.1619 9.1773 9.0525
0.84513.9_1.6_80 55448.33312331789784 r 14.0533 0.0014 7.0000 13.9195 1.6692 9.1619 9.1773 9.0525
0.87512.9_1.1_80 56518.42907507129712 g 13.5091 0.0153 7.5000 12.9994 1.1092 7.9419 8.0696 7.9604
0.87512.9_1.1_80 55448.30856046330155 g 13.5207 0.0153 7.5000 12.9994 1.1092 7.9419 8.0696 7.9604
0.87513.3_1.4_80 55802.35357263169863 g 14.1600 0.0151 7.5000 13.3279 1.4709 8.4060 8.4859 8.3357
0.87513.3_1.4_80 55802.36527634409867 g 14.1405 0.0151 7.5000 13.3279 1.4709 8.4060 8.4859 8.3357
0.87513.3_1.4_80 56518.44021431369765 g 15.0691 0.0148 7.5000 13.3279 1.4709 8.4060 8.4859 8.3357
0.87513.3_1.4_80 56518.42907507129712 g 15.1051 0.0148 7.5000 13.3279 1.4709 8.4060 8.4859 8.3357
0.87513.3_1.4_80 55797.40282653120084 g 14.7622 0.0149 7.5000 13.3279 1.4709 8.4060 8.4859 8.3357
0.87513.3_1.4_80 55448.30856046330155 g 15.1156 0.0148 7.5000 13.3279 1.4709 8.4060 8.4859 8.3357
0.87513.9_1.6_80 55802.35357263169863 g 15.5068 0.0149 7.5000 13.9195 1.6692 9.0664 9.1137 8.9734
0.87513.9_1.6_80 55802.36527634409867 g 15.5202 0.0149 7.5000 13.9195 1.6692 9.0664 9.1137 8.9734
0.87513.9_1.6_80 56518.44021431369765 g 16.2987 0.0156 7.5000 13.9195 1.6692 9.0664 9.1137 8.9734
0.87513.9_1.6_80 56518.42907507129712 g 16.2972 0.0156 7.5000 13.9195 1.6692 9.0664 9.1137 8.9734
0.87513.9_1.6_80 55797.40282653120084 g 16.0164 0.0153 7.5000 13.9195 1.6692 9.0664 9.1137 8.9734
0.87513.9_1.6_80 55448.30856046330155 g 16.3148 0.0157 7.5000 13.9195 1.6692 9.0664 9.1137 8.9734
0.87513.9_1.6_80 55802.37800232240261 r 13.5325 0.0011 7.5000 13.9195 1.6692 9.0664 9.1137 8.9734
0.87513.9_1.6_80 55802.38912598189927 r 13.5311 0.0011 7.5000 13.9195 1.6692 9.0664 9.1137 8.9734
0.87513.9_1.6_80 55429.45040651549789 r 13.7614 0.0013 7.5000 13.9195 1.6692 9.0664 9.1137 8.9734
0.87513.9_1.6_80 55429.43797702340089 r 13.7578 0.0013 7.5000 13.9195 1.6692 9.0664 9.1137 8.9734
0.87513.9_1.6_80 56156.34864055369690 r 13.7215 0.0012 7.5000 13.9195 1.6692 9.0664 9.1137 8.9734
0.87513.9_1.6_80 56156.33831131100305 r 13.7225 0.0012 7.5000 13.9195 1.6692 9.0664 9.1137 8.9734
0.87513.9_1.6_80 56549.36178186909819 r 14.2169 0.0015 7.5000 13.9195 1.6692 9.0664 9.1137 8.9734
0.87513.9_1.6_80 55797.49895544289757 r 13.8846 0.0013 7.5000 13.9195 1.6692 9.0664 9.1137 8.9734
0.87513.9_1.6_80 55797.50994611530041 r 13.8874 0.0013 7.5000 13.9195 1.6692 9.0664 9.1137 8.9734
0.87513.9_1.6_80 56570.33458325870015 r 13.9583 0.0014 7.5000 13.9195 1.6692 9.0664 9.1137 8.9734
0.87513.9_1.6_80 55448.32098478359694 r 14.1433 0.0015 7.5000 13.9195 1.6692 9.0664 9.1137 8.9734
0.87513.9_1.6_80 55448.33312331789784 r 14.1421 0.0015 7.5000 13.9195 1.6692 9.0664 9.1137 8.9734
0.90312.9_1.1_80 55448.30856046330155 g 13.5338 0.0153 8.0000 12.9994 1.1092 7.8367 7.9959 7.8663
0.90313.3_1.4_80 55802.35357263169863 g 14.2496 0.0151 8.0000 13.3279 1.4709 8.3249 8.3881 8.2591
0.90313.3_1.4_80 55802.36527634409867 g 14.2475 0.0151 8.0000 13.3279 1.4709 8.3249 8.3881 8.2591
0.90313.3_1.4_80 56518.44021431369765 g 15.0053 0.0148 8.0000 13.3279 1.4709 8.3249 8.3881 8.2591
0.90313.3_1.4_80 56518.42907507129712 g 15.0224 0.0148 8.0000 13.3279 1.4709 8.3249 8.3881 8.2591
0.90313.3_1.4_80 55797.40282653120084 g 14.8154 0.0149 8.0000 13.3279 1.4709 8.3249 8.3881 8.2591
0.90313.3_1.4_80 55448.30856046330155 g 15.1268 0.0148 8.0000 13.3279 1.4709 8.3249 8.3881 8.2591
0.90313.9_1.6_80 55802.35357263169863 g 15.5969 0.0149 8.0000 13.9195 1.6692 8.9953 9.0157 8.8884
0.90313.9_1.6_80 55802.36527634409867 g 15.5986 0.0149 8.0000 13.9195 1.6692 8.9953 9.0157 8.8884
0.90313.9_1.6_80 56518.44021431369765 g 16.1776 0.0155 8.0000 13.9195 1.6692 8.9953 9.0157 8.8884
0.90313.9_1.6_80 56518.42907507129712 g 16.2340 0.0155 8.0000 13.9195 1.6692 8.9953 9.0157 8.8884
0.90313.9_1.6_80 55797.40282653120084 g 16.0536 0.0153 8.0000 13.9195 1.6692 8.9953 9.0157 8.8884
0.90313.9_1.6_80 55448.30856046330155 g 16.3061 0.0156 8.0000 13.9195 1.6692 8.9953 9.0157 8.8884
0.90313.9_1.6_80 55802.37800232240261 r 13.5354 0.0011 8.0000 13.9195 1.6692 8.9953 9.0157 8.8884
0.90313.9_1.6_80 55802.38912598189927 r 13.5373 0.0011 8.0000 13.9195 1.6692 8.9953 9.0157 8.8884
0.90313.9_1.6_80 55429.45040651549789 r 13.8737 0.0013 8.0000 13.9195 1.6692 8.9953 9.0157 8.8884
0.90313.9_1.6_80 55429.43797702340089 r 13.8691 0.0013 8.0000 13.9195 1.6692 8.9953 9.0157 8.8884
0.90313.9_1.6_80 56156.34864055369690 r 13.7059 0.0012 8.0000 13.9195 1.6692 8.9953 9.0157 8.8884
0.90313.9_1.6_80 56156.33831131100305 r 13.7062 0.0012 8.0000 13.9195 1.6692 8.9953 9.0157 8.8884
0.90313.9_1.6_80 56549.36178186909819 r 13.8579 0.0013 8.0000 13.9195 1.6692 8.9953 9.0157 8.8884
0.90313.9_1.6_80 55797.49895544289757 r 13.8807 0.0013 8.0000 13.9195 1.6692 8.9953 9.0157 8.8884
0.90313.9_1.6_80 55797.50994611530041 r 13.8813 0.0013 8.0000 13.9195 1.6692 8.9953 9.0157 8.8884
0.90313.9_1.6_80 56570.33458325870015 r 13.5360 0.0011 8.0000 13.9195 1.6692 8.9953 9.0157 8.8884
0.90313.9_1.6_80 55448.32098478359694 r 14.1150 0.0015 8.0000 13.9195 1.6692 8.9953 9.0157 8.8884
0.90313.9_1.6_80 55448.33312331789784 r 14.1137 0.0015 8.0000 13.9195 1.6692 8.9953 9.0157 8.8884
0.92913.3_1.4_80 55802.35357263169863 g 14.1748 0.0151 8.5000 13.3279 1.4709 8.2140 8.3194 8.1718
0.92913.3_1.4_80 55802.36527634409867 g 14.2020 0.0151 8.5000 13.3279 1.4709 8.2140 8.3194 8.1718
0.92913.3_1.4_80 56518.44021431369765 g 14.5042 0.0150 8.5000 13.3279 1.4709 8.2140 8.3194 8.1718
0.92913.3_1.4_80 56518.42907507129712 g 14.4690 0.0150 8.5000 13.3279 1.4709 8.2140 8.3194 8.1718
0.92913.3_1.4_80 55797.40282653120084 g 14.8278 0.0149 8.5000 13.3279 1.4709 8.2140 8.3194 8.1718
0.92913.3_1.4_80 55448.30856046330155 g 14.6807 0.0149 8.5000 13.3279 1.4709 8.2140 8.3194 8.1718
0.92913.9_1.6_80 55802.35357263169863 g 15.4731 0.0149 8.5000 13.9195 1.6692 8.9057 8.9556 8.8017
0.92913.9_1.6_80 55802.36527634409867 g 15.4877 0.0149 8.5000 13.9195 1.6692 8.9057 8.9556 8.8017
0.92913.9_1.6_80 56518.44021431369765 g 15.7716 0.0150 8.5000 13.9195 1.6692 8.9057 8.9556 8.8017
0.92913.9_1.6_80 56518.42907507129712 g 15.7871 0.0151 8.5000 13.9195 1.6692 8.9057 8.9556 8.8017
0.92913.9_1.6_80 55797.40282653120084 g 16.0679 0.0153 8.5000 13.9195 1.6692 8.9057 8.9556 8.8017
0.92913.9_1.6_80 55448.30856046330155 g 15.9158 0.0152 8.5000 13.9195 1.6692 8.9057 8.9556 8.8017
0.92913.9_1.6_80 55429.45040651549789 r 13.5666 0.0012 8.5000 13.9195 1.6692 8.9057 8.9556 8.8017
0.92913.9_1.6_80 55429.43797702340089 r 13.5673 0.0012 8.5000 13.9195 1.6692 8.9057 8.9556 8.8017
0.92913.9_1.6_80 56156.34864055369690 r 14.1153 0.0015 8.5000 13.9195 1.6692 8.9057 8.9556 8.8017
0.92913.9_1.6_80 56156.33831131100305 r 14.1123 0.0015 8.5000 13.9195 1.6692 8.9057 8.9556 8.8017
0.92913.9_1.6_80 56549.36178186909819 r 13.7304 0.0012 8.5000 13.9195 1.6692 8.9057 8.9556 8.8017
0.92913.9_1.6_80 55797.49895544289757 r 13.8701 0.0013 8.5000 13.9195 1.6692 8.9057 8.9556 8.8017
0.92913.9_1.6_80 55797.50994611530041 r 13.8698 0.0013 8.5000 13.9195 1.6692 8.9057 8.9556 8.8017
0.92913.9_1.6_80 56570.33458325870015 r 13.7571 0.0013 8.5000 13.9195 1.6692 8.9057 8.9556 8.8017
0.92913.9_1.6_80 55448.32098478359694 r 13.7551 0.0013 8.5000 13.9195 1.6692 8.9057 8.9556 8.8017
0.92913.9_1.6_80 55448.33312331789784 r 13.7534 0.0013 8.5000 13.9195 1.6692 8.9057 8.9556 8.8017
0.95412.9_1.1_80 56518.44021431369765 g 13.5356 0.0153 9.0000 12.9994 1.1092 7.6790 7.8584 7.7167
0.95412.9_1.1_80 56518.42907507129712 g 13.5297 0.0153 9.0000 12.9994 1.1092 7.6790 7.8584 7.7167
0.95412.9_1.1_80 55448.30856046330155 g 13.6662 0.0152 9.0000 12.9994 1.1092 7.6790 7.8584 7.7167
0.95413.3_1.4_80 55802.35357263169863 g 14.0884 0.0151 9.0000 13.3279 1.4709 8.1589 8.2410 8.1129
0.95413.3_1.4_80 55802.36527634409867 g 14.0939 0.0151 9.0000 13.3279 1.4709 8.1589 8.2410 8.1129
0.95413.3_1.4_80 56518.44021431369765 g 15.0174 0.0148 9.0000 13.3279 1.4709 8.1589 8.2410 8.1129
0.95413.3_1.4_80 56518.42907507129712 g 15.0415 0.0148 9.0000 13.3279 1.4709 8.1589 8.2410 8.1129
0.95413.3_1.4_80 55797.40282653120084 g 14.8583 0.0149 9.0000 13.3279 1.4709 8.1589 8.2410 8.1129
0.95413.3_1.4_80 55448.30856046330155 g 15.1445 0.0148 9.0000 13.3279 1.4709 8.1589 8.2410 8.1129
0.95413.9_1.6_80 55802.35357263169863 g 15.4267 0.0149 9.0000 13.9195 1.6692 8.8121 8.8715 8.7055
0.95413.9_1.6_80 55802.36527634409867 g 15.4315 0.0149 9.0000 13.9195 1.6692 8.8121 8.8715 8.7055
0.95413.9_1.6_80 56518.44021431369765 g 16.2346 0.0155 9.0000 13.9195 1.6692 8.8121 8.8715 8.7055
0.95413.9_1.6_80 56518.42907507129712 g 16.2051 0.0155 9.0000 13.9195 1.6692 8.8121 8.8715 8.7055
0.95413.9_1.6_80 55797.40282653120084 g 16.0706 0.0153 9.0000 13.9195 1.6692 8.8121 8.8715 8.7055
0.95413.9_1.6_80 55448.30856046330155 g 16.3486 0.0157 9.0000 13.9195 1.6692 8.8121 8.8715 8.7055
0.95413.9_1.6_80 55429.45040651549789 r 13.9560 0.0014 9.0000 13.9195 1.6692 8.8121 8.8715 8.7055
0.95413.9_1.6_80 55429.43797702340089 r 13.9532 0.0014 9.0000 13.9195 1.6692 8.8121 8.8715 8.7055
0.95413.9_1.6_80 56156.34864055369690 r 13.6691 0.0012 9.0000 13.9195 1.6692 8.8121 8.8715 8.7055
0.95413.9_1.6_80 56156.33831131100305 r 13.6665 0.0012 9.0000 13.9195 1.6692 8.8121 8.8715 8.7055
0.95413.9_1.6_80 55797.49895544289757 r 13.8473 0.0013 9.0000 13.9195 1.6692 8.8121 8.8715 8.7055
0.95413.9_1.6_80 55797.50994611530041 r 13.8512 0.0013 9.0000 13.9195 1.6692 8.8121 8.8715 8.7055
0.95413.9_1.6_80 56570.33458325870015 r 13.6670 0.0012 9.0000 13.9195 1.6692 8.8121 8.8715 8.7055
0.95413.9_1.6_80 55448.32098478359694 r 14.0553 0.0014 9.0000 13.9195 1.6692 8.8121 8.8715 8.7055
0.95413.9_1.6_80 55448.33312331789784 r 14.0551 0.0014 9.0000 13.9195 1.6692 8.8121 8.8715 8.7055
0.97712.9_1.1_80 55448.30856046330155 g 13.5834 0.0153 9.5000 12.9994 1.1092 7.6199 7.7662 7.6607
0.97713.3_1.4_80 55802.35357263169863 g 14.1352 0.0151 9.5000 13.3279 1.4709 8.0922 8.1774 8.0312
0.97713.3_1.4_80 55802.36527634409867 g 14.1390 0.0151 9.5000 13.3279 1.4709 8.0922 8.1774 8.0312
0.97713.3_1.4_80 56518.44021431369765 g 14.6368 0.0149 9.5000 13.3279 1.4709 8.0922 8.1774 8.0312
0.97713.3_1.4_80 56518.42907507129712 g 14.6529 0.0149 9.5000 13.3279 1.4709 8.0922 8.1774 8.0312
0.97713.3_1.4_80 55797.40282653120084 g 14.7921 0.0149 9.5000 13.3279 1.4709 8.0922 8.1774 8.0312
0.97713.3_1.4_80 55448.30856046330155 g 14.9851 0.0149 9.5000 13.3279 1.4709 8.0922 8.1774 8.0312
0.97713.9_1.6_80 55802.35357263169863 g 15.3486 0.0149 9.5000 13.9195 1.6692 8.7646 8.7875 8.6448
0.97713.9_1.6_80 55802.36527634409867 g 15.3536 0.0149 9.5000 13.9195 1.6692 8.7646 8.7875 8.6448
0.97713.9_1.6_80 56518.44021431369765 g 15.8885 0.0151 9.5000 13.9195 1.6692 8.7646 8.7875 8.6448
0.97713.9_1.6_80 56518.42907507129712 g 15.8924 0.0151 9.5000 13.9195 1.6692 8.7646 8.7875 8.6448
0.97713.9_1.6_80 55797.40282653120084 g 16.1049 0.0154 9.5000 13.9195 1.6692 8.7646 8.7875 8.6448
0.97713.9_1.6_80 55448.30856046330155 g 16.2343 0.0155 9.5000 13.9195 1.6692 8.7646 8.7875 8.6448
0.97713.9_1.6_80 55429.45040651549789 r 13.9937 0.0014 9.5000 13.9195 1.6692 8.7646 8.7875 8.6448
0.97713.9_1.6_80 55429.43797702340089 r 13.9927 0.0014 9.5000 13.9195 1.6692 8.7646 8.7875 8.6448
0.97713.9_1.6_80 56156.34864055369690 r 13.5112 0.0011 9.5000 13.9195 1.6692 8.7646 8.7875 8.6448
0.97713.9_1.6_80 56156.33831131100305 r 13.5111 0.0011 9.5000 13.9195 1.6692 8.7646 8.7875 8.6448
0.97713.9_1.6_80 56549.36178186909819 r 14.0116 0.0014 9.5000 13.9195 1.6692 8.7646 8.7875 8.6448
0.97713.9_1.6_80 55797.49895544289757 r 13.8315 0.0013 9.5000 13.9195 1.6692 8.7646 8.7875 8.6448
0.97713.9_1.6_80 55797.50994611530041 r 13.8332 0.0013 9.5000 13.9195 1.6692 8.7646 8.7875 8.6448
0.97713.9_1.6_80 56570.33458325870015 r 13.7627 0.0013 9.5000 13.9195 1.6692 8.7646 8.7875 8.6448
0.97713.9_1.6_80 55448.32098478359694 r 14.0028 0.0014 9.5000 13.9195 1.6692 8.7646 8.7875 8.6448
0.97713.9_1.6_80 55448.33312331789784 r 14.0035 0.0014 9.5000 13.9195 1.6692 8.7646 8.7875 8.6448
1.04113.3_1.4_80 55802.35357263169863 g 13.6943 0.0152 11.0000 13.3279 1.4709 7.8838 7.9922 7.8391
1.04113.3_1.4_80 55802.36527634409867 g 13.6562 0.0152 11.0000 13.3279 1.4709 7.8838 7.9922 7.8391
1.04113.3_1.4_80 56518.44021431369765 g 14.0236 0.0152 11.0000 13.3279 1.4709 7.8838 7.9922 7.8391
1.04113.3_1.4_80 56518.42907507129712 g 14.0545 0.0151 11.0000 13.3279 1.4709 7.8838 7.9922 7.8391
1.04113.3_1.4_80 55797.40282653120084 g 15.0639 0.0148 11.0000 13.3279 1.4709 7.8838 7.9922 7.8391
1.04113.3_1.4_80 55448.30856046330155 g 14.4461 0.0150 11.0000 13.3279 1.4709 7.8838 7.9922 7.8391
1.04113.9_1.6_80 55802.35357263169863 g 14.9236 0.0149 11.0000 13.9195 1.6692 8.5619 8.6201 8.4293
1.04113.9_1.6_80 55802.36527634409867 g 14.9024 0.0149 11.0000 13.9195 1.6692 8.5619 8.6201 8.4293
1.04113.9_1.6_80 56518.44021431369765 g 15.2758 0.0148 11.0000 13.9195 1.6692 8.5619 8.6201 8.4293
1.04113.9_1.6_80 56518.42907507129712 g 15.2781 0.0148 11.0000 13.9195 1.6692 8.5619 8.6201 8.4293
1.04113.9_1.6_80 55797.40282653120084 g 16.3442 0.0157 11.0000 13.9195 1.6692 8.5619 8.6201 8.4293
1.04113.9_1.6_80 55448.30856046330155 g 15.6930 0.0150 11.0000 13.9195 1.6692 8.5619 8.6201 8.4293
1.04113.9_1.6_80 55797.49895544289757 r 13.9008 0.0013 11.0000 13.9195 1.6692 8.5619 8.6201 8.4293
1.04113.9_1.6_80 55797.50994611530041 r 13.9029 0.0013 11.0000 13.9195 1.6692 8.5619 8.6201 8.4293
1.04113.9_1.6_80 56570.33458325870015 r 13.5337 0.0011 11.0000 13.9195 1.6692 8.5619 8.6201 8.4293
1.04113.9_1.6_80 55448.32098478359694 r 13.5354 0.0011 11.0000 13.9195 1.6692 8.5619 8.6201 8.4293
1.04113.9_1.6_80 55448.33312331789784 r 13.5328 0.0011 11.0000 13.9195 1.6692 8.5619 8.6201 8.4293
1.06012.9_1.1_80 55797.40282653120084 g 13.6263 0.0153 11.5000 12.9994 1.1092 7.3574 7.5257 7.3825
1.06013.3_1.4_80 55802.35357263169863 g 13.7347 0.0152 11.5000 13.3279 1.4709 7.8336 7.9049 7.7678
1.06013.3_1.4_80 55802.36527634409867 g 13.7232 0.0152 11.5000 13.3279 1.4709 7.8336 7.9049 7.7678
1.06013.3_1.4_80 56518.44021431369765 g 14.4090 0.0150 11.5000 13.3279 1.4709 7.8336 7.9049 7.7678
1.06013.3_1.4_80 56518.42907507129712 g 14.4471 0.0150 11.5000 13.3279 1.4709 7.8336 7.9049 7.7678
1.06013.3_1.4_80 55797.40282653120084 g 14.9567 0.0149 11.5000 13.3279 1.4709 7.8336 7.9049 7.7678
1.06013.3_1.4_80 55448.30856046330155 g 14.3116 0.0150 11.5000 13.3279 1.4709 7.8336 7.9049 7.7678
1.06013.9_1.6_80 55802.35357263169863 g 14.7677 0.0149 11.5000 13.9195 1.6692 8.4926 8.5512 8.3837
1.06013.9_1.6_80 55802.36527634409867 g 14.7791 0.0149 11.5000 13.9195 1.6692 8.4926 8.5512 8.3837
1.06013.9_1.6_80 56518.44021431369765 g 15.6847 0.0150 11.5000 13.9195 1.6692 8.4926 8.5512 8.3837
1.06013.9_1.6_80 56518.42907507129712 g 15.6301 0.0150 11.5000 13.9195 1.6692 8.4926 8.5512 8.3837
1.06013.9_1.6_80 55797.40282653120084 g 16.3699 0.0157 11.5000 13.9195 1.6692 8.4926 8.5512 8.3837
1.06013.9_1.6_80 55448.30856046330155 g 15.5250 0.0149 11.5000 13.9195 1.6692 8.4926 8.5512 8.3837
1.06013.9_1.6_80 55429.45040651549789 r 13.9089 0.0013 11.5000 13.9195 1.6692 8.4926 8.5512 8.3837
1.06013.9_1.6_80 55429.43797702340089 r 13.9098 0.0013 11.5000 13.9195 1.6692 8.4926 8.5512 8.3837
1.06013.9_1.6_80 56156.34864055369690 r 13.5502 0.0012 11.5000 13.9195 1.6692 8.4926 8.5512 8.3837
1.06013.9_1.6_80 56156.33831131100305 r 13.5528 0.0012 11.5000 13.9195 1.6692 8.4926 8.5512 8.3837
1.06013.9_1.6_80 55797.49895544289757 r 13.9135 0.0013 11.5000 13.9195 1.6692 8.4926 8.5512 8.3837
1.06013.9_1.6_80 55797.50994611530041 r 13.9134 0.0013 11.5000 13.9195 1.6692 8.4926 8.5512 8.3837
1.06013.9_1.6_80 56570.33458325870015 r 13.5519 0.0012 11.5000 13.9195 1.6692 8.4926 8.5512 8.3837
1.07913.3_1.4_80 55802.35357263169863 g 13.7883 0.0152 12.0000 13.3279 1.4709 7.7710 7.8586 7.7083
1.07913.3_1.4_80 55802.36527634409867 g 13.7984 0.0152 12.0000 13.3279 1.4709 7.7710 7.8586 7.7083
1.07913.3_1.4_80 56518.44021431369765 g 14.7415 0.0149 12.0000 13.3279 1.4709 7.7710 7.8586 7.7083
1.07913.3_1.4_80 56518.42907507129712 g 14.7137 0.0149 12.0000 13.3279 1.4709 7.7710 7.8586 7.7083
1.07913.3_1.4_80 55797.40282653120084 g 14.8718 0.0149 12.0000 13.3279 1.4709 7.7710 7.8586 7.7083
1.07913.3_1.4_80 55448.30856046330155 g 14.8328 0.0149 12.0000 13.3279 1.4709 7.7710 7.8586 7.7083
1.07913.9_1.6_80 55802.35357263169863 g 14.8085 0.0149 12.0000 13.9195 1.6692 8.4514 8.5048 8.3176
1.07913.9_1.6_80 55802.36527634409867 g 14.8155 0.0149 12.0000 13.9195 1.6692 8.4514 8.5048 8.3176
1.07913.9_1.6_80 56518.44021431369765 g 16.0908 0.0153 12.0000 13.9195 1.6692 8.4514 8.5048 8.3176
1.07913.9_1.6_80 56518.42907507129712 g 16.1026 0.0154 12.0000 13.9195 1.6692 8.4514 8.5048 8.3176
1.07913.9_1.6_80 55797.40282653120084 g 16.2945 0.0156 12.0000 13.9195 1.6692 8.4514 8.5048 8.3176
1.07913.9_1.6_80 55448.30856046330155 g 16.2211 0.0155 12.0000 13.9195 1.6692 8.4514 8.5048 8.3176
1.07913.9_1.6_80 56156.34864055369690 r 13.7851 0.0013 12.0000 13.9195 1.6692 8.4514 8.5048 8.3176
1.07913.9_1.6_80 56156.33831131100305 r 13.7834 0.0013 12.0000 13.9195 1.6692 8.4514 8.5048 8.3176
1.07913.9_1.6_80 55797.49895544289757 r 13.8458 0.0013 12.0000 13.9195 1.6692 8.4514 8.5048 8.3176
1.07913.9_1.6_80 55797.50994611530041 r 13.8480 0.0013 12.0000 13.9195 1.6692 8.4514 8.5048 8.3176
1.07913.9_1.6_80 55448.32098478359694 r 13.7804 0.0013 12.0000 13.9195 1.6692 8.4514 8.5048 8.3176
1.07913.9_1.6_80 55448.33312331789784 r 13.7818 0.0013 12.0000 13.9195 1.6692 8.4514 8.5048 8.3176
1.09613.3_1.4_80 55802.35357263169863 g 13.6724 0.0152 12.5000 13.3279 1.4709 7.7232 7.7979 7.6657
1.09613.3_1.4_80 55802.36527634409867 g 13.6736 0.0152 12.5000 13.3279 1.4709 7.7232 7.7979 7.6657
1.09613.3_1.4_80 56518.44021431369765 g 14.4056 0.0150 12.5000 13.3279 1.4709 7.7232 7.7979 7.6657
1.09613.3_1.4_80 56518.42907507129712 g 14.4031 0.0150 12.5000 13.3279 1.4709 7.7232 7.7979 7.6657
1.09613.3_1.4_80 55797.40282653120084 g 14.8981 0.0149 12.5000 13.3279 1.4709 7.7232 7.7979 7.6657
1.09613.3_1.4_80 55448.30856046330155 g 14.7287 0.0149 12.5000 13.3279 1.4709 7.7232 7.7979 7.6657
1.09613.9_1.6_80 55802.35357263169863 g 14.8087 0.0149 12.5000 13.9195 1.6692 8.3955 8.4501 8.3021
1.09613.9_1.6_80 55802.36527634409867 g 14.8537 0.0149 12.5000 13.9195 1.6692 8.3955 8.4501 8.3021
1.09613.9_1.6_80 56518.44021431369765 g 15.6628 0.0150 12.5000 13.9195 1.6692 8.3955 8.4501 8.3021
1.09613.9_1.6_80 56518.42907507129712 g 15.6304 0.0150 12.5000 13.9195 1.6692 8.3955 8.4501 8.3021
1.09613.9_1.6_80 55797.40282653120084 g 16.1805 0.0155 12.5000 13.9195 1.6692 8.3955 8.4501 8.3021
1.09613.9_1.6_80 55448.30856046330155 g 15.9930 0.0152 12.5000 13.9195 1.6692 8.3955 8.4501 8.3021
1.09613.9_1.6_80 55797.49895544289757 r 13.7625 0.0013 12.5000 13.9195 1.6692 8.3955 8.4501 8.3021
1.09613.9_1.6_80 55797.50994611530041 r 13.7597 0.0013 12.5000 13.9195 1.6692 8.3955 8.4501 8.3021
1.09613.9_1.6_80 56570.33458325870015 r 13.6083 0.0012 12.5000 13.9195 1.6692 8.3955 8.4501 8.3021
1.09613.9_1.6_80 55448.32098478359694 r 13.6763 0.0012 12.5000 13.9195 1.6692 8.3955 8.4501 8.3021
1.09613.9_1.6_80 55448.33312331789784 r 13.6758 0.0012 12.5000 13.9195 1.6692 8.3955 8.4501 8.3021
1.11313.3_1.4_80 55802.35357263169863 g 13.5444 0.0153 13.0000 13.3279 1.4709 7.6602 7.7749 7.6182
1.11313.3_1.4_80 55802.36527634409867 g 13.5675 0.0153 13.0000 13.3279 1.4709 7.6602 7.7749 7.6182
1.11313.3_1.4_80 56518.44021431369765 g 13.8222 0.0152 13.0000 13.3279 1.4709 7.6602 7.7749 7.6182
1.11313.3_1.4_80 56518.42907507129712 g 13.8324 0.0152 13.0000 13.3279 1.4709 7.6602 7.7749 7.6182
1.11313.3_1.4_80 55797.40282653120084 g 14.9060 0.0149 13.0000 13.3279 1.4709 7.6602 7.7749 7.6182
1.11313.3_1.4_80 55448.30856046330155 g 14.4109 0.0150 13.0000 13.3279 1.4709 7.6602 7.7749 7.6182
1.11313.9_1.6_80 55802.35357263169863 g 14.7446 0.0149 13.0000 13.9195 1.6692 8.3483 8.3850 8.2386
1.11313.9_1.6_80 55802.36527634409867 g 14.7692 0.0149 13.0000 13.9195 1.6692 8.3483 8.3850 8.2386
1.11313.9_1.6_80 56518.44021431369765 g 15.0807 0.0148 13.0000 13.9195 1.6692 8.3483 8.3850 8.2386
1.11313.9_1.6_80 56518.42907507129712 g 15.0924 0.0148 13.0000 13.9195 1.6692 8.3483 8.3850 8.2386
1.11313.9_1.6_80 55797.40282653120084 g 16.1680 0.0154 13.0000 13.9195 1.6692 8.3483 8.3850 8.2386
1.11313.9_1.6_80 55448.30856046330155 g 15.6794 0.0150 13.0000 13.9195 1.6692 8.3483 8.3850 8.2386
1.11313.9_1.6_80 56549.36178186909819 r 13.6300 0.0012 13.0000 13.9195 1.6692 8.3483 8.3850 8.2386
1.11313.9_1.6_80 55797.49895544289757 r 13.7385 0.0012 13.0000 13.9195 1.6692 8.3483 8.3850 8.2386
1.11313.9_1.6_80 55797.50994611530041 r 13.7412 0.0012 13.0000 13.9195 1.6692 8.3483 8.3850 8.2386
1.13013.3_1.4_80 56518.44021431369765 g 13.6740 0.0152 13.5000 13.3279 1.4709 7.6244 7.7136 7.5695
1.13013.3_1.4_80 56518.42907507129712 g 13.6437 0.0153 13.5000 13.3279 1.4709 7.6244 7.7136 7.5695
1.13013.3_1.4_80 55797.40282653120084 g 14.8598 0.0149 13.5000 13.3279 1.4709 7.6244 7.7136 7.5695
1.13013.3_1.4_80 55448.30856046330155 g 14.3667 0.0150 13.5000 13.3279 1.4709 7.6244 7.7136 7.5695
1.13013.9_1.6_80 55802.35357263169863 g 14.7189 0.0149 13.5000 13.9195 1.6692 8.2859 8.3516 8.1986
1.13013.9_1.6_80 55802.36527634409867 g 14.7227 0.0149 13.5000 13.9195 1.6692 8.2859 8.3516 8.1986
1.13013.9_1.6_80 56518.44021431369765 g 14.8722 0.0149 13.5000 13.9195 1.6692 8.2859 8.3516 8.1986
1.13013.9_1.6_80 56518.42907507129712 g 14.8890 0.0149 13.5000 13.9195 1.6692 8.2859 8.3516 8.1986
1.13013.9_1.6_80 55797.40282653120084 g 16.1049 0.0154 13.5000 13.9195 1.6692 8.2859 8.3516 8.1986
1.13013.9_1.6_80 55448.30856046330155 g 15.6078 0.0149 13.5000 13.9195 1.6692 8.2859 8.3516 8.1986
1.13013.9_1.6_80 55797.49895544289757 r 13.6895 0.0012 13.5000 13.9195 1.6692 8.2859 8.3516 8.1986
1.13013.9_1.6_80 55797.50994611530041 r 13.6873 0.0012 13.5000 13.9195 1.6692 8.2859 8.3516 8.1986
1.14613.3_1.4_80 55802.35357263169863 g 13.5491 0.0153 14.0000 13.3279 1.4709 7.5711 7.6880 7.5157
1.14613.3_1.4_80 55802.36527634409867 g 13.5545 0.0153 14.0000 13.3279 1.4709 7.5711 7.6880 7.5157
1.14613.3_1.4_80 56518.44021431369765 g 13.9341 0.0152 14.0000 13.3279 1.4709 7.5711 7.6880 7.5157
1.14613.3_1.4_80 56518.42907507129712 g 13.9095 0.0152 14.0000 13.3279 1.4709 7.5711 7.6880 7.5157
1.14613.3_1.4_80 55797.40282653120084 g 14.8031 0.0149 14.0000 13.3279 1.4709 7.5711 7.6880 7.5157
1.14613.3_1.4_80 55448.30856046330155 g 14.7195 0.0149 14.0000 13.3279 1.4709 7.5711 7.6880 7.5157
1.14613.9_1.6_80 55802.35357263169863 g 14.5216 0.0150 14.0000 13.9195 1.6692 8.2364 8.2850 8.1351
1.14613.9_1.6_80 55802.36527634409867 g 14.4900 0.0150 14.0000 13.9195 1.6692 8.2364 8.2850 8.1351
1.14613.9_1.6_80 56518.44021431369765 g 14.9940 0.0148 14.0000 13.9195 1.6692 8.2364 8.2850 8.1351
1.14613.9_1.6_80 56518.42907507129712 g 15.0065 0.0148 14.0000 13.9195 1.6692 8.2364 8.2850 8.1351
1.14613.9_1.6_80 55797.40282653120084 g 16.2203 0.0155 14.0000 13.9195 1.6692 8.2364 8.2850 8.1351
1.14613.9_1.6_80 55448.30856046330155 g 16.1163 0.0154 14.0000 13.9195 1.6692 8.2364 8.2850 8.1351
1.14613.9_1.6_80 55797.49895544289757 r 13.7357 0.0012 14.0000 13.9195 1.6692 8.2364 8.2850 8.1351
1.14613.9_1.6_80 55797.50994611530041 r 13.7360 0.0012 14.0000 13.9195 1.6692 8.2364 8.2850 8.1351
1.14613.9_1.6_80 55448.32098478359694 r 13.6970 0.0012 14.0000 13.9195 1.6692 8.2364 8.2850 8.1351
1.14613.9_1.6_80 55448.33312331789784 r 13.6961 0.0012 14.0000 13.9195 1.6692 8.2364 8.2850 8.1351
1.16113.3_1.4_80 56518.44021431369765 g 14.4466 0.0150 14.5000 13.3279 1.4709 7.5217 7.6359 7.4610
1.16113.3_1.4_80 56518.42907507129712 g 14.4574 0.0150 14.5000 13.3279 1.4709 7.5217 7.6359 7.4610
1.16113.3_1.4_80 55797.40282653120084 g 14.9992 0.0148 14.5000 13.3279 1.4709 7.5217 7.6359 7.4610
1.16113.3_1.4_80 55448.30856046330155 g 15.0317 0.0148 14.5000 13.3279 1.4709 7.5217 7.6359 7.4610
1.16113.9_1.6_80 55802.35357263169863 g 14.5600 0.0150 14.5000 13.9195 1.6692 8.1809 8.2433 8.0939
1.16113.9_1.6_80 55802.36527634409867 g 14.5854 0.0149 14.5000 13.9195 1.6692 8.1809 8.2433 8.0939
1.16113.9_1.6_80 56518.44021431369765 g 15.6831 0.0150 14.5000 13.9195 1.6692 8.1809 8.2433 8.0939
1.16113.9_1.6_80 56518.42907507129712 g 15.6634 0.0150 14.5000 13.9195 1.6692 8.1809 8.2433 8.0939
1.16113.9_1.6_80 55797.40282653120084 g 16.1166 0.0154 14.5000 13.9195 1.6692 8.1809 8.2433 8.0939
1.16113.9_1.6_80 55448.30856046330155 g 16.1081 0.0154 14.5000 13.9195 1.6692 8.1809 8.2433 8.0939
1.16113.9_1.6_80 56549.36178186909819 r 13.5384 0.0011 14.5000 13.9195 1.6692 8.1809 8.2433 8.0939
1.16113.9_1.6_80 55797.49895544289757 r 13.6620 0.0012 14.5000 13.9195 1.6692 8.1809 8.2433 8.0939
1.16113.9_1.6_80 55797.50994611530041 r 13.6612 0.0012 14.5000 13.9195 1.6692 8.1809 8.2433 8.0939
1.16113.9_1.6_80 55448.32098478359694 r 13.6474 0.0012 14.5000 13.9195 1.6692 8.1809 8.2433 8.0939
1.16113.9_1.6_80 55448.33312331789784 r 13.6514 0.0012 14.5000 13.9195 1.6692 8.1809 8.2433 8.0939
1.17613.3_1.4_80 56518.44021431369765 g 14.6482 0.0149 15.0000 13.3279 1.4709 7.4855 7.5663 7.4243
1.17613.3_1.4_80 56518.42907507129712 g 14.6698 0.0149 15.0000 13.3279 1.4709 7.4855 7.5663 7.4243
1.17613.3_1.4_80 55797.40282653120084 g 14.8455 0.0149 15.0000 13.3279 1.4709 7.4855 7.5663 7.4243
1.17613.3_1.4_80 55448.30856046330155 g 14.4166 0.0150 15.0000 13.3279 1.4709 7.4855 7.5663 7.4243
1.17613.9_1.6_80 55802.35357263169863 g 14.3143 0.0150 15.0000 13.9195 1.6692 8.1467 8.2090 8.0318
1.17613.9_1.6_80 55802.36527634409867 g 14.3324 0.0150 15.0000 13.9195 1.6692 8.1467 8.2090 8.0318
1.17613.9_1.6_80 56518.44021431369765 g 16.0287 0.0153 15.0000 13.9195 1.6692 8.1467 8.2090 8.0318
1.17613.9_1.6_80 56518.42907507129712 g 16.0142 0.0153 15.0000 13.9195 1.6692 8.1467 8.2090 8.0318
1.17613.9_1.6_80 55797.40282653120084 g 16.2054 0.0155 15.0000 13.9195 1.6692 8.1467 8.2090 8.0318
1.17613.9_1.6_80 55448.30856046330155 g 15.7215 0.0150 15.0000 13.9195 1.6692 8.1467 8.2090 8.0318
1.17613.9_1.6_80 56156.34864055369690 r 13.7100 0.0012 15.0000 13.9195 1.6692 8.1467 8.2090 8.0318
1.17613.9_1.6_80 56156.33831131100305 r 13.7128 0.0012 15.0000 13.9195 1.6692 8.1467 8.2090 8.0318
1.17613.9_1.6_80 55797.49895544289757 r 13.7009 0.0012 15.0000 13.9195 1.6692 8.1467 8.2090 8.0318
1.17613.9_1.6_80 55797.50994611530041 r 13.6997 0.0012 15.0000 13.9195 1.6692 8.1467 8.2090 8.0318
1.19013.3_1.4_80 56518.44021431369765 g 13.9970 0.0152 15.5000 13.3279 1.4709 7.4487 7.5528 7.3820
1.19013.3_1.4_80 56518.42907507129712 g 13.9634 0.0152 15.5000 13.3279 1.4709 7.4487 7.5528 7.3820
1.19013.3_1.4_80 55797.40282653120084 g 14.7335 0.0149 15.5000 13.3279 1.4709 7.4487 7.5528 7.3820
1.19013.3_1.4_80 55448.30856046330155 g 13.8298 0.0152 15.5000 13.3279 1.4709 7.4487 7.5528 7.3820
1.19013.9_1.6_80 55802.35357263169863 g 14.1674 0.0151 15.5000 13.9195 1.6692 8.0968 8.1644 8.0015
1.19013.9_1.6_80 55802.36527634409867 g 14.1528 0.0151 15.5000 13.9195 1.6692 8.0968 8.1644 8.0015
1.19013.9_1.6_80 56518.44021431369765 g 15.0528 0.0148 15.5000 13.9195 1.6692 8.0968 8.1644 8.0015
1.19013.9_1.6_80 56518.42907507129712 g 15.0586 0.0148 15.5000 13.9195 1.6692 8.0968 8.1644 8.0015
1.19013.9_1.6_80 55797.40282653120084 g 16.2259 0.0155 15.5000 13.9195 1.6692 8.0968 8.1644 8.0015
1.19013.9_1.6_80 55448.30856046330155 g 14.8547 0.0149 15.5000 13.9195 1.6692 8.0968 8.1644 8.0015
1.19013.9_1.6_80 55797.49895544289757 r 13.7108 0.0012 15.5000 13.9195 1.6692 8.0968 8.1644 8.0015
1.19013.9_1.6_80 55797.50994611530041 r 13.7121 0.0012 15.5000 13.9195 1.6692 8.0968 8.1644 8.0015
1.19013.9_1.6_80 56570.33458325870015 r 13.6256 0.0012 15.5000 13.9195 1.6692 8.0968 8.1644 8.0015
1.20413.3_1.4_80 56518.44021431369765 g 14.5026 0.0150 16.0000 13.3279 1.4709 7.3972 7.4852 7.3239
1.20413.3_1.4_80 56518.42907507129712 g 14.5152 0.0150 16.0000 13.3279 1.4709 7.3972 7.4852 7.3239
1.20413.3_1.4_80 55797.40282653120084 g 14.5948 0.0149 16.0000 13.3279 1.4709 7.3972 7.4852 7.3239
1.20413.3_1.4_80 55448.30856046330155 g 14.3171 0.0150 16.0000 13.3279 1.4709 7.3972 7.4852 7.3239
1.20413.9_1.6_80 55802.35357263169863 g 14.4777 0.0150 16.0000 13.9195 1.6692 8.0753 8.1172 7.9691
1.20413.9_1.6_80 55802.36527634409867 g 14.4697 0.0150 16.0000 13.9195 1.6692 8.0753 8.1172 7.9691
1.20413.9_1.6_80 56518.44021431369765 g 15.8532 0.0151 16.0000 13.9195 1.6692 8.0753 8.1172 7.9691
1.20413.9_1.6_80 56518.42907507129712 g 15.8578 0.0151 16.0000 13.9195 1.6692 8.0753 8.1172 7.9691
1.20413.9_1.6_80 55797.40282653120084 g 16.0419 0.0153 16.0000 13.9195 1.6692 8.0753 8.1172 7.9691
1.20413.9_1.6_80 55448.30856046330155 g 15.6168 0.0150 16.0000 13.9195 1.6692 8.0753 8.1172 7.9691
1.20413.9_1.6_80 55429.45040651549789 r 13.5612 0.0012 16.0000 13.9195 1.6692 8.0753 8.1172 7.9691
1.20413.9_1.6_80 55429.43797702340089 r 13.5637 0.0012 16.0000 13.9195 1.6692 8.0753 8.1172 7.9691
1.20413.9_1.6_80 56549.36178186909819 r 13.5637 0.0012 16.0000 13.9195 1.6692 8.0753 8.1172 7.9691
1.20413.9_1.6_80 55797.49895544289757 r 13.5601 0.0012 16.0000 13.9195 1.6692 8.0753 8.1172 7.9691
1.20413.9_1.6_80 55797.50994611530041 r 13.5587 0.0012 16.0000 13.9195 1.6692 8.0753 8.1172 7.9691
1.21713.3_1.4_80 56518.44021431369765 g 14.2969 0.0151 16.5000 13.3279 1.4709 7.3499 7.4392 7.3083
1.21713.3_1.4_80 56518.42907507129712 g 14.2799 0.0151 16.5000 13.3279 1.4709 7.3499 7.4392 7.3083
1.21713.3_1.4_80 55797.40282653120084 g 14.6248 0.0149 16.5000 13.3279 1.4709 7.3499 7.4392 7.3083
1.21713.3_1.4_80 55448.30856046330155 g 14.6215 0.0149 16.5000 13.3279 1.4709 7.3499 7.4392 7.3083
1.21713.9_1.6_80 55802.35357263169863 g 14.4234 0.0150 16.5000 13.9195 1.6692 8.0068 8.0863 7.9227
1.21713.9_1.6_80 55802.36527634409867 g 14.4144 0.0150 16.5000 13.9195 1.6692 8.0068 8.0863 7.9227
1.21713.9_1.6_80 56518.44021431369765 g 15.5873 0.0149 16.5000 13.9195 1.6692 8.0068 8.0863 7.9227
1.21713.9_1.6_80 56518.42907507129712 g 15.5842 0.0149 16.5000 13.9195 1.6692 8.0068 8.0863 7.9227
1.21713.9_1.6_80 55797.40282653120084 g 15.9521 0.0152 16.5000 13.9195 1.6692 8.0068 8.0863 7.9227
1.21713.9_1.6_80 55448.30856046330155 g 15.9137 0.0152 16.5000 13.9195 1.6692 8.0068 8.0863 7.9227
1.21713.9_1.6_80 55797.49895544289757 r 13.5276 0.0011 16.5000 13.9195 1.6692 8.0068 8.0863 7.9227
1.21713.9_1.6_80 55797.50994611530041 r 13.5273 0.0011 16.5000 13.9195 1.6692 8.0068 8.0863 7.9227
1.23013.3_1.4_80 56518.44021431369765 g 13.6282 0.0153 17.0000 13.3279 1.4709 7.3154 7.4027 7.2712
1.23013.3_1.4_80 56518.42907507129712 g 13.6382 0.0153 17.0000 13.3279 1.4709 7.3154 7.4027 7.2712
1.23013.3_1.4_80 55797.40282653120084 g 14.6222 0.0149 17.0000 13.3279 1.4709 7.3154 7.4027 7.2712
1.23013.3_1.4_80 55448.30856046330155 g 13.7423 0.0152 17.0000 13.3279 1.4709 7.3154 7.4027 7.2712
1.23013.9_1.6_80 55802.35357263169863 g 14.6515 0.0149 17.0000 13.9195 1.6692 7.9788 8.0570 7.8943
1.23013.9_1.6_80 55802.36527634409867 g 14.6492 0.0149 17.0000 13.9195 1.6692 7.9788 8.0570 7.8943
1.23013.9_1.6_80 56518.44021431369765 g 14.9172 0.0149 17.0000 13.9195 1.6692 7.9788 8.0570 7.8943
1.23013.9_1.6_80 56518.42907507129712 g 14.9549 0.0149 17.0000 13.9195 1.6692 7.9788 8.0570 7.8943
1.23013.9_1.6_80 55797.40282653120084 g 15.8380 0.0151 17.0000 13.9195 1.6692 7.9788 8.0570 7.8943
1.23013.9_1.6_80 55448.30856046330155 g 15.0530 0.0148 17.0000 13.9195 1.6692 7.9788 8.0570 7.8943
1.24313.3_1.4_80 56518.44021431369765 g 13.8546 0.0152 17.5000 13.3279 1.4709 7.2722 7.3914 7.2263
1.24313.3_1.4_80 56518.42907507129712 g 13.8640 0.0152 17.5000 13.3279 1.4709 7.2722 7.3914 7.2263
1.24313.3_1.4_80 55797.40282653120084 g 14.7495 0.0149 17.5000 13.3279 1.4709 7.2722 7.3914 7.2263
1.24313.3_1.4_80 55448.30856046330155 g 14.5475 0.0150 17.5000 13.3279 1.4709 7.2722 7.3914 7.2263
1.24313.9_1.6_80 55802.35357263169863 g 14.1837 0.0151 17.5000 13.9195 1.6692 7.9288 8.0115 7.8422
1.24313.9_1.6_80 55802.36527634409867 g 14.1605 0.0151 17.5000 13.9195 1.6692 7.9288 8.0115 7.8422
1.24313.9_1.6_80 56518.44021431369765 g 15.0598 0.0148 17.5000 13.9195 1.6692 7.9288 8.0115 7.8422
1.24313.9_1.6_80 56518.42907507129712 g 15.1051 0.0148 17.5000 13.9195 1.6692 7.9288 8.0115 7.8422
1.24313.9_1.6_80 55797.40282653120084 g 16.0338 0.0153 17.5000 13.9195 1.6692 7.9288 8.0115 7.8422
1.24313.9_1.6_80 55448.30856046330155 g 15.8058 0.0151 17.5000 13.9195 1.6692 7.9288 8.0115 7.8422
1.24313.9_1.6_80 55429.45040651549789 r 13.5558 0.0012 17.5000 13.9195 1.6692 7.9288 8.0115 7.8422
1.24313.9_1.6_80 55429.43797702340089 r 13.5542 0.0012 17.5000 13.9195 1.6692 7.9288 8.0115 7.8422
1.24313.9_1.6_80 56549.36178186909819 r 13.5564 0.0012 17.5000 13.9195 1.6692 7.9288 8.0115 7.8422
1.24313.9_1.6_80 55797.49895544289757 r 13.5244 0.0011 17.5000 13.9195 1.6692 7.9288 8.0115 7.8422
1.24313.9_1.6_80 55797.50994611530041 r 13.5231 0.0011 17.5000 13.9195 1.6692 7.9288 8.0115 7.8422
1.25513.3_1.4_80 56518.44021431369765 g 14.4118 0.0150 18.0000 13.3279 1.4709 7.2243 7.3308 7.1959
1.25513.3_1.4_80 56518.42907507129712 g 14.4326 0.0150 18.0000 13.3279 1.4709 7.2243 7.3308 7.1959
1.25513.3_1.4_80 55797.40282653120084 g 14.6510 0.0149 18.0000 13.3279 1.4709 7.2243 7.3308 7.1959
1.25513.3_1.4_80 55448.30856046330155 g 14.1250 0.0151 18.0000 13.3279 1.4709 7.2243 7.3308 7.1959
1.25513.9_1.6_80 55802.35357263169863 g 14.1474 0.0151 18.0000 13.9195 1.6692 7.8941 7.9812 7.8130
1.25513.9_1.6_80 55802.36527634409867 g 14.1896 0.0151 18.0000 13.9195 1.6692 7.8941 7.9812 7.8130
1.25513.9_1.6_80 56518.44021431369765 g 15.7010 0.0150 18.0000 13.9195 1.6692 7.8941 7.9812 7.8130
1.25513.9_1.6_80 56518.42907507129712 g 15.6935 0.0150 18.0000 13.9195 1.6692 7.8941 7.9812 7.8130
1.25513.9_1.6_80 55797.40282653120084 g 15.9680 0.0152 18.0000 13.9195 1.6692 7.8941 7.9812 7.8130
1.25513.9_1.6_80 55448.30856046330155 g 15.4030 0.0149 18.0000 13.9195 1.6692 7.8941 7.9812 7.8130
1.25513.9_1.6_80 56156.34864055369690 r 13.5198 0.0011 18.0000 13.9195 1.6692 7.8941 7.9812 7.8130
1.25513.9_1.6_80 56156.33831131100305 r 13.5197 0.0011 18.0000 13.9195 1.6692 7.8941 7.9812 7.8130
1.25513.9_1.6_80 56570.33458325870015 r 13.5203 0.0011 18.0000 13.9195 1.6692 7.8941 7.9812 7.8130
1.26713.3_1.4_80 56518.44021431369765 g 14.5662 0.0150 18.5000 13.3279 1.4709 7.2057 7.3219 7.1448
1.26713.3_1.4_80 56518.42907507129712 g 14.5647 0.0150 18.5000 13.3279 1.4709 7.2057 7.3219 7.1448
1.26713.3_1.4_80 55797.40282653120084 g 14.4861 0.0150 18.5000 13.3279 1.4709 7.2057 7.3219 7.1448
1.26713.3_1.4_80 55448.30856046330155 g 14.2330 0.0151 18.5000 13.3279 1.4709 7.2057 7.3219 7.1448
1.26713.9_1.6_80 55802.35357263169863 g 14.4038 0.0150 18.5000 13.9195 1.6692 7.8640 7.9354 7.7795
1.26713.9_1.6_80 55802.36527634409867 g 14.4090 0.0150 18.5000 13.9195 1.6692 7.8640 7.9354 7.7795
1.26713.9_1.6_80 56518.44021431369765 g 15.8168 0.0151 18.5000 13.9195 1.6692 7.8640 7.9354 7.7795
1.26713.9_1.6_80 56518.42907507129712 g 15.8137 0.0151 18.5000 13.9195 1.6692 7.8640 7.9354 7.7795
1.26713.9_1.6_80 55797.40282653120084 g 15.8032 0.0151 18.5000 13.9195 1.6692 7.8640 7.9354 7.7795
1.26713.9_1.6_80 55448.30856046330155 g 15.5074 0.0149 18.5000 13.9195 1.6692 7.8640 7.9354 7.7795
1.27813.3_1.4_80 56518.44021431369765 g 14.7005 0.0149 19.0000 13.3279 1.4709 7.1662 7.2753 7.1022
1.27813.3_1.4_80 56518.42907507129712 g 14.7161 0.0149 19.0000 13.3279 1.4709 7.1662 7.2753 7.1022
1.27813.3_1.4_80 55797.40282653120084 g 14.6182 0.0149 19.0000 13.3279 1.4709 7.1662 7.2753 7.1022
1.27813.3_1.4_80 55448.30856046330155 g 14.2041 0.0151 19.0000 13.3279 1.4709 7.1662 7.2753 7.1022
1.27813.9_1.6_80 55802.35357263169863 g 14.2282 0.0151 19.0000 13.9195 1.6692 7.8373 7.9036 7.7412
1.27813.9_1.6_80 55802.36527634409867 g 14.2577 0.0151 19.0000 13.9195 1.6692 7.8373 7.9036 7.7412
1.27813.9_1.6_80 56518.44021431369765 g 15.9055 0.0152 19.0000 13.9195 1.6692 7.8373 7.9036 7.7412
1.27813.9_1.6_80 56518.42907507129712 g 15.9186 0.0152 19.0000 13.9195 1.6692 7.8373 7.9036 7.7412
1.27813.9_1.6_80 55797.40282653120084 g 15.7945 0.0151 19.0000 13.9195 1.6692 7.8373 7.9036 7.7412
1.27813.9_1.6_80 55448.30856046330155 g 15.3996 0.0149 19.0000 13.9195 1.6692 7.8373 7.9036 7.7412
1.29013.3_1.4_80 56518.44021431369765 g 14.5191 0.0150 19.5000 13.3279 1.4709 7.1486 7.2302 7.0874
1.29013.3_1.4_80 56518.42907507129712 g 14.5382 0.0150 19.5000 13.3279 1.4709 7.1486 7.2302 7.0874
1.29013.3_1.4_80 55797.40282653120084 g 14.4645 0.0150 19.5000 13.3279 1.4709 7.1486 7.2302 7.0874
1.29013.3_1.4_80 55448.30856046330155 g 14.2433 0.0151 19.5000 13.3279 1.4709 7.1486 7.2302 7.0874
1.29013.9_1.6_80 55802.35357263169863 g 13.9317 0.0152 19.5000 13.9195 1.6692 7.8036 7.8709 7.7032
1.29013.9_1.6_80 55802.36527634409867 g 13.9541 0.0152 19.5000 13.9195 1.6692 7.8036 7.8709 7.7032
1.29013.9_1.6_80 56518.44021431369765 g 15.9777 0.0152 19.5000 13.9195 1.6692 7.8036 7.8709 7.7032
1.29013.9_1.6_80 56518.42907507129712 g 15.9985 0.0152 19.5000 13.9195 1.6692 7.8036 7.8709 7.7032
1.29013.9_1.6_80 55797.40282653120084 g 15.8956 0.0151 19.5000 13.9195 1.6692 7.8036 7.8709 7.7032
1.29013.9_1.6_80 55448.30856046330155 g 15.5627 0.0149 19.5000 13.9195 1.6692 7.8036 7.8709 7.7032
1.30113.3_1.4_80 56518.44021431369765 g 14.2540 0.0151 20.0000 13.3279 1.4709 7.0859 7.2076 7.0341
1.30113.3_1.4_80 56518.42907507129712 g 14.2816 0.0151 20.0000 13.3279 1.4709 7.0859 7.2076 7.0341
1.30113.3_1.4_80 55797.40282653120084 g 14.4852 0.0150 20.0000 13.3279 1.4709 7.0859 7.2076 7.0341
1.30113.3_1.4_80 55448.30856046330155 g 13.9181 0.0152 20.0000 13.3279 1.4709 7.0859 7.2076 7.0341
1.30113.9_1.6_80 55802.35357263169863 g 13.9940 0.0152 20.0000 13.9195 1.6692 7.7705 7.8312 7.6539
1.30113.9_1.6_80 55802.36527634409867 g 13.9761 0.0152 20.0000 13.9195 1.6692 7.7705 7.8312 7.6539
1.30113.9_1.6_80 56518.44021431369765 g 15.5596 0.0149 20.0000 13.9195 1.6692 7.7705 7.8312 7.6539
1.30113.9_1.6_80 56518.42907507129712 g 15.5426 0.0149 20.0000 13.9195 1.6692 7.7705 7.8312 7.6539
1.30113.9_1.6_80 55797.40282653120084 g 15.8123 0.0151 20.0000 13.9195 1.6692 7.7705 7.8312 7.6539
1.30113.9_1.6_80 55448.30856046330155 g 15.1492 0.0148 20.0000 13.9195 1.6692 7.7705 7.8312 7.6539
1.31113.3_1.4_80 56518.44021431369765 g 13.6873 0.0152 20.5000 13.3279 1.4709 7.0651 7.1654 7.0104
1.31113.3_1.4_80 56518.42907507129712 g 13.6891 0.0152 20.5000 13.3279 1.4709 7.0651 7.1654 7.0104
1.31113.3_1.4_80 55797.40282653120084 g 14.4968 0.0150 20.5000 13.3279 1.4709 7.0651 7.1654 7.0104
1.31113.3_1.4_80 55448.30856046330155 g 14.5824 0.0149 20.5000 13.3279 1.4709 7.0651 7.1654 7.0104
1.31113.9_1.6_80 55802.35357263169863 g 14.2563 0.0151 20.5000 13.9195 1.6692 7.7386 7.8050 7.5956
1.31113.9_1.6_80 55802.36527634409867 g 14.2254 0.0151 20.5000 13.9195 1.6692 7.7386 7.8050 7.5956
1.31113.9_1.6_80 56518.44021431369765 g 14.9680 0.0149 20.5000 13.9195 1.6692 7.7386 7.8050 7.5956
1.31113.9_1.6_80 56518.42907507129712 g 14.9517 0.0149 20.5000 13.9195 1.6692 7.7386 7.8050 7.5956
1.31113.9_1.6_80 55797.40282653120084 g 15.7782 0.0151 20.5000 13.9195 1.6692 7.7386 7.8050 7.5956
1.31113.9_1.6_80 55448.30856046330155 g 15.8252 0.0151 20.5000 13.9195 1.6692 7.7386 7.8050 7.5956
1.32213.3_1.4_80 55797.40282653120084 g 14.5121 0.0150 21.0000 13.3279 1.4709 7.0477 7.1454 6.9893
1.32213.9_1.6_80 55802.35357263169863 g 14.2117 0.0151 21.0000 13.9195 1.6692 7.6749 7.7733 7.5836
1.32213.9_1.6_80 55802.36527634409867 g 14.1688 0.0151 21.0000 13.9195 1.6692 7.6749 7.7733 7.5836
1.32213.9_1.6_80 56518.44021431369765 g 14.5386 0.0150 21.0000 13.9195 1.6692 7.6749 7.7733 7.5836
1.32213.9_1.6_80 56518.42907507129712 g 14.5370 0.0150 21.0000 13.9195 1.6692 7.6749 7.7733 7.5836
1.32213.9_1.6_80 55797.40282653120084 g 15.7475 0.0150 21.0000 13.9195 1.6692 7.6749 7.7733 7.5836
1.32213.9_1.6_80 55448.30856046330155 g 14.6492 0.0149 21.0000 13.9195 1.6692 7.6749 7.7733 7.5836
1.33213.3_1.4_80 56518.44021431369765 g 13.8169 0.0152 21.5000 13.3279 1.4709 7.0025 7.1132 6.9404
1.33213.3_1.4_80 56518.42907507129712 g 13.8277 0.0152 21.5000 13.3279 1.4709 7.0025 7.1132 6.9404
1.33213.3_1.4_80 55797.40282653120084 g 14.5100 0.0150 21.5000 13.3279 1.4709 7.0025 7.1132 6.9404
1.33213.3_1.4_80 55448.30856046330155 g 14.4282 0.0150 21.5000 13.3279 1.4709 7.0025 7.1132 6.9404
1.33213.9_1.6_80 55802.35357263169863 g 14.2388 0.0151 21.5000 13.9195 1.6692 7.6682 7.7600 7.5698
1.33213.9_1.6_80 55802.36527634409867 g 14.2272 0.0151 21.5000 13.9195 1.6692 7.6682 7.7600 7.5698
1.33213.9_1.6_80 56518.44021431369765 g 15.0768 0.0148 21.5000 13.9195 1.6692 7.6682 7.7600 7.5698
1.33213.9_1.6_80 56518.42907507129712 g 15.0684 0.0148 21.5000 13.9195 1.6692 7.6682 7.7600 7.5698
1.33213.9_1.6_80 55797.40282653120084 g 15.6521 0.0150 21.5000 13.9195 1.6692 7.6682 7.7600 7.5698
1.33213.9_1.6_80 55448.30856046330155 g 15.6015 0.0149 21.5000 13.9195 1.6692 7.6682 7.7600 7.5698
1.34213.3_1.4_80 56518.44021431369765 g 14.3210 0.0150 22.0000 13.3279 1.4709 6.9656 7.0998 6.9054
1.34213.3_1.4_80 56518.42907507129712 g 14.3223 0.0150 22.0000 13.3279 1.4709 6.9656 7.0998 6.9054
1.34213.3_1.4_80 55797.40282653120084 g 14.3819 0.0150 22.0000 13.3279 1.4709 6.9656 7.0998 6.9054
1.34213.3_1.4_80 55448.30856046330155 g 13.9697 0.0152 22.0000 13.3279 1.4709 6.9656 7.0998 6.9054
1.34213.9_1.6_80 55802.35357263169863 g 14.4136 0.0150 22.0000 13.9195 1.6692 7.6176 7.7097 7.5522
1.34213.9_1.6_80 55802.36527634409867 g 14.4333 0.0150 22.0000 13.9195 1.6692 7.6176 7.7097 7.5522
1.34213.9_1.6_80 56518.44021431369765 g 15.4866 0.0149 22.0000 13.9195 1.6692 7.6176 7.7097 7.5522
1.34213.9_1.6_80 56518.42907507129712 g 15.5161 0.0149 22.0000 13.9195 1.6692 7.6176 7.7097 7.5522
1.34213.9_1.6_80 55797.40282653120084 g 15.5046 0.0149 22.0000 13.9195 1.6692 7.6176 7.7097 7.5522
1.34213.9_1.6_80 55448.30856046330155 g 15.2174 0.0148 22.0000 13.9195 1.6692 7.6176 7.7097 7.5522
1.35213.3_1.4_80 56518.44021431369765 g 14.2657 0.0151 22.5000 13.3279 1.4709 6.9318 7.0528 6.9018
1.35213.3_1.4_80 56518.42907507129712 g 14.2485 0.0151 22.5000 13.3279 1.4709 6.9318 7.0528 6.9018
1.35213.3_1.4_80 55797.40282653120084 g 14.3438 0.0150 22.5000 13.3279 1.4709 6.9318 7.0528 6.9018
1.35213.3_1.4_80 55448.30856046330155 g 13.7059 0.0152 22.5000 13.3279 1.4709 6.9318 7.0528 6.9018
1.35213.9_1.6_80 55802.35357263169863 g 14.1987 0.0151 22.5000 13.9195 1.6692 7.6051 7.6928 7.5066
1.35213.9_1.6_80 55802.36527634409867 g 14.2028 0.0151 22.5000 13.9195 1.6692 7.6051 7.6928 7.5066
1.35213.9_1.6_80 56518.44021431369765 g 15.5276 0.0149 22.5000 13.9195 1.6692 7.6051 7.6928 7.5066
1.35213.9_1.6_80 56518.42907507129712 g 15.5001 0.0149 22.5000 13.9195 1.6692 7.6051 7.6928 7.5066
1.35213.9_1.6_80 55797.40282653120084 g 15.5673 0.0149 22.5000 13.9195 1.6692 7.6051 7.6928 7.5066
1.35213.9_1.6_80 55448.30856046330155 g 14.9507 0.0149 22.5000 13.9195 1.6692 7.6051 7.6928 7.5066
1.36113.3_1.4_80 55797.40282653120084 g 14.3872 0.0150 23.0000 13.3279 1.4709 6.9071 7.0202 6.8458
1.36113.3_1.4_80 55448.30856046330155 g 14.5725 0.0150 23.0000 13.3279 1.4709 6.9071 7.0202 6.8458
1.36113.9_1.6_80 55802.35357263169863 g 14.3573 0.0150 23.0000 13.9195 1.6692 7.5749 7.6598 7.4930
1.36113.9_1.6_80 55802.36527634409867 g 14.3384 0.0150 23.0000 13.9195 1.6692 7.5749 7.6598 7.4930
1.36113.9_1.6_80 56518.44021431369765 g 14.6739 0.0149 23.0000 13.9195 1.6692 7.5749 7.6598 7.4930
1.36113.9_1.6_80 56518.42907507129712 g 14.6950 0.0149 23.0000 13.9195 1.6692 7.5749 7.6598 7.4930
1.36113.9_1.6_80 55797.40282653120084 g 15.4869 0.0149 23.0000 13.9195 1.6692 7.5749 7.6598 7.4930
1.36113.9_1.6_80 55448.30856046330155 g 15.6099 0.0149 23.0000 13.9195 1.6692 7.5749 7.6598 7.4930
1.37113.3_1.4_80 56518.44021431369765 g 14.1307 0.0151 23.5000 13.3279 1.4709 6.8733 6.9971 6.8237
1.37113.3_1.4_80 56518.42907507129712 g 14.1722 0.0151 23.5000 13.3279 1.4709 6.8733 6.9971 6.8237
1.37113.3_1.4_80 55797.40282653120084 g 14.2568 0.0151 23.5000 13.3279 1.4709 6.8733 6.9971 6.8237
1.37113.3_1.4_80 55448.30856046330155 g 13.5586 0.0153 23.5000 13.3279 1.4709 6.8733 6.9971 6.8237
1.37113.9_1.6_80 55802.35357263169863 g 14.0538 0.0151 23.5000 13.9195 1.6692 7.5363 7.6369 7.4629
1.37113.9_1.6_80 55802.36527634409867 g 14.0396 0.0152 23.5000 13.9195 1.6692 7.5363 7.6369 7.4629
1.37113.9_1.6_80 56518.44021431369765 g 15.4347 0.0149 23.5000 13.9195 1.6692 7.5363 7.6369 7.4629
1.37113.9_1.6_80 56518.42907507129712 g 15.4487 0.0149 23.5000 13.9195 1.6692 7.5363 7.6369 7.4629
1.37113.9_1.6_80 55797.40282653120084 g 15.5621 0.0149 23.5000 13.9195 1.6692 7.5363 7.6369 7.4629
1.37113.9_1.6_80 55448.30856046330155 g 14.7604 0.0149 23.5000 13.9195 1.6692 7.5363 7.6369 7.4629
1.38013.3_1.4_80 56518.44021431369765 g 14.2089 0.0151 24.0000 13.3279 1.4709 6.8512 6.9669 6.7989
1.38013.3_1.4_80 56518.42907507129712 g 14.2042 0.0151 24.0000 13.3279 1.4709 6.8512 6.9669 6.7989
1.38013.3_1.4_80 55797.40282653120084 g 14.2266 0.0151 24.0000 13.3279 1.4709 6.8512 6.9669 6.7989
1.38013.3_1.4_80 55448.30856046330155 g 13.5878 0.0153 24.0000 13.3279 1.4709 6.8512 6.9669 6.7989
1.38013.9_1.6_80 55802.35357263169863 g 14.2012 0.0151 24.0000 13.9195 1.6692 7.5237 7.6003 7.4094
1.38013.9_1.6_80 55802.36527634409867 g 14.2145 0.0151 24.0000 13.9195 1.6692 7.5237 7.6003 7.4094
1.38013.9_1.6_80 56518.44021431369765 g 15.4417 0.0149 24.0000 13.9195 1.6692 7.5237 7.6003 7.4094
1.38013.9_1.6_80 56518.42907507129712 g 15.4439 0.0149 24.0000 13.9195 1.6692 7.5237 7.6003 7.4094
1.38013.9_1.6_80 55797.40282653120084 g 15.4698 0.0149 24.0000 13.9195 1.6692 7.5237 7.6003 7.4094
1.38013.9_1.6_80 55448.30856046330155 g 14.8703 0.0149 24.0000 13.9195 1.6692 7.5237 7.6003 7.4094
1.38913.3_1.4_80 56518.42907507129712 g 13.5084 0.0153 24.5000 13.3279 1.4709 6.8170 6.9435 6.7586
1.38913.3_1.4_80 55797.40282653120084 g 14.2583 0.0151 24.5000 13.3279 1.4709 6.8170 6.9435 6.7586
1.38913.3_1.4_80 55448.30856046330155 g 14.3605 0.0150 24.5000 13.3279 1.4709 6.8170 6.9435 6.7586
1.38913.9_1.6_80 55802.35357263169863 g 13.7510 0.0152 24.5000 13.9195 1.6692 7.4924 7.5728 7.3997
1.38913.9_1.6_80 55802.36527634409867 g 13.7518 0.0152 24.5000 13.9195 1.6692 7.4924 7.5728 7.3997
1.38913.9_1.6_80 56518.44021431369765 g 14.6809 0.0149 24.5000 13.9195 1.6692 7.4924 7.5728 7.3997
1.38913.9_1.6_80 56518.42907507129712 g 14.6833 0.0149 24.5000 13.9195 1.6692 7.4924 7.5728 7.3997
1.38913.9_1.6_80 55797.40282653120084 g 15.6272 0.0150 24.5000 13.9195 1.6692 7.4924 7.5728 7.3997
1.38913.9_1.6_80 55448.30856046330155 g 15.6919 0.0150 24.5000 13.9195 1.6692 7.4924 7.5728 7.3997
1.39713.3_1.4_80 56518.44021431369765 g 14.3598 0.0150 25.0000 13.3279 1.4709 6.8032 6.9269 6.7519
1.39713.3_1.4_80 56518.42907507129712 g 14.3421 0.0150 25.0000 13.3279 1.4709 6.8032 6.9269 6.7519
1.39713.3_1.4_80 55797.40282653120084 g 14.1650 0.0151 25.0000 13.3279 1.4709 6.8032 6.9269 6.7519
1.39713.3_1.4_80 55448.30856046330155 g 14.1323 0.0151 25.0000 13.3279 1.4709 6.8032 6.9269 6.7519
1.39713.9_1.6_80 55802.35357263169863 g 14.1109 0.0151 25.0000 13.9195 1.6692 7.4799 7.5325 7.3835
1.39713.9_1.6_80 55802.36527634409867 g 14.0925 0.0151 25.0000 13.9195 1.6692 7.4799 7.5325 7.3835
1.39713.9_1.6_80 56518.44021431369765 g 15.6595 0.0150 25.0000 13.9195 1.6692 7.4799 7.5325 7.3835
1.39713.9_1.6_80 56518.42907507129712 g 15.6609 0.0150 25.0000 13.9195 1.6692 7.4799 7.5325 7.3835
1.39713.9_1.6_80 55797.40282653120084 g 15.4416 0.0149 25.0000 13.9195 1.6692 7.4799 7.5325 7.3835
1.39713.9_1.6_80 55448.30856046330155 g 15.4513 0.0149 25.0000 13.9195 1.6692 7.4799 7.5325 7.3835
1.40613.3_1.4_80 55797.40282653120084 g 14.1386 0.0151 25.5000 13.3279 1.4709 6.7774 6.9039 6.7056
1.40613.9_1.6_80 55802.35357263169863 g 14.1653 0.0151 25.5000 13.9195 1.6692 7.4286 7.5098 7.3368
1.40613.9_1.6_80 55802.36527634409867 g 14.1710 0.0151 25.5000 13.9195 1.6692 7.4286 7.5098 7.3368
1.40613.9_1.6_80 56518.44021431369765 g 14.4321 0.0150 25.5000 13.9195 1.6692 7.4286 7.5098 7.3368
1.40613.9_1.6_80 56518.42907507129712 g 14.4026 0.0150 25.5000 13.9195 1.6692 7.4286 7.5098 7.3368
1.40613.9_1.6_80 55797.40282653120084 g 15.3891 0.0149 25.5000 13.9195 1.6692 7.4286 7.5098 7.3368
1.40613.9_1.6_80 55448.30856046330155 g 14.4868 0.0150 25.5000 13.9195 1.6692 7.4286 7.5098 7.3368
1.41413.3_1.4_80 56518.44021431369765 g 14.1032 0.0151 26.0000 13.3279 1.4709 6.7538 6.8608 6.7003
1.41413.3_1.4_80 56518.42907507129712 g 14.1083 0.0151 26.0000 13.3279 1.4709 6.7538 6.8608 6.7003
1.41413.3_1.4_80 55797.40282653120084 g 14.0800 0.0151 26.0000 13.3279 1.4709 6.7538 6.8608 6.7003
1.41413.3_1.4_80 55448.30856046330155 g 13.8411 0.0152 26.0000 13.3279 1.4709 6.7538 6.8608 6.7003
1.41413.9_1.6_80 55802.35357263169863 g 14.0100 0.0152 26.0000 13.9195 1.6692 7.4038 7.4977 7.3158
1.41413.9_1.6_80 55802.36527634409867 g 14.0091 0.0152 26.0000 13.9195 1.6692 7.4038 7.4977 7.3158
1.41413.9_1.6_80 56518.44021431369765 g 15.4804 0.0149 26.0000 13.9195 1.6692 7.4038 7.4977 7.3158
1.41413.9_1.6_80 56518.42907507129712 g 15.4946 0.0149 26.0000 13.9195 1.6692 7.4038 7.4977 7.3158
1.41413.9_1.6_80 55797.40282653120084 g 15.4093 0.0149 26.0000 13.9195 1.6692 7.4038 7.4977 7.3158
1.41413.9_1.6_80 55448.30856046330155 g 15.1102 0.0148 26.0000 13.9195 1.6692 7.4038 7.4977 7.3158
1.42313.3_1.4_80 55797.40282653120084 g 14.1599 0.0151 26.5000 13.3279 1.4709 6.7127 6.8463 6.6491
1.42313.3_1.4_80 55448.30856046330155 g 14.4111 0.0150 26.5000 13.3279 1.4709 6.7127 6.8463 6.6491
1.42313.9_1.6_80 55802.35357263169863 g 14.0465 0.0152 26.5000 13.9195 1.6692 7.3946 7.4618 7.2796
1.42313.9_1.6_80 55802.36527634409867 g 14.0047 0.0152 26.5000 13.9195 1.6692 7.3946 7.4618 7.2796
1.42313.9_1.6_80 56518.44021431369765 g 14.0639 0.0151 26.5000 13.9195 1.6692 7.3946 7.4618 7.2796
1.42313.9_1.6_80 56518.42907507129712 g 14.1051 0.0151 26.5000 13.9195 1.6692 7.3946 7.4618 7.2796
1.42313.9_1.6_80 55797.40282653120084 g 15.3762 0.0149 26.5000 13.9195 1.6692 7.3946 7.4618 7.2796
1.42313.9_1.6_80 55448.30856046330155 g 15.6542 0.0150 26.5000 13.9195 1.6692 7.3946 7.4618 7.2796
1.43113.3_1.4_80 56518.44021431369765 g 14.1062 0.0151 27.0000 13.3279 1.4709 6.7054 6.8170 6.6362
1.43113.3_1.4_80 56518.42907507129712 g 14.1194 0.0151 27.0000 13.3279 1.4709 6.7054 6.8170 6.6362
1.43113.3_1.4_80 55797.40282653120084 g 14.0876 0.0151 27.0000 13.3279 1.4709 6.7054 6.8170 6.6362
1.43113.3_1.4_80 55448.30856046330155 g 14.0279 0.0152 27.0000 13.3279 1.4709 6.7054 6.8170 6.6362
1.43113.9_1.6_80 55802.35357263169863 g 14.2848 0.0151 27.0000 13.9195 1.6692 7.3653 7.4552 7.2604
1.43113.9_1.6_80 55802.36527634409867 g 14.2861 0.0151 27.0000 13.9195 1.6692 7.3653 7.4552 7.2604
1.43113.9_1.6_80 56518.44021431369765 g 15.2898 0.0149 27.0000 13.9195 1.6692 7.3653 7.4552 7.2604
1.43113.9_1.6_80 56518.42907507129712 g 15.3090 0.0149 27.0000 13.9195 1.6692 7.3653 7.4552 7.2604
1.43113.9_1.6_80 55797.40282653120084 g 15.2539 0.0148 27.0000 13.9195 1.6692 7.3653 7.4552 7.2604
1.43113.9_1.6_80 55448.30856046330155 g 15.2202 0.0148 27.0000 13.9195 1.6692 7.3653 7.4552 7.2604
1.43913.3_1.4_80 55797.40282653120084 g 14.1474 0.0151 27.5000 13.3279 1.4709 6.6595 6.8015 6.6088
1.43913.9_1.6_80 55802.35357263169863 g 14.2727 0.0151 27.5000 13.9195 1.6692 7.3295 7.4109 7.2348
1.43913.9_1.6_80 55802.36527634409867 g 14.2786 0.0151 27.5000 13.9195 1.6692 7.3295 7.4109 7.2348
1.43913.9_1.6_80 56518.44021431369765 g 14.3623 0.0150 27.5000 13.9195 1.6692 7.3295 7.4109 7.2348
1.43913.9_1.6_80 56518.42907507129712 g 14.3540 0.0150 27.5000 13.9195 1.6692 7.3295 7.4109 7.2348
1.43913.9_1.6_80 55797.40282653120084 g 15.2578 0.0148 27.5000 13.9195 1.6692 7.3295 7.4109 7.2348
1.43913.9_1.6_80 55448.30856046330155 g 14.5798 0.0150 27.5000 13.9195 1.6692 7.3295 7.4109 7.2348
1.44713.3_1.4_80 56518.44021431369765 g 14.0629 0.0151 28.0000 13.3279 1.4709 6.6505 6.7673 6.5966
1.44713.3_1.4_80 56518.42907507129712 g 14.0782 0.0151 28.0000 13.3279 1.4709 6.6505 6.7673 6.5966
1.44713.3_1.4_80 55797.40282653120084 g 13.9527 0.0152 28.0000 13.3279 1.4709 6.6505 6.7673 6.5966
1.44713.3_1.4_80 55448.30856046330155 g 13.7316 0.0152 28.0000 13.3279 1.4709 6.6505 6.7673 6.5966
1.44713.9_1.6_80 55802.35357263169863 g 13.9031 0.0152 28.0000 13.9195 1.6692 7.3085 7.4053 7.2113
1.44713.9_1.6_80 55802.36527634409867 g 13.9220 0.0152 28.0000 13.9195 1.6692 7.3085 7.4053 7.2113
1.44713.9_1.6_80 56518.44021431369765 g 15.5403 0.0149 28.0000 13.9195 1.6692 7.3085 7.4053 7.2113
1.44713.9_1.6_80 56518.42907507129712 g 15.5475 0.0149 28.0000 13.9195 1.6692 7.3085 7.4053 7.2113
1.44713.9_1.6_80 55797.40282653120084 g 15.3805 0.0149 28.0000 13.9195 1.6692 7.3085 7.4053 7.2113
1.44713.9_1.6_80 55448.30856046330155 g 14.9757 0.0149 28.0000 13.9195 1.6692 7.3085 7.4053 7.2113
1.45413.3_1.4_80 55797.40282653120084 g 13.9066 0.0152 28.5000 13.3279 1.4709 6.6239 6.7389 6.5719
1.45413.3_1.4_80 55448.30856046330155 g 14.0226 0.0152 28.5000 13.3279 1.4709 6.6239 6.7389 6.5719
1.45413.9_1.6_80 55802.35357263169863 g 14.0808 0.0151 28.5000 13.9195 1.6692 7.2787 7.3769 7.1899
1.45413.9_1.6_80 55802.36527634409867 g 14.1085 0.0151 28.5000 13.9195 1.6692 7.2787 7.3769 7.1899
1.45413.9_1.6_80 56518.44021431369765 g 14.4506 0.0150 28.5000 13.9195 1.6692 7.2787 7.3769 7.1899
1.45413.9_1.6_80 56518.42907507129712 g 14.4380 0.0150 28.5000 13.9195 1.6692 7.2787 7.3769 7.1899
1.45413.9_1.6_80 55797.40282653120084 g 15.2824 0.0148 28.5000 13.9195 1.6692 7.2787 7.3769 7.1899
1.45413.9_1.6_80 55448.30856046330155 g 15.3990 0.0149 28.5000 13.9195 1.6692 7.2787 7.3769 7.1899
1.46213.3_1.4_80 56518.44021431369765 g 14.0442 0.0152 29.0000 13.3279 1.4709 6.6103 6.7193 6.5523
1.46213.3_1.4_80 56518.42907507129712 g 14.0475 0.0152 29.0000 13.3279 1.4709 6.6103 6.7193 6.5523
1.46213.3_1.4_80 55797.40282653120084 g 13.9325 0.0152 29.0000 13.3279 1.4709 6.6103 6.7193 6.5523
1.46213.3_1.4_80 55448.30856046330155 g 13.9109 0.0152 29.0000 13.3279 1.4709 6.6103 6.7193 6.5523
1.46213.9_1.6_80 55802.35357263169863 g 13.8512 0.0152 29.0000 13.9195 1.6692 7.2820 7.3440 7.1740
1.46213.9_1.6_80 55802.36527634409867 g 13.8220 0.0152 29.0000 13.9195 1.6692 7.2820 7.3440 7.1740
1.46213.9_1.6_80 56518.44021431369765 g 15.6274 0.0150 29.0000 13.9195 1.6692 7.2820 7.3440 7.1740
1.46213.9_1.6_80 56518.42907507129712 g 15.6312 0.0150 29.0000 13.9195 1.6692 7.2820 7.3440 7.1740
1.46213.9_1.6_80 55797.40282653120084 g 15.3780 0.0149 29.0000 13.9195 1.6692 7.2820 7.3440 7.1740
1.46213.9_1.6_80 55448.30856046330155 g 15.4236 0.0149 29.0000 13.9195 1.6692 7.2820 7.3440 7.1740
1.46913.3_1.4_80 56518.44021431369765 g 13.5594 0.0153 29.5000 13.3279 1.4709 6.5814 6.7079 6.5296
1.46913.3_1.4_80 56518.42907507129712 g 13.5321 0.0153 29.5000 13.3279 1.4709 6.5814 6.7079 6.5296
1.46913.3_1.4_80 55797.40282653120084 g 14.0218 0.0152 29.5000 13.3279 1.4709 6.5814 6.7079 6.5296
1.46913.9_1.6_80 55802.35357263169863 g 13.7034 0.0152 29.5000 13.9195 1.6692 7.2429 7.3232 7.1494
1.46913.9_1.6_80 55802.36527634409867 g 13.6659 0.0152 29.5000 13.9195 1.6692 7.2429 7.3232 7.1494
1.46913.9_1.6_80 56518.44021431369765 g 14.6465 0.0149 29.5000 13.9195 1.6692 7.2429 7.3232 7.1494
1.46913.9_1.6_80 56518.42907507129712 g 14.6762 0.0149 29.5000 13.9195 1.6692 7.2429 7.3232 7.1494
1.46913.9_1.6_80 55797.40282653120084 g 15.4010 0.0149 29.5000 13.9195 1.6692 7.2429 7.3232 7.1494
1.46913.9_1.6_80 55448.30856046330155 g 13.6958 0.0152 29.5000 13.9195 1.6692 7.2429 7.3232 7.1494
1.47713.3_1.4_80 56518.44021431369765 g 13.9465 0.0152 30.0000 13.3279 1.4709 6.5428 6.6799 6.4894
1.47713.3_1.4_80 56518.42907507129712 g 13.9548 0.0152 30.0000 13.3279 1.4709 6.5428 6.6799 6.4894
1.47713.3_1.4_80 55797.40282653120084 g 13.9513 0.0152 30.0000 13.3279 1.4709 6.5428 6.6799 6.4894
1.47713.9_1.6_80 55802.35357263169863 g 14.0609 0.0151 30.0000 13.9195 1.6692 7.2095 7.3107 7.1094
1.47713.9_1.6_80 55802.36527634409867 g 14.0397 0.0152 30.0000 13.9195 1.6692 7.2095 7.3107 7.1094
1.47713.9_1.6_80 56518.44021431369765 g 15.2413 0.0148 30.0000 13.9195 1.6692 7.2095 7.3107 7.1094
1.47713.9_1.6_80 56518.42907507129712 g 15.2368 0.0148 30.0000 13.9195 1.6692 7.2095 7.3107 7.1094
1.47713.9_1.6_80 55797.40282653120084 g 15.2290 0.0148 30.0000 13.9195 1.6692 7.2095 7.3107 7.1094
1.47713.9_1.6_80 55448.30856046330155 g 14.6522 0.0149 30.0000 13.9195 1.6692 7.2095 7.3107 7.1094
