# Name Epoch Band Mag eMag period DM E(B-V) KMEAN  W1MEAN W2MEAN
0.47714.9_0.43_5 55763.34704575160140 g 13.7818 0.0152 3.0000 14.9000 0.4394 10.7829 11.0230 10.9552
0.47714.9_0.43_5 55763.33571190590010 g 13.7810 0.0152 3.0000 14.9000 0.4394 10.7829 11.0230 10.9552
0.47714.9_0.43_5 56477.51630244080297 g 13.8635 0.0152 3.0000 14.9000 0.4394 10.7829 11.0230 10.9552
0.47714.9_0.43_5 56477.52714108340297 g 13.8760 0.0152 3.0000 14.9000 0.4394 10.7829 11.0230 10.9552
0.47714.9_0.43_5 55004.61042004409683 g 13.8901 0.0152 3.0000 14.9000 0.4394 10.7829 11.0230 10.9552
0.47714.9_0.43_5 55004.59947979640128 g 13.8914 0.0152 3.0000 14.9000 0.4394 10.7829 11.0230 10.9552
0.47714.9_0.43_5 55395.55705485780345 g 14.0976 0.0151 3.0000 14.9000 0.4394 10.7829 11.0230 10.9552
0.47714.9_0.43_5 55766.34150057430088 g 13.7726 0.0152 3.0000 14.9000 0.4394 10.7829 11.0230 10.9552
0.47714.9_0.43_5 55766.35272745510156 g 13.7977 0.0152 3.0000 14.9000 0.4394 10.7829 11.0230 10.9552
0.47714.9_0.43_5 55395.56989026119845 g 14.0820 0.0151 3.0000 14.9000 0.4394 10.7829 11.0230 10.9552
0.47715.2_0.43_5 55763.34704575160140 g 14.1664 0.0151 3.0000 15.2959 0.4394 11.2162 11.4354 11.3791
0.47715.2_0.43_5 55763.33571190590010 g 14.1747 0.0151 3.0000 15.2959 0.4394 11.2162 11.4354 11.3791
0.47715.2_0.43_5 56149.29559169529966 g 13.5006 0.0153 3.0000 15.2959 0.4394 11.2162 11.4354 11.3791
0.47715.2_0.43_5 56477.51630244080297 g 14.2820 0.0151 3.0000 15.2959 0.4394 11.2162 11.4354 11.3791
0.47715.2_0.43_5 56477.52714108340297 g 14.2533 0.0151 3.0000 15.2959 0.4394 11.2162 11.4354 11.3791
0.47715.2_0.43_5 55004.61042004409683 g 14.2830 0.0151 3.0000 15.2959 0.4394 11.2162 11.4354 11.3791
0.47715.2_0.43_5 55004.59947979640128 g 14.3145 0.0150 3.0000 15.2959 0.4394 11.2162 11.4354 11.3791
0.47715.2_0.43_5 55395.55705485780345 g 14.5207 0.0150 3.0000 15.2959 0.4394 11.2162 11.4354 11.3791
0.47715.2_0.43_5 55766.34150057430088 g 14.1684 0.0151 3.0000 15.2959 0.4394 11.2162 11.4354 11.3791
0.47715.2_0.43_5 55766.35272745510156 g 14.1841 0.0151 3.0000 15.2959 0.4394 11.2162 11.4354 11.3791
0.47715.2_0.43_5 55395.56989026119845 g 14.5408 0.0150 3.0000 15.2959 0.4394 11.2162 11.4354 11.3791
0.47715.2_0.43_5 56151.27789486679831 r 13.5956 0.0012 3.0000 15.2959 0.4394 11.2162 11.4354 11.3791
0.47715.2_0.43_5 56151.28821925070224 r 13.5971 0.0012 3.0000 15.2959 0.4394 11.2162 11.4354 11.3791
0.47715.2_0.43_5 55416.43513051130140 r 13.6161 0.0012 3.0000 15.2959 0.4394 11.2162 11.4354 11.3791
0.47715.2_0.43_5 55416.42419941040134 r 13.6141 0.0012 3.0000 15.2959 0.4394 11.2162 11.4354 11.3791
0.47715.2_0.43_5 55377.56765996370086 i 13.5306 0.0154 3.0000 15.2959 0.4394 11.2162 11.4354 11.3791
0.47716.3_0.43_5 55763.34704575160140 g 15.2011 0.0148 3.0000 16.3194 0.4394 12.2301 12.4614 12.3922
0.47716.3_0.43_5 55763.33571190590010 g 15.1971 0.0148 3.0000 16.3194 0.4394 12.2301 12.4614 12.3922
0.47716.3_0.43_5 56149.28472496019822 g 14.4998 0.0150 3.0000 16.3194 0.4394 12.2301 12.4614 12.3922
0.47716.3_0.43_5 56149.29559169529966 g 14.5087 0.0150 3.0000 16.3194 0.4394 12.2301 12.4614 12.3922
0.47716.3_0.43_5 56477.51630244080297 g 15.2745 0.0148 3.0000 16.3194 0.4394 12.2301 12.4614 12.3922
0.47716.3_0.43_5 56477.52714108340297 g 15.3000 0.0149 3.0000 16.3194 0.4394 12.2301 12.4614 12.3922
0.47716.3_0.43_5 55004.61042004409683 g 15.3269 0.0149 3.0000 16.3194 0.4394 12.2301 12.4614 12.3922
0.47716.3_0.43_5 55004.59947979640128 g 15.3565 0.0149 3.0000 16.3194 0.4394 12.2301 12.4614 12.3922
0.47716.3_0.43_5 55417.30870219309872 g 14.4842 0.0150 3.0000 16.3194 0.4394 12.2301 12.4614 12.3922
0.47716.3_0.43_5 55417.29754138350108 g 14.4918 0.0150 3.0000 16.3194 0.4394 12.2301 12.4614 12.3922
0.47716.3_0.43_5 55395.55705485780345 g 15.5291 0.0149 3.0000 16.3194 0.4394 12.2301 12.4614 12.3922
0.47716.3_0.43_5 55766.34150057430088 g 15.2078 0.0148 3.0000 16.3194 0.4394 12.2301 12.4614 12.3922
0.47716.3_0.43_5 55766.35272745510156 g 15.2143 0.0148 3.0000 16.3194 0.4394 12.2301 12.4614 12.3922
0.47716.3_0.43_5 55395.56989026119845 g 15.5069 0.0149 3.0000 16.3194 0.4394 12.2301 12.4614 12.3922
0.47716.3_0.43_5 56471.52585160310264 r 14.4230 0.0017 3.0000 16.3194 0.4394 12.2301 12.4614 12.3922
0.47716.3_0.43_5 55783.39909934809839 r 13.9390 0.0014 3.0000 16.3194 0.4394 12.2301 12.4614 12.3922
0.47716.3_0.43_5 55783.40968449140200 r 13.9394 0.0014 3.0000 16.3194 0.4394 12.2301 12.4614 12.3922
0.47716.3_0.43_5 56151.27789486679831 r 14.6106 0.0018 3.0000 16.3194 0.4394 12.2301 12.4614 12.3922
0.47716.3_0.43_5 56151.28821925070224 r 14.6117 0.0018 3.0000 16.3194 0.4394 12.2301 12.4614 12.3922
0.47716.3_0.43_5 55760.32514359430206 r 14.3505 0.0016 3.0000 16.3194 0.4394 12.2301 12.4614 12.3922
0.47716.3_0.43_5 55760.33595207629696 r 14.3507 0.0016 3.0000 16.3194 0.4394 12.2301 12.4614 12.3922
0.47716.3_0.43_5 55013.55675929180143 r 14.4323 0.0017 3.0000 16.3194 0.4394 12.2301 12.4614 12.3922
0.47716.3_0.43_5 55416.43513051130140 r 14.6276 0.0019 3.0000 16.3194 0.4394 12.2301 12.4614 12.3922
0.47716.3_0.43_5 55416.42419941040134 r 14.6281 0.0019 3.0000 16.3194 0.4394 12.2301 12.4614 12.3922
0.47716.3_0.43_5 55378.55514698850311 r 14.0067 0.0014 3.0000 16.3194 0.4394 12.2301 12.4614 12.3922
0.47716.3_0.43_5 56471.53591818320274 r 14.4245 0.0017 3.0000 16.3194 0.4394 12.2301 12.4614 12.3922
0.47716.3_0.43_5 55013.56666529920039 r 14.4367 0.0017 3.0000 16.3194 0.4394 12.2301 12.4614 12.3922
0.47716.3_0.43_5 56471.54737181819655 i 14.3797 0.0147 3.0000 16.3194 0.4394 12.2301 12.4614 12.3922
0.47716.3_0.43_5 56471.55863260340266 i 14.4017 0.0147 3.0000 16.3194 0.4394 12.2301 12.4614 12.3922
0.47716.3_0.43_5 55377.56765996370086 i 14.5024 0.0146 3.0000 16.3194 0.4394 12.2301 12.4614 12.3922
0.47716.3_0.43_5 55377.55518471499818 i 14.4911 0.0146 3.0000 16.3194 0.4394 12.2301 12.4614 12.3922
0.47716.3_0.43_5 55018.37308162979753 i 14.1194 0.0149 3.0000 16.3194 0.4394 12.2301 12.4614 12.3922
0.47716.3_0.43_5 55760.36043183750007 i 14.2733 0.0148 3.0000 16.3194 0.4394 12.2301 12.4614 12.3922
0.47716.3_0.43_5 55760.48133881670219 i 14.3670 0.0147 3.0000 16.3194 0.4394 12.2301 12.4614 12.3922
0.47716.3_0.43_5 55760.34848205869639 i 14.2807 0.0148 3.0000 16.3194 0.4394 12.2301 12.4614 12.3922
0.47716.3_0.43_5 55760.46987171610090 i 14.3852 0.0147 3.0000 16.3194 0.4394 12.2301 12.4614 12.3922
0.47716.3_0.43_5 56581.26394135980081 i 14.0951 0.0149 3.0000 16.3194 0.4394 12.2301 12.4614 12.3922
0.47716.3_0.43_5 56581.25197601270338 i 14.1156 0.0149 3.0000 16.3194 0.4394 12.2301 12.4614 12.3922
0.47716.3_0.43_5 56138.49375373219664 i 14.3420 0.0147 3.0000 16.3194 0.4394 12.2301 12.4614 12.3922
0.47716.3_0.43_5 56138.50529612420360 i 14.3011 0.0148 3.0000 16.3194 0.4394 12.2301 12.4614 12.3922
0.47716.3_0.43_5 56031.62528549419949 z 13.9796 0.0146 3.0000 16.3194 0.4394 12.2301 12.4614 12.3922
0.47716.3_0.43_5 55463.29951993229770 z 13.7319 0.0147 3.0000 16.3194 0.4394 12.2301 12.4614 12.3922
0.47716.3_0.43_5 55463.31219966439676 z 13.7656 0.0146 3.0000 16.3194 0.4394 12.2301 12.4614 12.3922
0.47716.3_0.43_5 56237.20678851850244 z 13.6922 0.0147 3.0000 16.3194 0.4394 12.2301 12.4614 12.3922
0.47716.3_0.43_5 56237.20093574649945 z 13.7188 0.0147 3.0000 16.3194 0.4394 12.2301 12.4614 12.3922
0.47716.3_0.43_5 55843.26683017690084 z 13.6636 0.0147 3.0000 16.3194 0.4394 12.2301 12.4614 12.3922
0.47716.3_0.43_5 55843.27857396379841 z 13.6884 0.0147 3.0000 16.3194 0.4394 12.2301 12.4614 12.3922
0.47716.3_0.43_5 56031.61856806049764 z 13.9832 0.0146 3.0000 16.3194 0.4394 12.2301 12.4614 12.3922
0.47716.3_0.43_5 56554.30111823650077 y 13.6441 0.0149 3.0000 16.3194 0.4394 12.2301 12.4614 12.3922
0.47716.3_0.43_5 56033.62993524590274 y 13.6362 0.0148 3.0000 16.3194 0.4394 12.2301 12.4614 12.3922
0.47716.3_0.43_5 55728.45436783319747 y 13.7659 0.0149 3.0000 16.3194 0.4394 12.2301 12.4614 12.3922
0.47716.3_0.43_5 55812.23041575439856 y 13.7429 0.0149 3.0000 16.3194 0.4394 12.2301 12.4614 12.3922
0.47716.3_0.43_5 55812.25573485149653 y 13.7405 0.0149 3.0000 16.3194 0.4394 12.2301 12.4614 12.3922
0.47716.3_0.43_5 55812.25518210940209 y 13.7505 0.0149 3.0000 16.3194 0.4394 12.2301 12.4614 12.3922
0.47716.3_0.43_5 55462.32450268560206 y 13.6415 0.0149 3.0000 16.3194 0.4394 12.2301 12.4614 12.3922
0.47716.3_0.43_5 56238.19041559279867 y 13.7220 0.0149 3.0000 16.3194 0.4394 12.2301 12.4614 12.3922
0.47716.3_0.43_5 56238.19628833320166 y 13.7297 0.0149 3.0000 16.3194 0.4394 12.2301 12.4614 12.3922
0.54414.9_0.43_5 55763.34704575160140 g 13.9133 0.0152 3.5000 14.9000 0.4394 10.5893 10.8350 10.7584
0.54414.9_0.43_5 55763.33571190590010 g 13.9015 0.0152 3.5000 14.9000 0.4394 10.5893 10.8350 10.7584
0.54414.9_0.43_5 56477.51630244080297 g 13.8666 0.0152 3.5000 14.9000 0.4394 10.5893 10.8350 10.7584
0.54414.9_0.43_5 56477.52714108340297 g 13.8757 0.0152 3.5000 14.9000 0.4394 10.5893 10.8350 10.7584
0.54414.9_0.43_5 55417.30870219309872 g 13.5991 0.0153 3.5000 14.9000 0.4394 10.5893 10.8350 10.7584
0.54414.9_0.43_5 55417.29754138350108 g 13.5967 0.0153 3.5000 14.9000 0.4394 10.5893 10.8350 10.7584
0.54414.9_0.43_5 55395.55705485780345 g 13.8933 0.0152 3.5000 14.9000 0.4394 10.5893 10.8350 10.7584
0.54414.9_0.43_5 55766.34150057430088 g 13.8598 0.0152 3.5000 14.9000 0.4394 10.5893 10.8350 10.7584
0.54414.9_0.43_5 55766.35272745510156 g 13.8594 0.0152 3.5000 14.9000 0.4394 10.5893 10.8350 10.7584
0.54414.9_0.43_5 55395.56989026119845 g 13.8861 0.0152 3.5000 14.9000 0.4394 10.5893 10.8350 10.7584
0.54415.2_0.43_5 55763.34704575160140 g 14.3637 0.0150 3.5000 15.2959 0.4394 10.9847 11.2374 11.1600
0.54415.2_0.43_5 55763.33571190590010 g 14.3565 0.0150 3.5000 15.2959 0.4394 10.9847 11.2374 11.1600
0.54415.2_0.43_5 56477.51630244080297 g 14.3302 0.0150 3.5000 15.2959 0.4394 10.9847 11.2374 11.1600
0.54415.2_0.43_5 56477.52714108340297 g 14.2795 0.0151 3.5000 15.2959 0.4394 10.9847 11.2374 11.1600
0.54415.2_0.43_5 55004.61042004409683 g 13.5144 0.0153 3.5000 15.2959 0.4394 10.9847 11.2374 11.1600
0.54415.2_0.43_5 55004.59947979640128 g 13.5144 0.0153 3.5000 15.2959 0.4394 10.9847 11.2374 11.1600
0.54415.2_0.43_5 55417.30870219309872 g 13.9741 0.0152 3.5000 15.2959 0.4394 10.9847 11.2374 11.1600
0.54415.2_0.43_5 55417.29754138350108 g 13.9875 0.0152 3.5000 15.2959 0.4394 10.9847 11.2374 11.1600
0.54415.2_0.43_5 55395.55705485780345 g 14.3813 0.0150 3.5000 15.2959 0.4394 10.9847 11.2374 11.1600
0.54415.2_0.43_5 55766.34150057430088 g 14.2996 0.0151 3.5000 15.2959 0.4394 10.9847 11.2374 11.1600
0.54415.2_0.43_5 55766.35272745510156 g 14.3004 0.0151 3.5000 15.2959 0.4394 10.9847 11.2374 11.1600
0.54415.2_0.43_5 55395.56989026119845 g 14.3505 0.0150 3.5000 15.2959 0.4394 10.9847 11.2374 11.1600
0.54416.3_0.43_5 55763.34704575160140 g 15.4298 0.0149 3.5000 16.3194 0.4394 12.0189 12.2583 12.2088
0.54416.3_0.43_5 55763.33571190590010 g 15.4532 0.0149 3.5000 16.3194 0.4394 12.0189 12.2583 12.2088
0.54416.3_0.43_5 56149.28472496019822 g 14.3566 0.0150 3.5000 16.3194 0.4394 12.0189 12.2583 12.2088
0.54416.3_0.43_5 56149.29559169529966 g 14.3538 0.0150 3.5000 16.3194 0.4394 12.0189 12.2583 12.2088
0.54416.3_0.43_5 56477.51630244080297 g 15.3863 0.0149 3.5000 16.3194 0.4394 12.0189 12.2583 12.2088
0.54416.3_0.43_5 56477.52714108340297 g 15.3783 0.0149 3.5000 16.3194 0.4394 12.0189 12.2583 12.2088
0.54416.3_0.43_5 55004.61042004409683 g 14.4730 0.0150 3.5000 16.3194 0.4394 12.0189 12.2583 12.2088
0.54416.3_0.43_5 55004.59947979640128 g 14.4793 0.0150 3.5000 16.3194 0.4394 12.0189 12.2583 12.2088
0.54416.3_0.43_5 55417.30870219309872 g 15.0206 0.0148 3.5000 16.3194 0.4394 12.0189 12.2583 12.2088
0.54416.3_0.43_5 55417.29754138350108 g 15.0135 0.0148 3.5000 16.3194 0.4394 12.0189 12.2583 12.2088
0.54416.3_0.43_5 55395.55705485780345 g 15.4319 0.0149 3.5000 16.3194 0.4394 12.0189 12.2583 12.2088
0.54416.3_0.43_5 55766.34150057430088 g 15.3786 0.0149 3.5000 16.3194 0.4394 12.0189 12.2583 12.2088
0.54416.3_0.43_5 55766.35272745510156 g 15.3547 0.0149 3.5000 16.3194 0.4394 12.0189 12.2583 12.2088
0.54416.3_0.43_5 55395.56989026119845 g 15.4230 0.0149 3.5000 16.3194 0.4394 12.0189 12.2583 12.2088
0.54416.3_0.43_5 56471.52585160310264 r 13.8003 0.0013 3.5000 16.3194 0.4394 12.0189 12.2583 12.2088
0.54416.3_0.43_5 55783.39909934809839 r 14.3228 0.0016 3.5000 16.3194 0.4394 12.0189 12.2583 12.2088
0.54416.3_0.43_5 55783.40968449140200 r 14.3228 0.0016 3.5000 16.3194 0.4394 12.0189 12.2583 12.2088
0.54416.3_0.43_5 56151.27789486679831 r 14.4116 0.0017 3.5000 16.3194 0.4394 12.0189 12.2583 12.2088
0.54416.3_0.43_5 56151.28821925070224 r 14.4141 0.0017 3.5000 16.3194 0.4394 12.0189 12.2583 12.2088
0.54416.3_0.43_5 55760.32514359430206 r 14.2078 0.0015 3.5000 16.3194 0.4394 12.0189 12.2583 12.2088
0.54416.3_0.43_5 55760.33595207629696 r 14.1913 0.0015 3.5000 16.3194 0.4394 12.0189 12.2583 12.2088
0.54416.3_0.43_5 55013.55675929180143 r 14.3603 0.0016 3.5000 16.3194 0.4394 12.0189 12.2583 12.2088
0.54416.3_0.43_5 55416.43513051130140 r 14.4465 0.0017 3.5000 16.3194 0.4394 12.0189 12.2583 12.2088
0.54416.3_0.43_5 55416.42419941040134 r 14.4421 0.0017 3.5000 16.3194 0.4394 12.0189 12.2583 12.2088
0.54416.3_0.43_5 55378.55514698850311 r 14.4502 0.0017 3.5000 16.3194 0.4394 12.0189 12.2583 12.2088
0.54416.3_0.43_5 56471.53591818320274 r 13.8068 0.0013 3.5000 16.3194 0.4394 12.0189 12.2583 12.2088
0.54416.3_0.43_5 55013.56666529920039 r 14.3654 0.0016 3.5000 16.3194 0.4394 12.0189 12.2583 12.2088
0.54416.3_0.43_5 56471.54737181819655 i 13.9691 0.0150 3.5000 16.3194 0.4394 12.0189 12.2583 12.2088
0.54416.3_0.43_5 56471.55863260340266 i 13.9937 0.0150 3.5000 16.3194 0.4394 12.0189 12.2583 12.2088
0.54416.3_0.43_5 55377.56765996370086 i 14.2791 0.0148 3.5000 16.3194 0.4394 12.0189 12.2583 12.2088
0.54416.3_0.43_5 55377.55518471499818 i 14.2605 0.0148 3.5000 16.3194 0.4394 12.0189 12.2583 12.2088
0.54416.3_0.43_5 55018.37308162979753 i 14.1055 0.0149 3.5000 16.3194 0.4394 12.0189 12.2583 12.2088
0.54416.3_0.43_5 55760.36043183750007 i 14.2079 0.0148 3.5000 16.3194 0.4394 12.0189 12.2583 12.2088
0.54416.3_0.43_5 55760.48133881670219 i 14.1224 0.0149 3.5000 16.3194 0.4394 12.0189 12.2583 12.2088
0.54416.3_0.43_5 55760.34848205869639 i 14.1924 0.0148 3.5000 16.3194 0.4394 12.0189 12.2583 12.2088
0.54416.3_0.43_5 55760.46987171610090 i 14.0696 0.0149 3.5000 16.3194 0.4394 12.0189 12.2583 12.2088
0.54416.3_0.43_5 56581.26394135980081 i 14.1707 0.0148 3.5000 16.3194 0.4394 12.0189 12.2583 12.2088
0.54416.3_0.43_5 56581.25197601270338 i 14.2368 0.0148 3.5000 16.3194 0.4394 12.0189 12.2583 12.2088
0.54416.3_0.43_5 56138.49375373219664 i 14.0411 0.0149 3.5000 16.3194 0.4394 12.0189 12.2583 12.2088
0.54416.3_0.43_5 56138.50529612420360 i 14.1403 0.0149 3.5000 16.3194 0.4394 12.0189 12.2583 12.2088
0.54416.3_0.43_5 56031.62528549419949 z 13.5919 0.0147 3.5000 16.3194 0.4394 12.0189 12.2583 12.2088
0.54416.3_0.43_5 56237.20678851850244 z 13.5018 0.0147 3.5000 16.3194 0.4394 12.0189 12.2583 12.2088
0.54416.3_0.43_5 55843.26683017690084 z 13.6900 0.0147 3.5000 16.3194 0.4394 12.0189 12.2583 12.2088
0.54416.3_0.43_5 55843.27857396379841 z 13.7117 0.0147 3.5000 16.3194 0.4394 12.0189 12.2583 12.2088
0.54416.3_0.43_5 56031.61856806049764 z 13.6065 0.0147 3.5000 16.3194 0.4394 12.0189 12.2583 12.2088
0.54416.3_0.43_5 56554.30111823650077 y 13.6075 0.0148 3.5000 16.3194 0.4394 12.0189 12.2583 12.2088
0.54416.3_0.43_5 56033.62993524590274 y 13.5216 0.0148 3.5000 16.3194 0.4394 12.0189 12.2583 12.2088
0.54416.3_0.43_5 55728.45436783319747 y 13.6199 0.0148 3.5000 16.3194 0.4394 12.0189 12.2583 12.2088
0.54416.3_0.43_5 55812.23041575439856 y 13.5871 0.0148 3.5000 16.3194 0.4394 12.0189 12.2583 12.2088
0.54416.3_0.43_5 55812.25573485149653 y 13.6157 0.0148 3.5000 16.3194 0.4394 12.0189 12.2583 12.2088
0.54416.3_0.43_5 55812.25518210940209 y 13.5818 0.0148 3.5000 16.3194 0.4394 12.0189 12.2583 12.2088
0.54416.3_0.43_5 55462.32450268560206 y 13.6023 0.0148 3.5000 16.3194 0.4394 12.0189 12.2583 12.2088
0.60214.9_0.43_5 55763.34704575160140 g 13.7413 0.0152 4.0000 14.9000 0.4394 10.4354 10.6471 10.6036
0.60214.9_0.43_5 55763.33571190590010 g 13.7218 0.0152 4.0000 14.9000 0.4394 10.4354 10.6471 10.6036
0.60214.9_0.43_5 55004.61042004409683 g 13.6227 0.0153 4.0000 14.9000 0.4394 10.4354 10.6471 10.6036
0.60214.9_0.43_5 55004.59947979640128 g 13.6450 0.0153 4.0000 14.9000 0.4394 10.4354 10.6471 10.6036
0.60214.9_0.43_5 55395.55705485780345 g 13.7789 0.0152 4.0000 14.9000 0.4394 10.4354 10.6471 10.6036
0.60214.9_0.43_5 55395.56989026119845 g 13.7914 0.0152 4.0000 14.9000 0.4394 10.4354 10.6471 10.6036
0.60215.2_0.43_5 55763.34704575160140 g 14.1312 0.0151 4.0000 15.2959 0.4394 10.8036 11.0500 10.9895
0.60215.2_0.43_5 55763.33571190590010 g 14.1068 0.0151 4.0000 15.2959 0.4394 10.8036 11.0500 10.9895
0.60215.2_0.43_5 55004.61042004409683 g 14.0175 0.0152 4.0000 15.2959 0.4394 10.8036 11.0500 10.9895
0.60215.2_0.43_5 55004.59947979640128 g 14.0093 0.0152 4.0000 15.2959 0.4394 10.8036 11.0500 10.9895
0.60215.2_0.43_5 55395.55705485780345 g 14.1952 0.0151 4.0000 15.2959 0.4394 10.8036 11.0500 10.9895
0.60215.2_0.43_5 55766.34150057430088 g 13.8022 0.0152 4.0000 15.2959 0.4394 10.8036 11.0500 10.9895
0.60215.2_0.43_5 55766.35272745510156 g 13.8001 0.0152 4.0000 15.2959 0.4394 10.8036 11.0500 10.9895
0.60215.2_0.43_5 55395.56989026119845 g 14.1556 0.0151 4.0000 15.2959 0.4394 10.8036 11.0500 10.9895
0.60216.3_0.43_5 55763.34704575160140 g 15.1182 0.0148 4.0000 16.3194 0.4394 11.8433 12.0938 11.9935
0.60216.3_0.43_5 55763.33571190590010 g 15.1597 0.0148 4.0000 16.3194 0.4394 11.8433 12.0938 11.9935
0.60216.3_0.43_5 56149.28472496019822 g 14.3645 0.0150 4.0000 16.3194 0.4394 11.8433 12.0938 11.9935
0.60216.3_0.43_5 56149.29559169529966 g 14.3538 0.0150 4.0000 16.3194 0.4394 11.8433 12.0938 11.9935
0.60216.3_0.43_5 56477.51630244080297 g 14.4277 0.0150 4.0000 16.3194 0.4394 11.8433 12.0938 11.9935
0.60216.3_0.43_5 56477.52714108340297 g 14.4437 0.0150 4.0000 16.3194 0.4394 11.8433 12.0938 11.9935
0.60216.3_0.43_5 55004.61042004409683 g 15.0444 0.0148 4.0000 16.3194 0.4394 11.8433 12.0938 11.9935
0.60216.3_0.43_5 55004.59947979640128 g 15.0551 0.0148 4.0000 16.3194 0.4394 11.8433 12.0938 11.9935
0.60216.3_0.43_5 55417.30870219309872 g 14.3877 0.0150 4.0000 16.3194 0.4394 11.8433 12.0938 11.9935
0.60216.3_0.43_5 55417.29754138350108 g 14.3969 0.0150 4.0000 16.3194 0.4394 11.8433 12.0938 11.9935
0.60216.3_0.43_5 55395.55705485780345 g 15.1865 0.0148 4.0000 16.3194 0.4394 11.8433 12.0938 11.9935
0.60216.3_0.43_5 55766.34150057430088 g 14.7967 0.0149 4.0000 16.3194 0.4394 11.8433 12.0938 11.9935
0.60216.3_0.43_5 55766.35272745510156 g 14.8442 0.0149 4.0000 16.3194 0.4394 11.8433 12.0938 11.9935
0.60216.3_0.43_5 55395.56989026119845 g 15.1663 0.0148 4.0000 16.3194 0.4394 11.8433 12.0938 11.9935
0.60216.3_0.43_5 56471.52585160310264 r 14.2225 0.0015 4.0000 16.3194 0.4394 11.8433 12.0938 11.9935
0.60216.3_0.43_5 55783.39909934809839 r 14.1997 0.0015 4.0000 16.3194 0.4394 11.8433 12.0938 11.9935
0.60216.3_0.43_5 55783.40968449140200 r 14.1996 0.0015 4.0000 16.3194 0.4394 11.8433 12.0938 11.9935
0.60216.3_0.43_5 56151.27789486679831 r 14.1782 0.0015 4.0000 16.3194 0.4394 11.8433 12.0938 11.9935
0.60216.3_0.43_5 56151.28821925070224 r 14.1837 0.0015 4.0000 16.3194 0.4394 11.8433 12.0938 11.9935
0.60216.3_0.43_5 55760.32514359430206 r 14.2823 0.0016 4.0000 16.3194 0.4394 11.8433 12.0938 11.9935
0.60216.3_0.43_5 55760.33595207629696 r 14.2794 0.0016 4.0000 16.3194 0.4394 11.8433 12.0938 11.9935
0.60216.3_0.43_5 55013.55675929180143 r 13.7476 0.0012 4.0000 16.3194 0.4394 11.8433 12.0938 11.9935
0.60216.3_0.43_5 55416.43513051130140 r 14.2578 0.0016 4.0000 16.3194 0.4394 11.8433 12.0938 11.9935
0.60216.3_0.43_5 55416.42419941040134 r 14.2595 0.0016 4.0000 16.3194 0.4394 11.8433 12.0938 11.9935
0.60216.3_0.43_5 55378.55514698850311 r 14.0287 0.0014 4.0000 16.3194 0.4394 11.8433 12.0938 11.9935
0.60216.3_0.43_5 56471.53591818320274 r 14.2208 0.0015 4.0000 16.3194 0.4394 11.8433 12.0938 11.9935
0.60216.3_0.43_5 55013.56666529920039 r 13.7521 0.0013 4.0000 16.3194 0.4394 11.8433 12.0938 11.9935
0.60216.3_0.43_5 56471.54737181819655 i 14.1999 0.0148 4.0000 16.3194 0.4394 11.8433 12.0938 11.9935
0.60216.3_0.43_5 56471.55863260340266 i 14.2328 0.0148 4.0000 16.3194 0.4394 11.8433 12.0938 11.9935
0.60216.3_0.43_5 55377.56765996370086 i 13.9065 0.0151 4.0000 16.3194 0.4394 11.8433 12.0938 11.9935
0.60216.3_0.43_5 55377.55518471499818 i 13.9163 0.0150 4.0000 16.3194 0.4394 11.8433 12.0938 11.9935
0.60216.3_0.43_5 55018.37308162979753 i 13.9810 0.0150 4.0000 16.3194 0.4394 11.8433 12.0938 11.9935
0.60216.3_0.43_5 55760.36043183750007 i 14.1914 0.0148 4.0000 16.3194 0.4394 11.8433 12.0938 11.9935
0.60216.3_0.43_5 55760.48133881670219 i 14.1777 0.0148 4.0000 16.3194 0.4394 11.8433 12.0938 11.9935
0.60216.3_0.43_5 55760.34848205869639 i 14.2095 0.0148 4.0000 16.3194 0.4394 11.8433 12.0938 11.9935
0.60216.3_0.43_5 55760.46987171610090 i 14.1425 0.0149 4.0000 16.3194 0.4394 11.8433 12.0938 11.9935
0.60216.3_0.43_5 56581.26394135980081 i 13.8635 0.0151 4.0000 16.3194 0.4394 11.8433 12.0938 11.9935
0.60216.3_0.43_5 56581.25197601270338 i 13.8175 0.0151 4.0000 16.3194 0.4394 11.8433 12.0938 11.9935
0.60216.3_0.43_5 56138.49375373219664 i 13.9608 0.0150 4.0000 16.3194 0.4394 11.8433 12.0938 11.9935
0.60216.3_0.43_5 56138.50529612420360 i 14.0027 0.0150 4.0000 16.3194 0.4394 11.8433 12.0938 11.9935
0.60216.3_0.43_5 55463.29951993229770 z 13.5343 0.0147 4.0000 16.3194 0.4394 11.8433 12.0938 11.9935
0.60216.3_0.43_5 55843.26683017690084 z 13.5213 0.0147 4.0000 16.3194 0.4394 11.8433 12.0938 11.9935
0.60216.3_0.43_5 56031.61856806049764 z 13.5370 0.0147 4.0000 16.3194 0.4394 11.8433 12.0938 11.9935
0.65314.9_0.43_5 55004.61042004409683 g 13.7258 0.0152 4.5000 14.9000 0.4394 10.2513 10.5066 10.4482
0.65314.9_0.43_5 55004.59947979640128 g 13.7170 0.0152 4.5000 14.9000 0.4394 10.2513 10.5066 10.4482
0.65314.9_0.43_5 55395.55705485780345 g 13.6344 0.0153 4.5000 14.9000 0.4394 10.2513 10.5066 10.4482
0.65314.9_0.43_5 55395.56989026119845 g 13.6390 0.0153 4.5000 14.9000 0.4394 10.2513 10.5066 10.4482
0.65315.2_0.43_5 55763.34704575160140 g 13.6403 0.0153 4.5000 15.2959 0.4394 10.6582 10.9111 10.8192
0.65315.2_0.43_5 55763.33571190590010 g 13.6417 0.0153 4.5000 15.2959 0.4394 10.6582 10.9111 10.8192
0.65315.2_0.43_5 55004.61042004409683 g 14.1523 0.0151 4.5000 15.2959 0.4394 10.6582 10.9111 10.8192
0.65315.2_0.43_5 55004.59947979640128 g 14.1387 0.0151 4.5000 15.2959 0.4394 10.6582 10.9111 10.8192
0.65315.2_0.43_5 55417.30870219309872 g 13.8236 0.0152 4.5000 15.2959 0.4394 10.6582 10.9111 10.8192
0.65315.2_0.43_5 55417.29754138350108 g 13.8066 0.0152 4.5000 15.2959 0.4394 10.6582 10.9111 10.8192
0.65315.2_0.43_5 55395.55705485780345 g 14.0750 0.0151 4.5000 15.2959 0.4394 10.6582 10.9111 10.8192
0.65315.2_0.43_5 55766.34150057430088 g 13.5228 0.0153 4.5000 15.2959 0.4394 10.6582 10.9111 10.8192
0.65315.2_0.43_5 55766.35272745510156 g 13.5053 0.0153 4.5000 15.2959 0.4394 10.6582 10.9111 10.8192
0.65315.2_0.43_5 55395.56989026119845 g 14.0421 0.0152 4.5000 15.2959 0.4394 10.6582 10.9111 10.8192
0.65316.3_0.43_5 55763.34704575160140 g 14.6852 0.0149 4.5000 16.3194 0.4394 11.6789 11.9292 11.8715
0.65316.3_0.43_5 55763.33571190590010 g 14.6861 0.0149 4.5000 16.3194 0.4394 11.6789 11.9292 11.8715
0.65316.3_0.43_5 56149.28472496019822 g 14.3056 0.0151 4.5000 16.3194 0.4394 11.6789 11.9292 11.8715
0.65316.3_0.43_5 56149.29559169529966 g 14.2823 0.0151 4.5000 16.3194 0.4394 11.6789 11.9292 11.8715
0.65316.3_0.43_5 56477.51630244080297 g 14.4299 0.0150 4.5000 16.3194 0.4394 11.6789 11.9292 11.8715
0.65316.3_0.43_5 56477.52714108340297 g 14.3875 0.0150 4.5000 16.3194 0.4394 11.6789 11.9292 11.8715
0.65316.3_0.43_5 55004.61042004409683 g 15.1083 0.0148 4.5000 16.3194 0.4394 11.6789 11.9292 11.8715
0.65316.3_0.43_5 55004.59947979640128 g 15.1282 0.0148 4.5000 16.3194 0.4394 11.6789 11.9292 11.8715
0.65316.3_0.43_5 55417.30870219309872 g 14.8351 0.0149 4.5000 16.3194 0.4394 11.6789 11.9292 11.8715
0.65316.3_0.43_5 55417.29754138350108 g 14.8531 0.0149 4.5000 16.3194 0.4394 11.6789 11.9292 11.8715
0.65316.3_0.43_5 55395.55705485780345 g 15.0191 0.0148 4.5000 16.3194 0.4394 11.6789 11.9292 11.8715
0.65316.3_0.43_5 55766.34150057430088 g 14.6225 0.0149 4.5000 16.3194 0.4394 11.6789 11.9292 11.8715
0.65316.3_0.43_5 55766.35272745510156 g 14.5982 0.0149 4.5000 16.3194 0.4394 11.6789 11.9292 11.8715
0.65316.3_0.43_5 55395.56989026119845 g 15.0155 0.0148 4.5000 16.3194 0.4394 11.6789 11.9292 11.8715
0.65316.3_0.43_5 56471.52585160310264 r 14.1160 0.0015 4.5000 16.3194 0.4394 11.6789 11.9292 11.8715
0.65316.3_0.43_5 55783.39909934809839 r 14.1510 0.0015 4.5000 16.3194 0.4394 11.6789 11.9292 11.8715
0.65316.3_0.43_5 55783.40968449140200 r 14.1511 0.0015 4.5000 16.3194 0.4394 11.6789 11.9292 11.8715
0.65316.3_0.43_5 56151.27789486679831 r 14.0167 0.0014 4.5000 16.3194 0.4394 11.6789 11.9292 11.8715
0.65316.3_0.43_5 56151.28821925070224 r 14.0172 0.0014 4.5000 16.3194 0.4394 11.6789 11.9292 11.8715
0.65316.3_0.43_5 55760.32514359430206 r 14.0911 0.0014 4.5000 16.3194 0.4394 11.6789 11.9292 11.8715
0.65316.3_0.43_5 55760.33595207629696 r 14.0959 0.0015 4.5000 16.3194 0.4394 11.6789 11.9292 11.8715
0.65316.3_0.43_5 55013.55675929180143 r 14.1227 0.0015 4.5000 16.3194 0.4394 11.6789 11.9292 11.8715
0.65316.3_0.43_5 55416.43513051130140 r 13.7293 0.0012 4.5000 16.3194 0.4394 11.6789 11.9292 11.8715
0.65316.3_0.43_5 55416.42419941040134 r 13.7243 0.0012 4.5000 16.3194 0.4394 11.6789 11.9292 11.8715
0.65316.3_0.43_5 55378.55514698850311 r 14.1582 0.0015 4.5000 16.3194 0.4394 11.6789 11.9292 11.8715
0.65316.3_0.43_5 56471.53591818320274 r 14.1191 0.0015 4.5000 16.3194 0.4394 11.6789 11.9292 11.8715
0.65316.3_0.43_5 55013.56666529920039 r 14.1208 0.0015 4.5000 16.3194 0.4394 11.6789 11.9292 11.8715
0.65316.3_0.43_5 56471.54737181819655 i 14.1013 0.0149 4.5000 16.3194 0.4394 11.6789 11.9292 11.8715
0.65316.3_0.43_5 56471.55863260340266 i 14.0051 0.0150 4.5000 16.3194 0.4394 11.6789 11.9292 11.8715
0.65316.3_0.43_5 55377.56765996370086 i 14.0631 0.0149 4.5000 16.3194 0.4394 11.6789 11.9292 11.8715
0.65316.3_0.43_5 55377.55518471499818 i 14.0343 0.0149 4.5000 16.3194 0.4394 11.6789 11.9292 11.8715
0.65316.3_0.43_5 55018.37308162979753 i 14.1057 0.0149 4.5000 16.3194 0.4394 11.6789 11.9292 11.8715
0.65316.3_0.43_5 55760.36043183750007 i 14.0638 0.0149 4.5000 16.3194 0.4394 11.6789 11.9292 11.8715
0.65316.3_0.43_5 55760.48133881670219 i 14.0662 0.0149 4.5000 16.3194 0.4394 11.6789 11.9292 11.8715
0.65316.3_0.43_5 55760.34848205869639 i 14.0921 0.0149 4.5000 16.3194 0.4394 11.6789 11.9292 11.8715
0.65316.3_0.43_5 55760.46987171610090 i 14.0527 0.0149 4.5000 16.3194 0.4394 11.6789 11.9292 11.8715
0.65316.3_0.43_5 56581.26394135980081 i 13.7388 0.0152 4.5000 16.3194 0.4394 11.6789 11.9292 11.8715
0.65316.3_0.43_5 56581.25197601270338 i 13.7237 0.0152 4.5000 16.3194 0.4394 11.6789 11.9292 11.8715
0.65316.3_0.43_5 56138.49375373219664 i 14.0552 0.0149 4.5000 16.3194 0.4394 11.6789 11.9292 11.8715
0.65316.3_0.43_5 56138.50529612420360 i 14.1369 0.0149 4.5000 16.3194 0.4394 11.6789 11.9292 11.8715
0.69814.9_0.43_5 55763.34704575160140 g 13.5415 0.0153 5.0000 14.9000 0.4394 10.1172 10.3861 10.2866
0.69814.9_0.43_5 55763.33571190590010 g 13.5911 0.0153 5.0000 14.9000 0.4394 10.1172 10.3861 10.2866
0.69814.9_0.43_5 56477.51630244080297 g 13.6955 0.0152 5.0000 14.9000 0.4394 10.1172 10.3861 10.2866
0.69814.9_0.43_5 56477.52714108340297 g 13.6778 0.0152 5.0000 14.9000 0.4394 10.1172 10.3861 10.2866
0.69814.9_0.43_5 55417.30870219309872 g 13.6471 0.0153 5.0000 14.9000 0.4394 10.1172 10.3861 10.2866
0.69814.9_0.43_5 55417.29754138350108 g 13.6697 0.0152 5.0000 14.9000 0.4394 10.1172 10.3861 10.2866
0.69815.2_0.43_5 55763.34704575160140 g 13.9432 0.0152 5.0000 15.2959 0.4394 10.5254 10.7666 10.6963
0.69815.2_0.43_5 55763.33571190590010 g 13.9387 0.0152 5.0000 15.2959 0.4394 10.5254 10.7666 10.6963
0.69815.2_0.43_5 56477.51630244080297 g 14.0547 0.0151 5.0000 15.2959 0.4394 10.5254 10.7666 10.6963
0.69815.2_0.43_5 56477.52714108340297 g 14.0815 0.0151 5.0000 15.2959 0.4394 10.5254 10.7666 10.6963
0.69815.2_0.43_5 55417.30870219309872 g 14.0500 0.0151 5.0000 15.2959 0.4394 10.5254 10.7666 10.6963
0.69815.2_0.43_5 55417.29754138350108 g 14.0544 0.0151 5.0000 15.2959 0.4394 10.5254 10.7666 10.6963
0.69815.2_0.43_5 55395.55705485780345 g 13.5754 0.0153 5.0000 15.2959 0.4394 10.5254 10.7666 10.6963
0.69815.2_0.43_5 55766.34150057430088 g 13.8303 0.0152 5.0000 15.2959 0.4394 10.5254 10.7666 10.6963
0.69815.2_0.43_5 55766.35272745510156 g 13.8582 0.0152 5.0000 15.2959 0.4394 10.5254 10.7666 10.6963
0.69815.2_0.43_5 55395.56989026119845 g 13.6155 0.0153 5.0000 15.2959 0.4394 10.5254 10.7666 10.6963
0.69816.3_0.43_5 55763.34704575160140 g 14.9719 0.0149 5.0000 16.3194 0.4394 11.5289 11.7956 11.7128
0.69816.3_0.43_5 55763.33571190590010 g 14.9734 0.0149 5.0000 16.3194 0.4394 11.5289 11.7956 11.7128
0.69816.3_0.43_5 56149.28472496019822 g 14.0536 0.0151 5.0000 16.3194 0.4394 11.5289 11.7956 11.7128
0.69816.3_0.43_5 56149.29559169529966 g 14.0722 0.0151 5.0000 16.3194 0.4394 11.5289 11.7956 11.7128
0.69816.3_0.43_5 56477.51630244080297 g 15.1010 0.0148 5.0000 16.3194 0.4394 11.5289 11.7956 11.7128
0.69816.3_0.43_5 56477.52714108340297 g 15.0837 0.0148 5.0000 16.3194 0.4394 11.5289 11.7956 11.7128
0.69816.3_0.43_5 55004.61042004409683 g 14.1667 0.0151 5.0000 16.3194 0.4394 11.5289 11.7956 11.7128
0.69816.3_0.43_5 55004.59947979640128 g 14.1849 0.0151 5.0000 16.3194 0.4394 11.5289 11.7956 11.7128
0.69816.3_0.43_5 55417.30870219309872 g 15.0850 0.0148 5.0000 16.3194 0.4394 11.5289 11.7956 11.7128
0.69816.3_0.43_5 55417.29754138350108 g 15.0949 0.0148 5.0000 16.3194 0.4394 11.5289 11.7956 11.7128
0.69816.3_0.43_5 55395.55705485780345 g 14.5943 0.0149 5.0000 16.3194 0.4394 11.5289 11.7956 11.7128
0.69816.3_0.43_5 55766.34150057430088 g 14.8703 0.0149 5.0000 16.3194 0.4394 11.5289 11.7956 11.7128
0.69816.3_0.43_5 55766.35272745510156 g 14.9088 0.0149 5.0000 16.3194 0.4394 11.5289 11.7956 11.7128
0.69816.3_0.43_5 55395.56989026119845 g 14.6125 0.0149 5.0000 16.3194 0.4394 11.5289 11.7956 11.7128
0.69816.3_0.43_5 56471.52585160310264 r 13.9422 0.0014 5.0000 16.3194 0.4394 11.5289 11.7956 11.7128
0.69816.3_0.43_5 55783.39909934809839 r 14.0091 0.0014 5.0000 16.3194 0.4394 11.5289 11.7956 11.7128
0.69816.3_0.43_5 55783.40968449140200 r 14.0015 0.0014 5.0000 16.3194 0.4394 11.5289 11.7956 11.7128
0.69816.3_0.43_5 56151.27789486679831 r 13.8934 0.0013 5.0000 16.3194 0.4394 11.5289 11.7956 11.7128
0.69816.3_0.43_5 56151.28821925070224 r 13.8952 0.0013 5.0000 16.3194 0.4394 11.5289 11.7956 11.7128
0.69816.3_0.43_5 55760.32514359430206 r 13.6607 0.0012 5.0000 16.3194 0.4394 11.5289 11.7956 11.7128
0.69816.3_0.43_5 55760.33595207629696 r 13.6620 0.0012 5.0000 16.3194 0.4394 11.5289 11.7956 11.7128
0.69816.3_0.43_5 55013.55675929180143 r 13.9039 0.0013 5.0000 16.3194 0.4394 11.5289 11.7956 11.7128
0.69816.3_0.43_5 55416.43513051130140 r 13.9266 0.0013 5.0000 16.3194 0.4394 11.5289 11.7956 11.7128
0.69816.3_0.43_5 55416.42419941040134 r 13.9240 0.0013 5.0000 16.3194 0.4394 11.5289 11.7956 11.7128
0.69816.3_0.43_5 55378.55514698850311 r 13.9051 0.0013 5.0000 16.3194 0.4394 11.5289 11.7956 11.7128
0.69816.3_0.43_5 56471.53591818320274 r 13.9442 0.0014 5.0000 16.3194 0.4394 11.5289 11.7956 11.7128
0.69816.3_0.43_5 55013.56666529920039 r 13.8968 0.0013 5.0000 16.3194 0.4394 11.5289 11.7956 11.7128
0.69816.3_0.43_5 56471.54737181819655 i 13.8967 0.0151 5.0000 16.3194 0.4394 11.5289 11.7956 11.7128
0.69816.3_0.43_5 56471.55863260340266 i 13.9096 0.0150 5.0000 16.3194 0.4394 11.5289 11.7956 11.7128
0.69816.3_0.43_5 55377.56765996370086 i 14.0648 0.0149 5.0000 16.3194 0.4394 11.5289 11.7956 11.7128
0.69816.3_0.43_5 55377.55518471499818 i 14.0413 0.0149 5.0000 16.3194 0.4394 11.5289 11.7956 11.7128
0.69816.3_0.43_5 55018.37308162979753 i 13.9555 0.0150 5.0000 16.3194 0.4394 11.5289 11.7956 11.7128
0.69816.3_0.43_5 55760.36043183750007 i 13.7001 0.0152 5.0000 16.3194 0.4394 11.5289 11.7956 11.7128
0.69816.3_0.43_5 55760.48133881670219 i 13.7340 0.0152 5.0000 16.3194 0.4394 11.5289 11.7956 11.7128
0.69816.3_0.43_5 55760.34848205869639 i 13.7261 0.0152 5.0000 16.3194 0.4394 11.5289 11.7956 11.7128
0.69816.3_0.43_5 55760.46987171610090 i 13.6816 0.0152 5.0000 16.3194 0.4394 11.5289 11.7956 11.7128
0.69816.3_0.43_5 56581.26394135980081 i 13.8159 0.0151 5.0000 16.3194 0.4394 11.5289 11.7956 11.7128
0.69816.3_0.43_5 56581.25197601270338 i 13.8521 0.0151 5.0000 16.3194 0.4394 11.5289 11.7956 11.7128
0.69816.3_0.43_5 56138.49375373219664 i 13.8361 0.0151 5.0000 16.3194 0.4394 11.5289 11.7956 11.7128
0.69816.3_0.43_5 56138.50529612420360 i 13.8972 0.0151 5.0000 16.3194 0.4394 11.5289 11.7956 11.7128
0.74014.9_0.43_5 56477.51630244080297 g 13.6651 0.0152 5.5000 14.9000 0.4394 9.9874 10.2584 10.1796
0.74014.9_0.43_5 56477.52714108340297 g 13.6888 0.0152 5.5000 14.9000 0.4394 9.9874 10.2584 10.1796
0.74015.2_0.43_5 55763.34704575160140 g 13.7721 0.0152 5.5000 15.2959 0.4394 10.3860 10.6498 10.5679
0.74015.2_0.43_5 55763.33571190590010 g 13.7420 0.0152 5.5000 15.2959 0.4394 10.3860 10.6498 10.5679
0.74015.2_0.43_5 56477.51630244080297 g 14.0867 0.0151 5.5000 15.2959 0.4394 10.3860 10.6498 10.5679
0.74015.2_0.43_5 56477.52714108340297 g 14.0700 0.0151 5.5000 15.2959 0.4394 10.3860 10.6498 10.5679
0.74015.2_0.43_5 55004.59947979640128 g 13.5210 0.0153 5.5000 15.2959 0.4394 10.3860 10.6498 10.5679
0.74015.2_0.43_5 55766.34150057430088 g 13.6625 0.0152 5.5000 15.2959 0.4394 10.3860 10.6498 10.5679
0.74015.2_0.43_5 55766.35272745510156 g 13.6710 0.0152 5.5000 15.2959 0.4394 10.3860 10.6498 10.5679
0.74016.3_0.43_5 55763.34704575160140 g 14.7989 0.0149 5.5000 16.3194 0.4394 11.4129 11.6689 11.6019
0.74016.3_0.43_5 55763.33571190590010 g 14.7901 0.0149 5.5000 16.3194 0.4394 11.4129 11.6689 11.6019
0.74016.3_0.43_5 56149.28472496019822 g 14.1204 0.0151 5.5000 16.3194 0.4394 11.4129 11.6689 11.6019
0.74016.3_0.43_5 56149.29559169529966 g 14.1116 0.0151 5.5000 16.3194 0.4394 11.4129 11.6689 11.6019
0.74016.3_0.43_5 56477.51630244080297 g 15.0172 0.0148 5.5000 16.3194 0.4394 11.4129 11.6689 11.6019
0.74016.3_0.43_5 56477.52714108340297 g 15.0443 0.0148 5.5000 16.3194 0.4394 11.4129 11.6689 11.6019
0.74016.3_0.43_5 55004.61042004409683 g 14.5195 0.0150 5.5000 16.3194 0.4394 11.4129 11.6689 11.6019
0.74016.3_0.43_5 55004.59947979640128 g 14.5703 0.0150 5.5000 16.3194 0.4394 11.4129 11.6689 11.6019
0.74016.3_0.43_5 55417.30870219309872 g 14.3339 0.0150 5.5000 16.3194 0.4394 11.4129 11.6689 11.6019
0.74016.3_0.43_5 55417.29754138350108 g 14.3888 0.0150 5.5000 16.3194 0.4394 11.4129 11.6689 11.6019
0.74016.3_0.43_5 55395.55705485780345 g 14.1605 0.0151 5.5000 16.3194 0.4394 11.4129 11.6689 11.6019
0.74016.3_0.43_5 55766.34150057430088 g 14.6798 0.0149 5.5000 16.3194 0.4394 11.4129 11.6689 11.6019
0.74016.3_0.43_5 55766.35272745510156 g 14.6764 0.0149 5.5000 16.3194 0.4394 11.4129 11.6689 11.6019
0.74016.3_0.43_5 55395.56989026119845 g 14.1772 0.0151 5.5000 16.3194 0.4394 11.4129 11.6689 11.6019
0.74016.3_0.43_5 56471.52585160310264 r 13.9454 0.0014 5.5000 16.3194 0.4394 11.4129 11.6689 11.6019
0.74016.3_0.43_5 55783.39909934809839 r 13.8342 0.0013 5.5000 16.3194 0.4394 11.4129 11.6689 11.6019
0.74016.3_0.43_5 55783.40968449140200 r 13.8360 0.0013 5.5000 16.3194 0.4394 11.4129 11.6689 11.6019
0.74016.3_0.43_5 56151.27789486679831 r 13.7116 0.0012 5.5000 16.3194 0.4394 11.4129 11.6689 11.6019
0.74016.3_0.43_5 56151.28821925070224 r 13.7157 0.0012 5.5000 16.3194 0.4394 11.4129 11.6689 11.6019
0.74016.3_0.43_5 55760.32514359430206 r 13.6489 0.0012 5.5000 16.3194 0.4394 11.4129 11.6689 11.6019
0.74016.3_0.43_5 55760.33595207629696 r 13.6470 0.0012 5.5000 16.3194 0.4394 11.4129 11.6689 11.6019
0.74016.3_0.43_5 55013.55675929180143 r 13.8674 0.0013 5.5000 16.3194 0.4394 11.4129 11.6689 11.6019
0.74016.3_0.43_5 55416.43513051130140 r 14.0064 0.0014 5.5000 16.3194 0.4394 11.4129 11.6689 11.6019
0.74016.3_0.43_5 55416.42419941040134 r 14.0103 0.0014 5.5000 16.3194 0.4394 11.4129 11.6689 11.6019
0.74016.3_0.43_5 55378.55514698850311 r 13.7308 0.0012 5.5000 16.3194 0.4394 11.4129 11.6689 11.6019
0.74016.3_0.43_5 56471.53591818320274 r 13.9503 0.0014 5.5000 16.3194 0.4394 11.4129 11.6689 11.6019
0.74016.3_0.43_5 55013.56666529920039 r 13.8674 0.0013 5.5000 16.3194 0.4394 11.4129 11.6689 11.6019
0.74016.3_0.43_5 56471.54737181819655 i 13.8409 0.0151 5.5000 16.3194 0.4394 11.4129 11.6689 11.6019
0.74016.3_0.43_5 56471.55863260340266 i 13.8638 0.0151 5.5000 16.3194 0.4394 11.4129 11.6689 11.6019
0.74016.3_0.43_5 55377.56765996370086 i 13.9227 0.0150 5.5000 16.3194 0.4394 11.4129 11.6689 11.6019
0.74016.3_0.43_5 55377.55518471499818 i 13.9158 0.0150 5.5000 16.3194 0.4394 11.4129 11.6689 11.6019
0.74016.3_0.43_5 55018.37308162979753 i 13.7295 0.0152 5.5000 16.3194 0.4394 11.4129 11.6689 11.6019
0.74016.3_0.43_5 55760.36043183750007 i 13.6605 0.0153 5.5000 16.3194 0.4394 11.4129 11.6689 11.6019
0.74016.3_0.43_5 55760.48133881670219 i 13.6071 0.0153 5.5000 16.3194 0.4394 11.4129 11.6689 11.6019
0.74016.3_0.43_5 55760.34848205869639 i 13.6734 0.0153 5.5000 16.3194 0.4394 11.4129 11.6689 11.6019
0.74016.3_0.43_5 55760.46987171610090 i 13.6502 0.0153 5.5000 16.3194 0.4394 11.4129 11.6689 11.6019
0.74016.3_0.43_5 56581.26394135980081 i 13.8756 0.0151 5.5000 16.3194 0.4394 11.4129 11.6689 11.6019
0.74016.3_0.43_5 56581.25197601270338 i 13.8589 0.0151 5.5000 16.3194 0.4394 11.4129 11.6689 11.6019
0.74016.3_0.43_5 56138.49375373219664 i 13.5333 0.0154 5.5000 16.3194 0.4394 11.4129 11.6689 11.6019
0.74016.3_0.43_5 56138.50529612420360 i 13.5117 0.0154 5.5000 16.3194 0.4394 11.4129 11.6689 11.6019
0.77814.9_0.43_5 55763.34704575160140 g 13.6049 0.0153 6.0000 14.9000 0.4394 9.8807 10.1609 10.0520
0.77814.9_0.43_5 55763.33571190590010 g 13.5656 0.0153 6.0000 14.9000 0.4394 9.8807 10.1609 10.0520
0.77814.9_0.43_5 56477.51630244080297 g 13.5831 0.0153 6.0000 14.9000 0.4394 9.8807 10.1609 10.0520
0.77814.9_0.43_5 56477.52714108340297 g 13.6069 0.0153 6.0000 14.9000 0.4394 9.8807 10.1609 10.0520
0.77815.2_0.43_5 55763.34704575160140 g 13.8704 0.0152 6.0000 15.2959 0.4394 10.2744 10.5213 10.4587
0.77815.2_0.43_5 55763.33571190590010 g 13.8884 0.0152 6.0000 15.2959 0.4394 10.2744 10.5213 10.4587
0.77815.2_0.43_5 56477.51630244080297 g 13.8745 0.0152 6.0000 15.2959 0.4394 10.2744 10.5213 10.4587
0.77815.2_0.43_5 56477.52714108340297 g 13.9333 0.0152 6.0000 15.2959 0.4394 10.2744 10.5213 10.4587
0.77815.2_0.43_5 55395.55705485780345 g 13.5993 0.0153 6.0000 15.2959 0.4394 10.2744 10.5213 10.4587
0.77815.2_0.43_5 55395.56989026119845 g 13.5782 0.0153 6.0000 15.2959 0.4394 10.2744 10.5213 10.4587
0.77816.3_0.43_5 55763.34704575160140 g 14.9738 0.0149 6.0000 16.3194 0.4394 11.2952 11.5566 11.4763
0.77816.3_0.43_5 55763.33571190590010 g 15.0314 0.0148 6.0000 16.3194 0.4394 11.2952 11.5566 11.4763
0.77816.3_0.43_5 56149.28472496019822 g 13.9919 0.0152 6.0000 16.3194 0.4394 11.2952 11.5566 11.4763
0.77816.3_0.43_5 56149.29559169529966 g 13.9817 0.0152 6.0000 16.3194 0.4394 11.2952 11.5566 11.4763
0.77816.3_0.43_5 56477.51630244080297 g 14.9967 0.0148 6.0000 16.3194 0.4394 11.2952 11.5566 11.4763
0.77816.3_0.43_5 56477.52714108340297 g 15.0265 0.0148 6.0000 16.3194 0.4394 11.2952 11.5566 11.4763
0.77816.3_0.43_5 55004.61042004409683 g 14.3830 0.0150 6.0000 16.3194 0.4394 11.2952 11.5566 11.4763
0.77816.3_0.43_5 55004.59947979640128 g 14.3831 0.0150 6.0000 16.3194 0.4394 11.2952 11.5566 11.4763
0.77816.3_0.43_5 55417.30870219309872 g 13.9924 0.0152 6.0000 16.3194 0.4394 11.2952 11.5566 11.4763
0.77816.3_0.43_5 55417.29754138350108 g 13.9844 0.0152 6.0000 16.3194 0.4394 11.2952 11.5566 11.4763
0.77816.3_0.43_5 55395.55705485780345 g 14.6353 0.0149 6.0000 16.3194 0.4394 11.2952 11.5566 11.4763
0.77816.3_0.43_5 55766.34150057430088 g 14.3267 0.0150 6.0000 16.3194 0.4394 11.2952 11.5566 11.4763
0.77816.3_0.43_5 55766.35272745510156 g 14.3182 0.0150 6.0000 16.3194 0.4394 11.2952 11.5566 11.4763
0.77816.3_0.43_5 55395.56989026119845 g 14.6063 0.0149 6.0000 16.3194 0.4394 11.2952 11.5566 11.4763
0.77816.3_0.43_5 56471.52585160310264 r 13.9772 0.0014 6.0000 16.3194 0.4394 11.2952 11.5566 11.4763
0.77816.3_0.43_5 56151.27789486679831 r 13.5953 0.0012 6.0000 16.3194 0.4394 11.2952 11.5566 11.4763
0.77816.3_0.43_5 56151.28821925070224 r 13.5968 0.0012 6.0000 16.3194 0.4394 11.2952 11.5566 11.4763
0.77816.3_0.43_5 55013.55675929180143 r 13.9784 0.0014 6.0000 16.3194 0.4394 11.2952 11.5566 11.4763
0.77816.3_0.43_5 55416.43513051130140 r 13.6749 0.0012 6.0000 16.3194 0.4394 11.2952 11.5566 11.4763
0.77816.3_0.43_5 55416.42419941040134 r 13.6837 0.0012 6.0000 16.3194 0.4394 11.2952 11.5566 11.4763
0.77816.3_0.43_5 55378.55514698850311 r 13.8428 0.0013 6.0000 16.3194 0.4394 11.2952 11.5566 11.4763
0.77816.3_0.43_5 56471.53591818320274 r 13.9772 0.0014 6.0000 16.3194 0.4394 11.2952 11.5566 11.4763
0.77816.3_0.43_5 55013.56666529920039 r 13.9786 0.0014 6.0000 16.3194 0.4394 11.2952 11.5566 11.4763
0.77816.3_0.43_5 56471.54737181819655 i 13.8253 0.0151 6.0000 16.3194 0.4394 11.2952 11.5566 11.4763
0.77816.3_0.43_5 56471.55863260340266 i 13.8773 0.0151 6.0000 16.3194 0.4394 11.2952 11.5566 11.4763
0.77816.3_0.43_5 55377.56765996370086 i 13.6403 0.0153 6.0000 16.3194 0.4394 11.2952 11.5566 11.4763
0.77816.3_0.43_5 55377.55518471499818 i 13.7078 0.0152 6.0000 16.3194 0.4394 11.2952 11.5566 11.4763
0.77816.3_0.43_5 55018.37308162979753 i 13.7976 0.0151 6.0000 16.3194 0.4394 11.2952 11.5566 11.4763
0.77816.3_0.43_5 55760.36043183750007 i 13.5103 0.0154 6.0000 16.3194 0.4394 11.2952 11.5566 11.4763
0.77816.3_0.43_5 55760.48133881670219 i 13.5430 0.0154 6.0000 16.3194 0.4394 11.2952 11.5566 11.4763
0.81215.2_0.43_5 55763.34704575160140 g 13.8451 0.0152 6.5000 15.2959 0.4394 10.1755 10.4270 10.3599
0.81215.2_0.43_5 55763.33571190590010 g 13.8343 0.0152 6.5000 15.2959 0.4394 10.1755 10.4270 10.3599
0.81215.2_0.43_5 56477.51630244080297 g 13.6999 0.0152 6.5000 15.2959 0.4394 10.1755 10.4270 10.3599
0.81215.2_0.43_5 56477.52714108340297 g 13.6869 0.0152 6.5000 15.2959 0.4394 10.1755 10.4270 10.3599
0.81215.2_0.43_5 55417.30870219309872 g 13.5131 0.0153 6.5000 15.2959 0.4394 10.1755 10.4270 10.3599
0.81215.2_0.43_5 55417.29754138350108 g 13.5550 0.0153 6.5000 15.2959 0.4394 10.1755 10.4270 10.3599
0.81216.3_0.43_5 55763.34704575160140 g 14.8797 0.0149 6.5000 16.3194 0.4394 11.1970 11.4408 11.3633
0.81216.3_0.43_5 55763.33571190590010 g 14.8635 0.0149 6.5000 16.3194 0.4394 11.1970 11.4408 11.3633
0.81216.3_0.43_5 56149.28472496019822 g 13.9561 0.0152 6.5000 16.3194 0.4394 11.1970 11.4408 11.3633
0.81216.3_0.43_5 56149.29559169529966 g 13.9560 0.0152 6.5000 16.3194 0.4394 11.1970 11.4408 11.3633
0.81216.3_0.43_5 56477.51630244080297 g 14.7372 0.0149 6.5000 16.3194 0.4394 11.1970 11.4408 11.3633
0.81216.3_0.43_5 56477.52714108340297 g 14.7201 0.0149 6.5000 16.3194 0.4394 11.1970 11.4408 11.3633
0.81216.3_0.43_5 55004.61042004409683 g 14.3019 0.0151 6.5000 16.3194 0.4394 11.1970 11.4408 11.3633
0.81216.3_0.43_5 55004.59947979640128 g 14.3401 0.0150 6.5000 16.3194 0.4394 11.1970 11.4408 11.3633
0.81216.3_0.43_5 55417.30870219309872 g 14.5859 0.0149 6.5000 16.3194 0.4394 11.1970 11.4408 11.3633
0.81216.3_0.43_5 55417.29754138350108 g 14.5674 0.0150 6.5000 16.3194 0.4394 11.1970 11.4408 11.3633
0.81216.3_0.43_5 55395.55705485780345 g 14.0192 0.0152 6.5000 16.3194 0.4394 11.1970 11.4408 11.3633
0.81216.3_0.43_5 55766.34150057430088 g 14.0846 0.0151 6.5000 16.3194 0.4394 11.1970 11.4408 11.3633
0.81216.3_0.43_5 55766.35272745510156 g 14.0910 0.0151 6.5000 16.3194 0.4394 11.1970 11.4408 11.3633
0.81216.3_0.43_5 55395.56989026119845 g 14.0163 0.0152 6.5000 16.3194 0.4394 11.1970 11.4408 11.3633
0.81216.3_0.43_5 56471.52585160310264 r 13.7722 0.0013 6.5000 16.3194 0.4394 11.1970 11.4408 11.3633
0.81216.3_0.43_5 55783.39909934809839 r 13.8610 0.0013 6.5000 16.3194 0.4394 11.1970 11.4408 11.3633
0.81216.3_0.43_5 55783.40968449140200 r 13.8619 0.0013 6.5000 16.3194 0.4394 11.1970 11.4408 11.3633
0.81216.3_0.43_5 55378.55514698850311 r 13.6050 0.0012 6.5000 16.3194 0.4394 11.1970 11.4408 11.3633
0.81216.3_0.43_5 56471.53591818320274 r 13.7733 0.0013 6.5000 16.3194 0.4394 11.1970 11.4408 11.3633
0.81216.3_0.43_5 56471.54737181819655 i 13.6468 0.0153 6.5000 16.3194 0.4394 11.1970 11.4408 11.3633
0.81216.3_0.43_5 56471.55863260340266 i 13.7186 0.0152 6.5000 16.3194 0.4394 11.1970 11.4408 11.3633
0.81216.3_0.43_5 55377.56765996370086 i 13.5355 0.0154 6.5000 16.3194 0.4394 11.1970 11.4408 11.3633
0.81216.3_0.43_5 56581.26394135980081 i 13.6022 0.0153 6.5000 16.3194 0.4394 11.1970 11.4408 11.3633
0.81216.3_0.43_5 56581.25197601270338 i 13.6912 0.0152 6.5000 16.3194 0.4394 11.1970 11.4408 11.3633
0.81216.3_0.43_5 56138.49375373219664 i 13.5142 0.0154 6.5000 16.3194 0.4394 11.1970 11.4408 11.3633
0.81216.3_0.43_5 56138.50529612420360 i 13.5199 0.0154 6.5000 16.3194 0.4394 11.1970 11.4408 11.3633
0.84515.2_0.43_5 55004.61042004409683 g 13.6392 0.0153 7.0000 15.2959 0.4394 10.0648 10.3445 10.2548
0.84515.2_0.43_5 55004.59947979640128 g 13.6337 0.0153 7.0000 15.2959 0.4394 10.0648 10.3445 10.2548
0.84515.2_0.43_5 55417.30870219309872 g 13.5282 0.0153 7.0000 15.2959 0.4394 10.0648 10.3445 10.2548
0.84515.2_0.43_5 55417.29754138350108 g 13.5488 0.0153 7.0000 15.2959 0.4394 10.0648 10.3445 10.2548
0.84516.3_0.43_5 55763.34704575160140 g 14.3980 0.0150 7.0000 16.3194 0.4394 11.0830 11.3661 11.2905
0.84516.3_0.43_5 55763.33571190590010 g 14.4051 0.0150 7.0000 16.3194 0.4394 11.0830 11.3661 11.2905
0.84516.3_0.43_5 56149.28472496019822 g 13.9573 0.0152 7.0000 16.3194 0.4394 11.0830 11.3661 11.2905
0.84516.3_0.43_5 56149.29559169529966 g 13.9534 0.0152 7.0000 16.3194 0.4394 11.0830 11.3661 11.2905
0.84516.3_0.43_5 56477.51630244080297 g 14.3167 0.0150 7.0000 16.3194 0.4394 11.0830 11.3661 11.2905
0.84516.3_0.43_5 56477.52714108340297 g 14.2951 0.0151 7.0000 16.3194 0.4394 11.0830 11.3661 11.2905
0.84516.3_0.43_5 55004.61042004409683 g 14.6403 0.0149 7.0000 16.3194 0.4394 11.0830 11.3661 11.2905
0.84516.3_0.43_5 55004.59947979640128 g 14.6167 0.0149 7.0000 16.3194 0.4394 11.0830 11.3661 11.2905
0.84516.3_0.43_5 55417.30870219309872 g 14.5393 0.0150 7.0000 16.3194 0.4394 11.0830 11.3661 11.2905
0.84516.3_0.43_5 55417.29754138350108 g 14.5490 0.0150 7.0000 16.3194 0.4394 11.0830 11.3661 11.2905
0.84516.3_0.43_5 55395.55705485780345 g 14.4644 0.0150 7.0000 16.3194 0.4394 11.0830 11.3661 11.2905
0.84516.3_0.43_5 55766.34150057430088 g 14.3891 0.0150 7.0000 16.3194 0.4394 11.0830 11.3661 11.2905
0.84516.3_0.43_5 55766.35272745510156 g 14.4118 0.0150 7.0000 16.3194 0.4394 11.0830 11.3661 11.2905
0.84516.3_0.43_5 55395.56989026119845 g 14.4430 0.0150 7.0000 16.3194 0.4394 11.0830 11.3661 11.2905
0.84516.3_0.43_5 55783.39909934809839 r 13.7597 0.0013 7.0000 16.3194 0.4394 11.0830 11.3661 11.2905
0.84516.3_0.43_5 55783.40968449140200 r 13.7597 0.0013 7.0000 16.3194 0.4394 11.0830 11.3661 11.2905
0.84516.3_0.43_5 55760.32514359430206 r 13.5355 0.0011 7.0000 16.3194 0.4394 11.0830 11.3661 11.2905
0.84516.3_0.43_5 55760.33595207629696 r 13.5369 0.0011 7.0000 16.3194 0.4394 11.0830 11.3661 11.2905
0.84516.3_0.43_5 55013.55675929180143 r 13.7516 0.0013 7.0000 16.3194 0.4394 11.0830 11.3661 11.2905
0.84516.3_0.43_5 55013.56666529920039 r 13.7501 0.0012 7.0000 16.3194 0.4394 11.0830 11.3661 11.2905
0.84516.3_0.43_5 55377.56765996370086 i 13.6393 0.0153 7.0000 16.3194 0.4394 11.0830 11.3661 11.2905
0.84516.3_0.43_5 55377.55518471499818 i 13.6472 0.0153 7.0000 16.3194 0.4394 11.0830 11.3661 11.2905
0.84516.3_0.43_5 55018.37308162979753 i 13.5544 0.0154 7.0000 16.3194 0.4394 11.0830 11.3661 11.2905
0.84516.3_0.43_5 55760.36043183750007 i 13.5435 0.0154 7.0000 16.3194 0.4394 11.0830 11.3661 11.2905
0.84516.3_0.43_5 55760.48133881670219 i 13.5774 0.0153 7.0000 16.3194 0.4394 11.0830 11.3661 11.2905
0.84516.3_0.43_5 55760.34848205869639 i 13.5172 0.0154 7.0000 16.3194 0.4394 11.0830 11.3661 11.2905
0.84516.3_0.43_5 55760.46987171610090 i 13.5787 0.0153 7.0000 16.3194 0.4394 11.0830 11.3661 11.2905
0.84516.3_0.43_5 56581.26394135980081 i 13.7369 0.0152 7.0000 16.3194 0.4394 11.0830 11.3661 11.2905
0.84516.3_0.43_5 56581.25197601270338 i 13.6641 0.0153 7.0000 16.3194 0.4394 11.0830 11.3661 11.2905
0.84516.3_0.43_5 56138.49375373219664 i 13.5885 0.0153 7.0000 16.3194 0.4394 11.0830 11.3661 11.2905
0.84516.3_0.43_5 56138.50529612420360 i 13.5847 0.0153 7.0000 16.3194 0.4394 11.0830 11.3661 11.2905
0.87515.2_0.43_5 55763.34704575160140 g 13.5916 0.0153 7.5000 15.2959 0.4394 9.9870 10.2518 10.1686
0.87515.2_0.43_5 55763.33571190590010 g 13.5801 0.0153 7.5000 15.2959 0.4394 9.9870 10.2518 10.1686
0.87515.2_0.43_5 56477.51630244080297 g 13.6293 0.0153 7.5000 15.2959 0.4394 9.9870 10.2518 10.1686
0.87515.2_0.43_5 56477.52714108340297 g 13.6179 0.0153 7.5000 15.2959 0.4394 9.9870 10.2518 10.1686
0.87515.2_0.43_5 55395.55705485780345 g 13.5370 0.0153 7.5000 15.2959 0.4394 9.9870 10.2518 10.1686
0.87515.2_0.43_5 55395.56989026119845 g 13.5557 0.0153 7.5000 15.2959 0.4394 9.9870 10.2518 10.1686
0.87516.3_0.43_5 55763.34704575160140 g 14.7238 0.0149 7.5000 16.3194 0.4394 10.9755 11.2668 11.1875
0.87516.3_0.43_5 55763.33571190590010 g 14.7024 0.0149 7.5000 16.3194 0.4394 10.9755 11.2668 11.1875
0.87516.3_0.43_5 56149.28472496019822 g 13.8045 0.0152 7.5000 16.3194 0.4394 10.9755 11.2668 11.1875
0.87516.3_0.43_5 56149.29559169529966 g 13.8363 0.0152 7.5000 16.3194 0.4394 10.9755 11.2668 11.1875
0.87516.3_0.43_5 56477.51630244080297 g 14.7436 0.0149 7.5000 16.3194 0.4394 10.9755 11.2668 11.1875
0.87516.3_0.43_5 56477.52714108340297 g 14.7533 0.0149 7.5000 16.3194 0.4394 10.9755 11.2668 11.1875
0.87516.3_0.43_5 55004.61042004409683 g 14.4336 0.0150 7.5000 16.3194 0.4394 10.9755 11.2668 11.1875
0.87516.3_0.43_5 55004.59947979640128 g 14.4200 0.0150 7.5000 16.3194 0.4394 10.9755 11.2668 11.1875
0.87516.3_0.43_5 55417.30870219309872 g 14.4738 0.0150 7.5000 16.3194 0.4394 10.9755 11.2668 11.1875
0.87516.3_0.43_5 55417.29754138350108 g 14.4844 0.0150 7.5000 16.3194 0.4394 10.9755 11.2668 11.1875
0.87516.3_0.43_5 55395.55705485780345 g 14.6596 0.0149 7.5000 16.3194 0.4394 10.9755 11.2668 11.1875
0.87516.3_0.43_5 55766.34150057430088 g 13.9583 0.0152 7.5000 16.3194 0.4394 10.9755 11.2668 11.1875
0.87516.3_0.43_5 55766.35272745510156 g 13.9599 0.0152 7.5000 16.3194 0.4394 10.9755 11.2668 11.1875
0.87516.3_0.43_5 55395.56989026119845 g 14.6560 0.0149 7.5000 16.3194 0.4394 10.9755 11.2668 11.1875
0.87516.3_0.43_5 55013.55675929180143 r 13.6615 0.0012 7.5000 16.3194 0.4394 10.9755 11.2668 11.1875
0.87516.3_0.43_5 55013.56666529920039 r 13.6626 0.0012 7.5000 16.3194 0.4394 10.9755 11.2668 11.1875
0.87516.3_0.43_5 56581.26394135980081 i 13.6023 0.0153 7.5000 16.3194 0.4394 10.9755 11.2668 11.1875
0.87516.3_0.43_5 56581.25197601270338 i 13.6249 0.0153 7.5000 16.3194 0.4394 10.9755 11.2668 11.1875
0.87516.3_0.43_5 56138.49375373219664 i 13.5589 0.0154 7.5000 16.3194 0.4394 10.9755 11.2668 11.1875
0.87516.3_0.43_5 56138.50529612420360 i 13.5062 0.0154 7.5000 16.3194 0.4394 10.9755 11.2668 11.1875
0.90315.2_0.43_5 55763.34704575160140 g 13.6957 0.0152 8.0000 15.2959 0.4394 9.8965 10.1517 10.0684
0.90315.2_0.43_5 55763.33571190590010 g 13.7176 0.0152 8.0000 15.2959 0.4394 9.8965 10.1517 10.0684
0.90315.2_0.43_5 55417.30870219309872 g 13.6173 0.0153 8.0000 15.2959 0.4394 9.8965 10.1517 10.0684
0.90315.2_0.43_5 55417.29754138350108 g 13.5758 0.0153 8.0000 15.2959 0.4394 9.8965 10.1517 10.0684
0.90315.2_0.43_5 55395.55705485780345 g 13.6219 0.0153 8.0000 15.2959 0.4394 9.8965 10.1517 10.0684
0.90315.2_0.43_5 55395.56989026119845 g 13.6439 0.0153 8.0000 15.2959 0.4394 9.8965 10.1517 10.0684
0.90316.3_0.43_5 55763.34704575160140 g 14.7570 0.0149 8.0000 16.3194 0.4394 10.9051 11.1747 11.1104
0.90316.3_0.43_5 55763.33571190590010 g 14.7474 0.0149 8.0000 16.3194 0.4394 10.9051 11.1747 11.1104
0.90316.3_0.43_5 56149.28472496019822 g 13.7153 0.0152 8.0000 16.3194 0.4394 10.9051 11.1747 11.1104
0.90316.3_0.43_5 56149.29559169529966 g 13.6831 0.0152 8.0000 16.3194 0.4394 10.9051 11.1747 11.1104
0.90316.3_0.43_5 56477.51630244080297 g 13.7375 0.0152 8.0000 16.3194 0.4394 10.9051 11.1747 11.1104
0.90316.3_0.43_5 56477.52714108340297 g 13.7709 0.0152 8.0000 16.3194 0.4394 10.9051 11.1747 11.1104
0.90316.3_0.43_5 55004.61042004409683 g 14.0113 0.0152 8.0000 16.3194 0.4394 10.9051 11.1747 11.1104
0.90316.3_0.43_5 55004.59947979640128 g 14.0069 0.0152 8.0000 16.3194 0.4394 10.9051 11.1747 11.1104
0.90316.3_0.43_5 55417.30870219309872 g 14.6448 0.0149 8.0000 16.3194 0.4394 10.9051 11.1747 11.1104
0.90316.3_0.43_5 55417.29754138350108 g 14.6213 0.0149 8.0000 16.3194 0.4394 10.9051 11.1747 11.1104
0.90316.3_0.43_5 55395.55705485780345 g 14.7015 0.0149 8.0000 16.3194 0.4394 10.9051 11.1747 11.1104
0.90316.3_0.43_5 55766.34150057430088 g 13.9935 0.0152 8.0000 16.3194 0.4394 10.9051 11.1747 11.1104
0.90316.3_0.43_5 55766.35272745510156 g 13.9936 0.0152 8.0000 16.3194 0.4394 10.9051 11.1747 11.1104
0.90316.3_0.43_5 55395.56989026119845 g 14.6795 0.0149 8.0000 16.3194 0.4394 10.9051 11.1747 11.1104
0.90316.3_0.43_5 55378.55514698850311 r 13.7389 0.0012 8.0000 16.3194 0.4394 10.9051 11.1747 11.1104
0.90316.3_0.43_5 55018.37308162979753 i 13.6117 0.0153 8.0000 16.3194 0.4394 10.9051 11.1747 11.1104
0.90316.3_0.43_5 56138.49375373219664 i 13.5599 0.0154 8.0000 16.3194 0.4394 10.9051 11.1747 11.1104
0.90316.3_0.43_5 56138.50529612420360 i 13.5947 0.0153 8.0000 16.3194 0.4394 10.9051 11.1747 11.1104
0.92915.2_0.43_5 55763.34704575160140 g 13.5581 0.0153 8.5000 15.2959 0.4394 9.8263 10.0867 9.9884
0.92915.2_0.43_5 55763.33571190590010 g 13.5471 0.0153 8.5000 15.2959 0.4394 9.8263 10.0867 9.9884
0.92915.2_0.43_5 56477.51630244080297 g 13.5607 0.0153 8.5000 15.2959 0.4394 9.8263 10.0867 9.9884
0.92915.2_0.43_5 56477.52714108340297 g 13.5866 0.0153 8.5000 15.2959 0.4394 9.8263 10.0867 9.9884
0.92916.3_0.43_5 55763.34704575160140 g 14.6612 0.0149 8.5000 16.3194 0.4394 10.8326 11.1050 11.0217
0.92916.3_0.43_5 55763.33571190590010 g 14.6590 0.0149 8.5000 16.3194 0.4394 10.8326 11.1050 11.0217
0.92916.3_0.43_5 56149.28472496019822 g 13.7772 0.0152 8.5000 16.3194 0.4394 10.8326 11.1050 11.0217
0.92916.3_0.43_5 56149.29559169529966 g 13.7889 0.0152 8.5000 16.3194 0.4394 10.8326 11.1050 11.0217
0.92916.3_0.43_5 56477.51630244080297 g 14.6819 0.0149 8.5000 16.3194 0.4394 10.8326 11.1050 11.0217
0.92916.3_0.43_5 56477.52714108340297 g 14.7178 0.0149 8.5000 16.3194 0.4394 10.8326 11.1050 11.0217
0.92916.3_0.43_5 55004.61042004409683 g 14.2257 0.0151 8.5000 16.3194 0.4394 10.8326 11.1050 11.0217
0.92916.3_0.43_5 55004.59947979640128 g 14.2620 0.0151 8.5000 16.3194 0.4394 10.8326 11.1050 11.0217
0.92916.3_0.43_5 55417.30870219309872 g 14.1685 0.0151 8.5000 16.3194 0.4394 10.8326 11.1050 11.0217
0.92916.3_0.43_5 55417.29754138350108 g 14.1597 0.0151 8.5000 16.3194 0.4394 10.8326 11.1050 11.0217
0.92916.3_0.43_5 55395.55705485780345 g 14.2321 0.0151 8.5000 16.3194 0.4394 10.8326 11.1050 11.0217
0.92916.3_0.43_5 55766.34150057430088 g 13.8467 0.0152 8.5000 16.3194 0.4394 10.8326 11.1050 11.0217
0.92916.3_0.43_5 55766.35272745510156 g 13.8655 0.0152 8.5000 16.3194 0.4394 10.8326 11.1050 11.0217
0.92916.3_0.43_5 55395.56989026119845 g 14.2134 0.0151 8.5000 16.3194 0.4394 10.8326 11.1050 11.0217
0.92916.3_0.43_5 55416.43513051130140 r 13.5325 0.0011 8.5000 16.3194 0.4394 10.8326 11.1050 11.0217
0.92916.3_0.43_5 55416.42419941040134 r 13.5347 0.0011 8.5000 16.3194 0.4394 10.8326 11.1050 11.0217
0.95415.2_0.43_5 55417.30870219309872 g 13.6308 0.0153 9.0000 15.2959 0.4394 9.7362 10.0266 9.9116
0.95415.2_0.43_5 55417.29754138350108 g 13.6499 0.0153 9.0000 15.2959 0.4394 9.7362 10.0266 9.9116
0.95416.3_0.43_5 55763.34704575160140 g 13.9710 0.0152 9.0000 16.3194 0.4394 10.7508 11.0334 10.9361
0.95416.3_0.43_5 55763.33571190590010 g 14.0094 0.0152 9.0000 16.3194 0.4394 10.7508 11.0334 10.9361
0.95416.3_0.43_5 56149.28472496019822 g 13.8236 0.0152 9.0000 16.3194 0.4394 10.7508 11.0334 10.9361
0.95416.3_0.43_5 56149.29559169529966 g 13.7919 0.0152 9.0000 16.3194 0.4394 10.7508 11.0334 10.9361
0.95416.3_0.43_5 56477.51630244080297 g 14.4251 0.0150 9.0000 16.3194 0.4394 10.7508 11.0334 10.9361
0.95416.3_0.43_5 56477.52714108340297 g 14.3792 0.0150 9.0000 16.3194 0.4394 10.7508 11.0334 10.9361
0.95416.3_0.43_5 55004.61042004409683 g 14.3883 0.0150 9.0000 16.3194 0.4394 10.7508 11.0334 10.9361
0.95416.3_0.43_5 55004.59947979640128 g 14.3930 0.0150 9.0000 16.3194 0.4394 10.7508 11.0334 10.9361
0.95416.3_0.43_5 55417.30870219309872 g 14.6163 0.0149 9.0000 16.3194 0.4394 10.7508 11.0334 10.9361
0.95416.3_0.43_5 55417.29754138350108 g 14.6130 0.0149 9.0000 16.3194 0.4394 10.7508 11.0334 10.9361
0.95416.3_0.43_5 55395.55705485780345 g 14.0737 0.0151 9.0000 16.3194 0.4394 10.7508 11.0334 10.9361
0.95416.3_0.43_5 55766.34150057430088 g 14.3683 0.0150 9.0000 16.3194 0.4394 10.7508 11.0334 10.9361
0.95416.3_0.43_5 55766.35272745510156 g 14.3807 0.0150 9.0000 16.3194 0.4394 10.7508 11.0334 10.9361
0.95416.3_0.43_5 55395.56989026119845 g 14.0728 0.0151 9.0000 16.3194 0.4394 10.7508 11.0334 10.9361
0.97715.2_0.43_5 55395.55705485780345 g 13.5772 0.0153 9.5000 15.2959 0.4394 9.6519 9.9605 9.8245
0.97715.2_0.43_5 55766.34150057430088 g 13.5851 0.0153 9.5000 15.2959 0.4394 9.6519 9.9605 9.8245
0.97715.2_0.43_5 55766.35272745510156 g 13.5844 0.0153 9.5000 15.2959 0.4394 9.6519 9.9605 9.8245
0.97715.2_0.43_5 55395.56989026119845 g 13.5567 0.0153 9.5000 15.2959 0.4394 9.6519 9.9605 9.8245
0.97716.3_0.43_5 55763.34704575160140 g 14.2056 0.0151 9.5000 16.3194 0.4394 10.6935 10.9707 10.8674
0.97716.3_0.43_5 55763.33571190590010 g 14.2086 0.0151 9.5000 16.3194 0.4394 10.6935 10.9707 10.8674
0.97716.3_0.43_5 56149.28472496019822 g 13.7133 0.0152 9.5000 16.3194 0.4394 10.6935 10.9707 10.8674
0.97716.3_0.43_5 56149.29559169529966 g 13.6963 0.0152 9.5000 16.3194 0.4394 10.6935 10.9707 10.8674
0.97716.3_0.43_5 56477.51630244080297 g 14.4803 0.0150 9.5000 16.3194 0.4394 10.6935 10.9707 10.8674
0.97716.3_0.43_5 56477.52714108340297 g 14.4939 0.0150 9.5000 16.3194 0.4394 10.6935 10.9707 10.8674
0.97716.3_0.43_5 55004.61042004409683 g 14.4444 0.0150 9.5000 16.3194 0.4394 10.6935 10.9707 10.8674
0.97716.3_0.43_5 55004.59947979640128 g 14.4167 0.0150 9.5000 16.3194 0.4394 10.6935 10.9707 10.8674
0.97716.3_0.43_5 55417.30870219309872 g 13.8162 0.0152 9.5000 16.3194 0.4394 10.6935 10.9707 10.8674
0.97716.3_0.43_5 55417.29754138350108 g 13.7906 0.0152 9.5000 16.3194 0.4394 10.6935 10.9707 10.8674
0.97716.3_0.43_5 55395.55705485780345 g 14.5824 0.0149 9.5000 16.3194 0.4394 10.6935 10.9707 10.8674
0.97716.3_0.43_5 55766.34150057430088 g 14.6134 0.0149 9.5000 16.3194 0.4394 10.6935 10.9707 10.8674
0.97716.3_0.43_5 55766.35272745510156 g 14.5857 0.0149 9.5000 16.3194 0.4394 10.6935 10.9707 10.8674
0.97716.3_0.43_5 55395.56989026119845 g 14.6260 0.0149 9.5000 16.3194 0.4394 10.6935 10.9707 10.8674
1.04115.2_0.43_5 55417.30870219309872 g 13.5217 0.0153 11.0000 15.2959 0.4394 9.4772 9.7290 9.6736
1.04115.2_0.43_5 55395.55705485780345 g 13.5717 0.0153 11.0000 15.2959 0.4394 9.4772 9.7290 9.6736
1.04115.2_0.43_5 55395.56989026119845 g 13.5568 0.0153 11.0000 15.2959 0.4394 9.4772 9.7290 9.6736
1.04116.3_0.43_5 55763.34704575160140 g 13.7275 0.0152 11.0000 16.3194 0.4394 10.4800 10.7789 10.6976
1.04116.3_0.43_5 55763.33571190590010 g 13.7474 0.0152 11.0000 16.3194 0.4394 10.4800 10.7789 10.6976
1.04116.3_0.43_5 56477.51630244080297 g 13.9929 0.0152 11.0000 16.3194 0.4394 10.4800 10.7789 10.6976
1.04116.3_0.43_5 56477.52714108340297 g 13.9854 0.0152 11.0000 16.3194 0.4394 10.4800 10.7789 10.6976
1.04116.3_0.43_5 55004.61042004409683 g 13.5417 0.0153 11.0000 16.3194 0.4394 10.4800 10.7789 10.6976
1.04116.3_0.43_5 55004.59947979640128 g 13.5670 0.0153 11.0000 16.3194 0.4394 10.4800 10.7789 10.6976
1.04116.3_0.43_5 55417.30870219309872 g 14.4918 0.0150 11.0000 16.3194 0.4394 10.4800 10.7789 10.6976
1.04116.3_0.43_5 55417.29754138350108 g 14.4750 0.0150 11.0000 16.3194 0.4394 10.4800 10.7789 10.6976
1.04116.3_0.43_5 55395.55705485780345 g 14.5640 0.0150 11.0000 16.3194 0.4394 10.4800 10.7789 10.6976
1.04116.3_0.43_5 55766.34150057430088 g 13.8473 0.0152 11.0000 16.3194 0.4394 10.4800 10.7789 10.6976
1.04116.3_0.43_5 55766.35272745510156 g 13.8412 0.0152 11.0000 16.3194 0.4394 10.4800 10.7789 10.6976
1.04116.3_0.43_5 55395.56989026119845 g 14.5130 0.0150 11.0000 16.3194 0.4394 10.4800 10.7789 10.6976
1.06015.2_0.43_5 56477.51630244080297 g 13.6216 0.0153 11.5000 15.2959 0.4394 9.4061 9.6874 9.6124
1.06015.2_0.43_5 56477.52714108340297 g 13.6171 0.0153 11.5000 15.2959 0.4394 9.4061 9.6874 9.6124
1.06016.3_0.43_5 55763.34704575160140 g 14.4191 0.0150 11.5000 16.3194 0.4394 10.4232 10.7283 10.6098
1.06016.3_0.43_5 55763.33571190590010 g 14.4331 0.0150 11.5000 16.3194 0.4394 10.4232 10.7283 10.6098
1.06016.3_0.43_5 56477.51630244080297 g 14.5292 0.0150 11.5000 16.3194 0.4394 10.4232 10.7283 10.6098
1.06016.3_0.43_5 56477.52714108340297 g 14.5346 0.0150 11.5000 16.3194 0.4394 10.4232 10.7283 10.6098
1.06016.3_0.43_5 55004.61042004409683 g 14.4637 0.0150 11.5000 16.3194 0.4394 10.4232 10.7283 10.6098
1.06016.3_0.43_5 55004.59947979640128 g 14.4660 0.0150 11.5000 16.3194 0.4394 10.4232 10.7283 10.6098
1.06016.3_0.43_5 55417.30870219309872 g 14.1951 0.0151 11.5000 16.3194 0.4394 10.4232 10.7283 10.6098
1.06016.3_0.43_5 55417.29754138350108 g 14.2368 0.0151 11.5000 16.3194 0.4394 10.4232 10.7283 10.6098
1.06016.3_0.43_5 55395.55705485780345 g 14.4415 0.0150 11.5000 16.3194 0.4394 10.4232 10.7283 10.6098
1.06016.3_0.43_5 55766.34150057430088 g 14.3171 0.0150 11.5000 16.3194 0.4394 10.4232 10.7283 10.6098
1.06016.3_0.43_5 55766.35272745510156 g 14.3072 0.0151 11.5000 16.3194 0.4394 10.4232 10.7283 10.6098
1.06016.3_0.43_5 55395.56989026119845 g 14.4564 0.0150 11.5000 16.3194 0.4394 10.4232 10.7283 10.6098
1.07916.3_0.43_5 55763.34704575160140 g 13.9410 0.0152 12.0000 16.3194 0.4394 10.3615 10.6577 10.5506
1.07916.3_0.43_5 55763.33571190590010 g 13.8962 0.0152 12.0000 16.3194 0.4394 10.3615 10.6577 10.5506
1.07916.3_0.43_5 56477.51630244080297 g 14.1800 0.0151 12.0000 16.3194 0.4394 10.3615 10.6577 10.5506
1.07916.3_0.43_5 56477.52714108340297 g 14.1945 0.0151 12.0000 16.3194 0.4394 10.3615 10.6577 10.5506
1.07916.3_0.43_5 55004.61042004409683 g 14.5231 0.0150 12.0000 16.3194 0.4394 10.3615 10.6577 10.5506
1.07916.3_0.43_5 55004.59947979640128 g 14.5258 0.0150 12.0000 16.3194 0.4394 10.3615 10.6577 10.5506
1.07916.3_0.43_5 55395.55705485780345 g 13.8003 0.0152 12.0000 16.3194 0.4394 10.3615 10.6577 10.5506
1.07916.3_0.43_5 55766.34150057430088 g 13.5530 0.0153 12.0000 16.3194 0.4394 10.3615 10.6577 10.5506
1.07916.3_0.43_5 55766.35272745510156 g 13.5712 0.0153 12.0000 16.3194 0.4394 10.3615 10.6577 10.5506
1.07916.3_0.43_5 55395.56989026119845 g 13.8006 0.0152 12.0000 16.3194 0.4394 10.3615 10.6577 10.5506
1.09616.3_0.43_5 55763.34704575160140 g 13.5182 0.0153 12.5000 16.3194 0.4394 10.3051 10.6169 10.5237
1.09616.3_0.43_5 55763.33571190590010 g 13.5196 0.0153 12.5000 16.3194 0.4394 10.3051 10.6169 10.5237
1.09616.3_0.43_5 56477.51630244080297 g 13.9102 0.0152 12.5000 16.3194 0.4394 10.3051 10.6169 10.5237
1.09616.3_0.43_5 56477.52714108340297 g 13.8937 0.0152 12.5000 16.3194 0.4394 10.3051 10.6169 10.5237
1.09616.3_0.43_5 55004.61042004409683 g 14.3710 0.0150 12.5000 16.3194 0.4394 10.3051 10.6169 10.5237
1.09616.3_0.43_5 55004.59947979640128 g 14.3919 0.0150 12.5000 16.3194 0.4394 10.3051 10.6169 10.5237
1.09616.3_0.43_5 55417.30870219309872 g 14.4186 0.0150 12.5000 16.3194 0.4394 10.3051 10.6169 10.5237
1.09616.3_0.43_5 55417.29754138350108 g 14.3956 0.0150 12.5000 16.3194 0.4394 10.3051 10.6169 10.5237
1.09616.3_0.43_5 55395.55705485780345 g 14.2963 0.0151 12.5000 16.3194 0.4394 10.3051 10.6169 10.5237
1.09616.3_0.43_5 55766.34150057430088 g 14.2239 0.0151 12.5000 16.3194 0.4394 10.3051 10.6169 10.5237
1.09616.3_0.43_5 55766.35272745510156 g 14.2080 0.0151 12.5000 16.3194 0.4394 10.3051 10.6169 10.5237
1.09616.3_0.43_5 55395.56989026119845 g 14.2974 0.0151 12.5000 16.3194 0.4394 10.3051 10.6169 10.5237
1.11316.3_0.43_5 55763.34704575160140 g 14.0328 0.0152 13.0000 16.3194 0.4394 10.2619 10.5627 10.4535
1.11316.3_0.43_5 55763.33571190590010 g 14.0209 0.0152 13.0000 16.3194 0.4394 10.2619 10.5627 10.4535
1.11316.3_0.43_5 56477.51630244080297 g 13.8596 0.0152 13.0000 16.3194 0.4394 10.2619 10.5627 10.4535
1.11316.3_0.43_5 56477.52714108340297 g 13.8694 0.0152 13.0000 16.3194 0.4394 10.2619 10.5627 10.4535
1.11316.3_0.43_5 55417.30870219309872 g 14.2582 0.0151 13.0000 16.3194 0.4394 10.2619 10.5627 10.4535
1.11316.3_0.43_5 55417.29754138350108 g 14.2793 0.0151 13.0000 16.3194 0.4394 10.2619 10.5627 10.4535
1.11316.3_0.43_5 55766.34150057430088 g 14.5105 0.0150 13.0000 16.3194 0.4394 10.2619 10.5627 10.4535
1.11316.3_0.43_5 55766.35272745510156 g 14.5146 0.0150 13.0000 16.3194 0.4394 10.2619 10.5627 10.4535
1.13016.3_0.43_5 55763.34704575160140 g 14.2974 0.0151 13.5000 16.3194 0.4394 10.2213 10.5143 10.3990
1.13016.3_0.43_5 55763.33571190590010 g 14.2613 0.0151 13.5000 16.3194 0.4394 10.2213 10.5143 10.3990
1.13016.3_0.43_5 56477.51630244080297 g 13.9861 0.0152 13.5000 16.3194 0.4394 10.2213 10.5143 10.3990
1.13016.3_0.43_5 56477.52714108340297 g 14.0131 0.0152 13.5000 16.3194 0.4394 10.2213 10.5143 10.3990
1.13016.3_0.43_5 55004.61042004409683 g 13.7265 0.0152 13.5000 16.3194 0.4394 10.2213 10.5143 10.3990
1.13016.3_0.43_5 55004.59947979640128 g 13.7044 0.0152 13.5000 16.3194 0.4394 10.2213 10.5143 10.3990
1.13016.3_0.43_5 55417.30870219309872 g 13.9379 0.0152 13.5000 16.3194 0.4394 10.2213 10.5143 10.3990
1.13016.3_0.43_5 55417.29754138350108 g 13.9737 0.0152 13.5000 16.3194 0.4394 10.2213 10.5143 10.3990
1.13016.3_0.43_5 55395.55705485780345 g 13.5557 0.0153 13.5000 16.3194 0.4394 10.2213 10.5143 10.3990
1.13016.3_0.43_5 55766.34150057430088 g 14.4966 0.0150 13.5000 16.3194 0.4394 10.2213 10.5143 10.3990
1.13016.3_0.43_5 55766.35272745510156 g 14.4867 0.0150 13.5000 16.3194 0.4394 10.2213 10.5143 10.3990
1.13016.3_0.43_5 55395.56989026119845 g 13.5749 0.0153 13.5000 16.3194 0.4394 10.2213 10.5143 10.3990
1.14615.2_0.43_5 55766.34150057430088 g 13.5895 0.0153 14.0000 15.2959 0.4394 9.1398 9.4398 9.3203
1.14615.2_0.43_5 55766.35272745510156 g 13.5560 0.0153 14.0000 15.2959 0.4394 9.1398 9.4398 9.3203
1.14616.3_0.43_5 55763.34704575160140 g 14.2395 0.0151 14.0000 16.3194 0.4394 10.1679 10.4548 10.3706
1.14616.3_0.43_5 55763.33571190590010 g 14.2166 0.0151 14.0000 16.3194 0.4394 10.1679 10.4548 10.3706
1.14616.3_0.43_5 56477.51630244080297 g 14.2782 0.0151 14.0000 16.3194 0.4394 10.1679 10.4548 10.3706
1.14616.3_0.43_5 56477.52714108340297 g 14.3085 0.0151 14.0000 16.3194 0.4394 10.1679 10.4548 10.3706
1.14616.3_0.43_5 55004.61042004409683 g 13.6312 0.0153 14.0000 16.3194 0.4394 10.1679 10.4548 10.3706
1.14616.3_0.43_5 55004.59947979640128 g 13.6175 0.0153 14.0000 16.3194 0.4394 10.1679 10.4548 10.3706
1.14616.3_0.43_5 55417.30870219309872 g 14.5140 0.0150 14.0000 16.3194 0.4394 10.1679 10.4548 10.3706
1.14616.3_0.43_5 55417.29754138350108 g 14.5197 0.0150 14.0000 16.3194 0.4394 10.1679 10.4548 10.3706
1.14616.3_0.43_5 55766.34150057430088 g 14.6455 0.0149 14.0000 16.3194 0.4394 10.1679 10.4548 10.3706
1.14616.3_0.43_5 55766.35272745510156 g 14.6431 0.0149 14.0000 16.3194 0.4394 10.1679 10.4548 10.3706
1.16116.3_0.43_5 55763.34704575160140 g 14.0065 0.0152 14.5000 16.3194 0.4394 10.1119 10.4135 10.3127
1.16116.3_0.43_5 55763.33571190590010 g 14.0025 0.0152 14.5000 16.3194 0.4394 10.1119 10.4135 10.3127
1.16116.3_0.43_5 56477.51630244080297 g 14.5186 0.0150 14.5000 16.3194 0.4394 10.1119 10.4135 10.3127
1.16116.3_0.43_5 56477.52714108340297 g 14.5046 0.0150 14.5000 16.3194 0.4394 10.1119 10.4135 10.3127
1.16116.3_0.43_5 55417.30870219309872 g 14.3748 0.0150 14.5000 16.3194 0.4394 10.1119 10.4135 10.3127
1.16116.3_0.43_5 55417.29754138350108 g 14.3684 0.0150 14.5000 16.3194 0.4394 10.1119 10.4135 10.3127
1.16116.3_0.43_5 55766.34150057430088 g 14.5276 0.0150 14.5000 16.3194 0.4394 10.1119 10.4135 10.3127
1.16116.3_0.43_5 55766.35272745510156 g 14.5152 0.0150 14.5000 16.3194 0.4394 10.1119 10.4135 10.3127
1.17616.3_0.43_5 55763.34704575160140 g 13.6431 0.0153 15.0000 16.3194 0.4394 10.0582 10.3740 10.2673
1.17616.3_0.43_5 55763.33571190590010 g 13.6475 0.0153 15.0000 16.3194 0.4394 10.0582 10.3740 10.2673
1.17616.3_0.43_5 56477.51630244080297 g 13.9141 0.0152 15.0000 16.3194 0.4394 10.0582 10.3740 10.2673
1.17616.3_0.43_5 56477.52714108340297 g 13.8984 0.0152 15.0000 16.3194 0.4394 10.0582 10.3740 10.2673
1.17616.3_0.43_5 55004.61042004409683 g 14.5855 0.0149 15.0000 16.3194 0.4394 10.0582 10.3740 10.2673
1.17616.3_0.43_5 55004.59947979640128 g 14.6165 0.0149 15.0000 16.3194 0.4394 10.0582 10.3740 10.2673
1.17616.3_0.43_5 55395.55705485780345 g 14.3232 0.0150 15.0000 16.3194 0.4394 10.0582 10.3740 10.2673
1.17616.3_0.43_5 55766.34150057430088 g 14.3464 0.0150 15.0000 16.3194 0.4394 10.0582 10.3740 10.2673
1.17616.3_0.43_5 55766.35272745510156 g 14.3737 0.0150 15.0000 16.3194 0.4394 10.0582 10.3740 10.2673
1.17616.3_0.43_5 55395.56989026119845 g 14.3359 0.0150 15.0000 16.3194 0.4394 10.0582 10.3740 10.2673
1.19016.3_0.43_5 55417.30870219309872 g 14.0744 0.0151 15.5000 16.3194 0.4394 10.0280 10.3216 10.2218
1.19016.3_0.43_5 55417.29754138350108 g 14.0989 0.0151 15.5000 16.3194 0.4394 10.0280 10.3216 10.2218
1.19016.3_0.43_5 55395.55705485780345 g 13.9495 0.0152 15.5000 16.3194 0.4394 10.0280 10.3216 10.2218
1.19016.3_0.43_5 55766.34150057430088 g 13.7123 0.0152 15.5000 16.3194 0.4394 10.0280 10.3216 10.2218
1.19016.3_0.43_5 55766.35272745510156 g 13.7095 0.0152 15.5000 16.3194 0.4394 10.0280 10.3216 10.2218
1.19016.3_0.43_5 55395.56989026119845 g 13.9642 0.0152 15.5000 16.3194 0.4394 10.0280 10.3216 10.2218
1.20416.3_0.43_5 55763.34704575160140 g 13.9303 0.0152 16.0000 16.3194 0.4394 9.9931 10.3051 10.1671
1.20416.3_0.43_5 55763.33571190590010 g 13.9301 0.0152 16.0000 16.3194 0.4394 9.9931 10.3051 10.1671
1.20416.3_0.43_5 56477.51630244080297 g 14.2768 0.0151 16.0000 16.3194 0.4394 9.9931 10.3051 10.1671
1.20416.3_0.43_5 56477.52714108340297 g 14.3100 0.0151 16.0000 16.3194 0.4394 9.9931 10.3051 10.1671
1.20416.3_0.43_5 55004.61042004409683 g 14.1730 0.0151 16.0000 16.3194 0.4394 9.9931 10.3051 10.1671
1.20416.3_0.43_5 55004.59947979640128 g 14.1810 0.0151 16.0000 16.3194 0.4394 9.9931 10.3051 10.1671
1.20416.3_0.43_5 55417.30870219309872 g 13.5258 0.0153 16.0000 16.3194 0.4394 9.9931 10.3051 10.1671
1.20416.3_0.43_5 55417.29754138350108 g 13.5212 0.0153 16.0000 16.3194 0.4394 9.9931 10.3051 10.1671
1.20416.3_0.43_5 55395.55705485780345 g 13.8315 0.0152 16.0000 16.3194 0.4394 9.9931 10.3051 10.1671
1.20416.3_0.43_5 55395.56989026119845 g 13.8094 0.0152 16.0000 16.3194 0.4394 9.9931 10.3051 10.1671
1.21716.3_0.43_5 55763.34704575160140 g 14.3362 0.0150 16.5000 16.3194 0.4394 9.9445 10.2468 10.1313
1.21716.3_0.43_5 55763.33571190590010 g 14.3416 0.0150 16.5000 16.3194 0.4394 9.9445 10.2468 10.1313
1.21716.3_0.43_5 56477.51630244080297 g 13.8077 0.0152 16.5000 16.3194 0.4394 9.9445 10.2468 10.1313
1.21716.3_0.43_5 56477.52714108340297 g 13.7905 0.0152 16.5000 16.3194 0.4394 9.9445 10.2468 10.1313
1.21716.3_0.43_5 55004.61042004409683 g 14.3211 0.0150 16.5000 16.3194 0.4394 9.9445 10.2468 10.1313
1.21716.3_0.43_5 55004.59947979640128 g 14.3413 0.0150 16.5000 16.3194 0.4394 9.9445 10.2468 10.1313
1.21716.3_0.43_5 55417.30870219309872 g 14.3471 0.0150 16.5000 16.3194 0.4394 9.9445 10.2468 10.1313
1.21716.3_0.43_5 55417.29754138350108 g 14.3448 0.0150 16.5000 16.3194 0.4394 9.9445 10.2468 10.1313
1.21716.3_0.43_5 55395.55705485780345 g 13.7692 0.0152 16.5000 16.3194 0.4394 9.9445 10.2468 10.1313
1.21716.3_0.43_5 55766.34150057430088 g 14.0147 0.0152 16.5000 16.3194 0.4394 9.9445 10.2468 10.1313
1.21716.3_0.43_5 55766.35272745510156 g 13.9780 0.0152 16.5000 16.3194 0.4394 9.9445 10.2468 10.1313
1.21716.3_0.43_5 55395.56989026119845 g 13.7559 0.0152 16.5000 16.3194 0.4394 9.9445 10.2468 10.1313
1.23016.3_0.43_5 55763.34704575160140 g 13.6561 0.0152 17.0000 16.3194 0.4394 9.8929 10.2118 10.1030
1.23016.3_0.43_5 55763.33571190590010 g 13.6318 0.0153 17.0000 16.3194 0.4394 9.8929 10.2118 10.1030
1.23016.3_0.43_5 56477.51630244080297 g 13.6936 0.0152 17.0000 16.3194 0.4394 9.8929 10.2118 10.1030
1.23016.3_0.43_5 56477.52714108340297 g 13.7202 0.0152 17.0000 16.3194 0.4394 9.8929 10.2118 10.1030
1.23016.3_0.43_5 55004.61042004409683 g 14.3637 0.0150 17.0000 16.3194 0.4394 9.8929 10.2118 10.1030
1.23016.3_0.43_5 55004.59947979640128 g 14.3656 0.0150 17.0000 16.3194 0.4394 9.8929 10.2118 10.1030
1.23016.3_0.43_5 55395.55705485780345 g 14.3635 0.0150 17.0000 16.3194 0.4394 9.8929 10.2118 10.1030
1.23016.3_0.43_5 55766.34150057430088 g 14.1365 0.0151 17.0000 16.3194 0.4394 9.8929 10.2118 10.1030
1.23016.3_0.43_5 55766.35272745510156 g 14.1346 0.0151 17.0000 16.3194 0.4394 9.8929 10.2118 10.1030
1.23016.3_0.43_5 55395.56989026119845 g 14.3418 0.0150 17.0000 16.3194 0.4394 9.8929 10.2118 10.1030
1.24316.3_0.43_5 56477.51630244080297 g 14.1079 0.0151 17.5000 16.3194 0.4394 9.8721 10.1680 10.0585
1.24316.3_0.43_5 56477.52714108340297 g 14.1247 0.0151 17.5000 16.3194 0.4394 9.8721 10.1680 10.0585
1.24316.3_0.43_5 55004.61042004409683 g 14.3037 0.0151 17.5000 16.3194 0.4394 9.8721 10.1680 10.0585
1.24316.3_0.43_5 55004.59947979640128 g 14.2943 0.0151 17.5000 16.3194 0.4394 9.8721 10.1680 10.0585
1.25516.3_0.43_5 55763.34704575160140 g 14.1549 0.0151 18.0000 16.3194 0.4394 9.8432 10.1229 10.0145
1.25516.3_0.43_5 55763.33571190590010 g 14.1376 0.0151 18.0000 16.3194 0.4394 9.8432 10.1229 10.0145
1.25516.3_0.43_5 55004.61042004409683 g 13.8421 0.0152 18.0000 16.3194 0.4394 9.8432 10.1229 10.0145
1.25516.3_0.43_5 55004.59947979640128 g 13.8230 0.0152 18.0000 16.3194 0.4394 9.8432 10.1229 10.0145
1.25516.3_0.43_5 55417.30870219309872 g 13.7017 0.0152 18.0000 16.3194 0.4394 9.8432 10.1229 10.0145
1.25516.3_0.43_5 55417.29754138350108 g 13.7685 0.0152 18.0000 16.3194 0.4394 9.8432 10.1229 10.0145
1.25516.3_0.43_5 55766.34150057430088 g 14.1436 0.0151 18.0000 16.3194 0.4394 9.8432 10.1229 10.0145
1.25516.3_0.43_5 55766.35272745510156 g 14.1094 0.0151 18.0000 16.3194 0.4394 9.8432 10.1229 10.0145
1.26716.3_0.43_5 56477.51630244080297 g 14.2283 0.0151 18.5000 16.3194 0.4394 9.7809 10.0942 9.9637
1.26716.3_0.43_5 56477.52714108340297 g 14.2547 0.0151 18.5000 16.3194 0.4394 9.7809 10.0942 9.9637
1.26716.3_0.43_5 55417.30870219309872 g 13.9886 0.0152 18.5000 16.3194 0.4394 9.7809 10.0942 9.9637
1.26716.3_0.43_5 55417.29754138350108 g 13.9714 0.0152 18.5000 16.3194 0.4394 9.7809 10.0942 9.9637
1.26716.3_0.43_5 55766.34150057430088 g 13.6015 0.0153 18.5000 16.3194 0.4394 9.7809 10.0942 9.9637
1.26716.3_0.43_5 55766.35272745510156 g 13.5924 0.0153 18.5000 16.3194 0.4394 9.7809 10.0942 9.9637
1.27816.3_0.43_5 55763.34704575160140 g 14.3981 0.0150 19.0000 16.3194 0.4394 9.7639 10.0647 9.9441
1.27816.3_0.43_5 55763.33571190590010 g 14.3906 0.0150 19.0000 16.3194 0.4394 9.7639 10.0647 9.9441
1.27816.3_0.43_5 55004.61042004409683 g 14.2165 0.0151 19.0000 16.3194 0.4394 9.7639 10.0647 9.9441
1.27816.3_0.43_5 55004.59947979640128 g 14.1784 0.0151 19.0000 16.3194 0.4394 9.7639 10.0647 9.9441
1.27816.3_0.43_5 55417.30870219309872 g 14.1574 0.0151 19.0000 16.3194 0.4394 9.7639 10.0647 9.9441
1.27816.3_0.43_5 55417.29754138350108 g 14.1686 0.0151 19.0000 16.3194 0.4394 9.7639 10.0647 9.9441
1.27816.3_0.43_5 55395.55705485780345 g 13.6992 0.0152 19.0000 16.3194 0.4394 9.7639 10.0647 9.9441
1.27816.3_0.43_5 55766.34150057430088 g 13.9150 0.0152 19.0000 16.3194 0.4394 9.7639 10.0647 9.9441
1.27816.3_0.43_5 55766.35272745510156 g 13.9004 0.0152 19.0000 16.3194 0.4394 9.7639 10.0647 9.9441
1.27816.3_0.43_5 55395.56989026119845 g 13.7144 0.0152 19.0000 16.3194 0.4394 9.7639 10.0647 9.9441
1.2909.25_0.25_5 55760.33595207629696 r 13.9436 0.0014 19.5000  9.2563 0.2519 2.5707 2.9427 2.8332
1.29016.3_0.43_5 56477.51630244080297 g 13.8432 0.0152 19.5000 16.3194 0.4394 9.7262 10.0292 9.9177
1.29016.3_0.43_5 56477.52714108340297 g 13.7893 0.0152 19.5000 16.3194 0.4394 9.7262 10.0292 9.9177
1.29016.3_0.43_5 55004.61042004409683 g 13.5545 0.0153 19.5000 16.3194 0.4394 9.7262 10.0292 9.9177
1.29016.3_0.43_5 55004.59947979640128 g 13.5470 0.0153 19.5000 16.3194 0.4394 9.7262 10.0292 9.9177
1.29016.3_0.43_5 55417.30870219309872 g 13.9498 0.0152 19.5000 16.3194 0.4394 9.7262 10.0292 9.9177
1.29016.3_0.43_5 55417.29754138350108 g 13.9260 0.0152 19.5000 16.3194 0.4394 9.7262 10.0292 9.9177
1.29016.3_0.43_5 55395.55705485780345 g 13.6815 0.0152 19.5000 16.3194 0.4394 9.7262 10.0292 9.9177
1.29016.3_0.43_5 55766.34150057430088 g 13.7237 0.0152 19.5000 16.3194 0.4394 9.7262 10.0292 9.9177
1.29016.3_0.43_5 55766.35272745510156 g 13.7219 0.0152 19.5000 16.3194 0.4394 9.7262 10.0292 9.9177
1.29016.3_0.43_5 55395.56989026119845 g 13.6902 0.0152 19.5000 16.3194 0.4394 9.7262 10.0292 9.9177
1.30116.3_0.43_5 55763.34704575160140 g 14.2408 0.0151 20.0000 16.3194 0.4394 9.6634 9.9876 9.8835
1.30116.3_0.43_5 55763.33571190590010 g 14.2304 0.0151 20.0000 16.3194 0.4394 9.6634 9.9876 9.8835
1.30116.3_0.43_5 56477.51630244080297 g 13.8163 0.0152 20.0000 16.3194 0.4394 9.6634 9.9876 9.8835
1.30116.3_0.43_5 56477.52714108340297 g 13.8071 0.0152 20.0000 16.3194 0.4394 9.6634 9.9876 9.8835
1.30116.3_0.43_5 55004.61042004409683 g 14.0099 0.0152 20.0000 16.3194 0.4394 9.6634 9.9876 9.8835
1.30116.3_0.43_5 55004.59947979640128 g 14.0162 0.0152 20.0000 16.3194 0.4394 9.6634 9.9876 9.8835
1.30116.3_0.43_5 55417.30870219309872 g 13.7775 0.0152 20.0000 16.3194 0.4394 9.6634 9.9876 9.8835
1.30116.3_0.43_5 55417.29754138350108 g 13.7808 0.0152 20.0000 16.3194 0.4394 9.6634 9.9876 9.8835
1.30116.3_0.43_5 55395.55705485780345 g 13.5500 0.0153 20.0000 16.3194 0.4394 9.6634 9.9876 9.8835
1.30116.3_0.43_5 55766.34150057430088 g 13.8245 0.0152 20.0000 16.3194 0.4394 9.6634 9.9876 9.8835
1.30116.3_0.43_5 55766.35272745510156 g 13.8617 0.0152 20.0000 16.3194 0.4394 9.6634 9.9876 9.8835
1.30116.3_0.43_5 55395.56989026119845 g 13.5897 0.0153 20.0000 16.3194 0.4394 9.6634 9.9876 9.8835
1.3119.25_0.25_5 55760.32514359430206 r 17.0653 0.0077 20.5000  9.2563 0.2519 2.5137 2.8499 2.7615
1.31116.3_0.43_5 55766.35272745510156 g 13.5091 0.0153 20.5000 16.3194 0.4394 9.6547 9.9958 9.8427
1.32216.3_0.43_5 55763.34704575160140 g 14.1415 0.0151 21.0000 16.3194 0.4394 9.6317 9.9487 9.8194
1.32216.3_0.43_5 55763.33571190590010 g 14.1665 0.0151 21.0000 16.3194 0.4394 9.6317 9.9487 9.8194
1.32216.3_0.43_5 56477.51630244080297 g 14.1457 0.0151 21.0000 16.3194 0.4394 9.6317 9.9487 9.8194
1.32216.3_0.43_5 56477.52714108340297 g 14.1681 0.0151 21.0000 16.3194 0.4394 9.6317 9.9487 9.8194
1.32216.3_0.43_5 55004.61042004409683 g 13.8994 0.0152 21.0000 16.3194 0.4394 9.6317 9.9487 9.8194
1.32216.3_0.43_5 55004.59947979640128 g 13.8977 0.0152 21.0000 16.3194 0.4394 9.6317 9.9487 9.8194
1.32216.3_0.43_5 55766.34150057430088 g 14.0594 0.0151 21.0000 16.3194 0.4394 9.6317 9.9487 9.8194
1.32216.3_0.43_5 55766.35272745510156 g 14.0491 0.0151 21.0000 16.3194 0.4394 9.6317 9.9487 9.8194
1.3329.25_0.25_5 56471.52585160310264 r 20.6884 0.1075 21.5000  9.2563 0.2519 2.4456 2.7894 2.6843
1.3329.25_0.25_5 55013.55675929180143 r 14.0145 0.0014 21.5000  9.2563 0.2519 2.4456 2.7894 2.6843
1.33216.3_0.43_5 55004.61042004409683 g 13.9652 0.0152 21.5000 16.3194 0.4394 9.5953 9.9015 9.7952
1.33216.3_0.43_5 55004.59947979640128 g 13.9724 0.0152 21.5000 16.3194 0.4394 9.5953 9.9015 9.7952
1.34216.3_0.43_5 55763.34704575160140 g 13.7359 0.0152 22.0000 16.3194 0.4394 9.5613 9.8899 9.7637
1.34216.3_0.43_5 55763.33571190590010 g 13.7359 0.0152 22.0000 16.3194 0.4394 9.5613 9.8899 9.7637
1.34216.3_0.43_5 55417.30870219309872 g 14.0249 0.0152 22.0000 16.3194 0.4394 9.5613 9.8899 9.7637
1.34216.3_0.43_5 55417.29754138350108 g 14.0236 0.0152 22.0000 16.3194 0.4394 9.5613 9.8899 9.7637
1.34216.3_0.43_5 55395.55705485780345 g 14.0413 0.0152 22.0000 16.3194 0.4394 9.5613 9.8899 9.7637
1.34216.3_0.43_5 55766.34150057430088 g 13.9924 0.0152 22.0000 16.3194 0.4394 9.5613 9.8899 9.7637
1.34216.3_0.43_5 55766.35272745510156 g 14.0050 0.0152 22.0000 16.3194 0.4394 9.5613 9.8899 9.7637
1.34216.3_0.43_5 55395.56989026119845 g 14.0288 0.0152 22.0000 16.3194 0.4394 9.5613 9.8899 9.7637
1.35216.3_0.43_5 55763.34704575160140 g 13.9110 0.0152 22.5000 16.3194 0.4394 9.5545 9.8490 9.7375
1.35216.3_0.43_5 55763.33571190590010 g 13.9390 0.0152 22.5000 16.3194 0.4394 9.5545 9.8490 9.7375
1.35216.3_0.43_5 56477.51630244080297 g 14.1175 0.0151 22.5000 16.3194 0.4394 9.5545 9.8490 9.7375
1.35216.3_0.43_5 56477.52714108340297 g 14.1406 0.0151 22.5000 16.3194 0.4394 9.5545 9.8490 9.7375
1.35216.3_0.43_5 55417.30870219309872 g 13.7934 0.0152 22.5000 16.3194 0.4394 9.5545 9.8490 9.7375
1.35216.3_0.43_5 55417.29754138350108 g 13.8075 0.0152 22.5000 16.3194 0.4394 9.5545 9.8490 9.7375
1.35216.3_0.43_5 55395.55705485780345 g 13.8609 0.0152 22.5000 16.3194 0.4394 9.5545 9.8490 9.7375
1.35216.3_0.43_5 55395.56989026119845 g 13.8649 0.0152 22.5000 16.3194 0.4394 9.5545 9.8490 9.7375
1.37116.3_0.43_5 55763.34704575160140 g 13.8077 0.0152 23.5000 16.3194 0.4394 9.4920 9.7972 9.6643
1.37116.3_0.43_5 55763.33571190590010 g 13.8595 0.0152 23.5000 16.3194 0.4394 9.4920 9.7972 9.6643
1.37116.3_0.43_5 55417.30870219309872 g 13.7271 0.0152 23.5000 16.3194 0.4394 9.4920 9.7972 9.6643
1.37116.3_0.43_5 55417.29754138350108 g 13.7482 0.0152 23.5000 16.3194 0.4394 9.4920 9.7972 9.6643
1.37116.3_0.43_5 55766.34150057430088 g 13.9122 0.0152 23.5000 16.3194 0.4394 9.4920 9.7972 9.6643
1.37116.3_0.43_5 55766.35272745510156 g 13.8863 0.0152 23.5000 16.3194 0.4394 9.4920 9.7972 9.6643
1.38016.3_0.43_5 56477.51630244080297 g 14.0789 0.0151 24.0000 16.3194 0.4394 9.4432 9.7808 9.6443
1.38016.3_0.43_5 56477.52714108340297 g 14.0922 0.0151 24.0000 16.3194 0.4394 9.4432 9.7808 9.6443
1.38016.3_0.43_5 55417.30870219309872 g 13.8447 0.0152 24.0000 16.3194 0.4394 9.4432 9.7808 9.6443
1.38016.3_0.43_5 55417.29754138350108 g 13.7967 0.0152 24.0000 16.3194 0.4394 9.4432 9.7808 9.6443
1.38016.3_0.43_5 55395.55705485780345 g 14.0697 0.0151 24.0000 16.3194 0.4394 9.4432 9.7808 9.6443
1.38016.3_0.43_5 55395.56989026119845 g 14.0649 0.0151 24.0000 16.3194 0.4394 9.4432 9.7808 9.6443
1.3899.25_0.25_5 55783.40968449140200 r 20.4012 0.0859 24.5000  9.2563 0.2519 2.2976 2.6493 2.5186
1.3899.25_0.25_5 55416.42419941040134 r 22.2220 0.3678 24.5000  9.2563 0.2519 2.2976 2.6493 2.5186
1.3899.25_0.25_5 56471.53591818320274 r 17.8370 0.0129 24.5000  9.2563 0.2519 2.2976 2.6493 2.5186
1.39716.3_0.43_5 55763.34704575160140 g 13.8677 0.0152 25.0000 16.3194 0.4394 9.3918 9.7098 9.5789
1.39716.3_0.43_5 55763.33571190590010 g 13.8277 0.0152 25.0000 16.3194 0.4394 9.3918 9.7098 9.5789
1.39716.3_0.43_5 55417.30870219309872 g 13.9934 0.0152 25.0000 16.3194 0.4394 9.3918 9.7098 9.5789
1.39716.3_0.43_5 55417.29754138350108 g 13.9690 0.0152 25.0000 16.3194 0.4394 9.3918 9.7098 9.5789
1.39716.3_0.43_5 55395.55705485780345 g 13.7491 0.0152 25.0000 16.3194 0.4394 9.3918 9.7098 9.5789
1.39716.3_0.43_5 55766.34150057430088 g 13.9741 0.0152 25.0000 16.3194 0.4394 9.3918 9.7098 9.5789
1.39716.3_0.43_5 55766.35272745510156 g 13.9543 0.0152 25.0000 16.3194 0.4394 9.3918 9.7098 9.5789
1.39716.3_0.43_5 55395.56989026119845 g 13.7627 0.0152 25.0000 16.3194 0.4394 9.3918 9.7098 9.5789
1.40616.3_0.43_5 55763.34704575160140 g 13.7251 0.0152 25.5000 16.3194 0.4394 9.3666 9.6853 9.5653
1.40616.3_0.43_5 55763.33571190590010 g 13.7133 0.0152 25.5000 16.3194 0.4394 9.3666 9.6853 9.5653
1.40616.3_0.43_5 56477.51630244080297 g 13.7163 0.0152 25.5000 16.3194 0.4394 9.3666 9.6853 9.5653
1.40616.3_0.43_5 56477.52714108340297 g 13.6914 0.0152 25.5000 16.3194 0.4394 9.3666 9.6853 9.5653
1.40616.3_0.43_5 55395.55705485780345 g 13.5832 0.0153 25.5000 16.3194 0.4394 9.3666 9.6853 9.5653
1.40616.3_0.43_5 55395.56989026119845 g 13.5512 0.0153 25.5000 16.3194 0.4394 9.3666 9.6853 9.5653
1.41416.3_0.43_5 56477.51630244080297 g 14.2150 0.0151 26.0000 16.3194 0.4394 9.3597 9.6581 9.5230
1.41416.3_0.43_5 56477.52714108340297 g 14.2080 0.0151 26.0000 16.3194 0.4394 9.3597 9.6581 9.5230
1.41416.3_0.43_5 55417.30870219309872 g 13.8931 0.0152 26.0000 16.3194 0.4394 9.3597 9.6581 9.5230
1.41416.3_0.43_5 55417.29754138350108 g 13.9121 0.0152 26.0000 16.3194 0.4394 9.3597 9.6581 9.5230
1.42316.3_0.43_5 55763.34704575160140 g 13.5216 0.0153 26.5000 16.3194 0.4394 9.3215 9.6234 9.5218
1.42316.3_0.43_5 55763.33571190590010 g 13.5487 0.0153 26.5000 16.3194 0.4394 9.3215 9.6234 9.5218
1.42316.3_0.43_5 55004.61042004409683 g 13.7008 0.0152 26.5000 16.3194 0.4394 9.3215 9.6234 9.5218
1.42316.3_0.43_5 55004.59947979640128 g 13.6533 0.0153 26.5000 16.3194 0.4394 9.3215 9.6234 9.5218
1.42316.3_0.43_5 55395.55705485780345 g 13.7788 0.0152 26.5000 16.3194 0.4394 9.3215 9.6234 9.5218
1.42316.3_0.43_5 55766.34150057430088 g 13.7295 0.0152 26.5000 16.3194 0.4394 9.3215 9.6234 9.5218
1.42316.3_0.43_5 55766.35272745510156 g 13.7442 0.0152 26.5000 16.3194 0.4394 9.3215 9.6234 9.5218
1.42316.3_0.43_5 55395.56989026119845 g 13.7500 0.0152 26.5000 16.3194 0.4394 9.3215 9.6234 9.5218
1.43116.3_0.43_5 55763.34704575160140 g 13.7826 0.0152 27.0000 16.3194 0.4394 9.2832 9.5960 9.4792
1.43116.3_0.43_5 55763.33571190590010 g 13.8052 0.0152 27.0000 16.3194 0.4394 9.2832 9.5960 9.4792
1.43116.3_0.43_5 55004.61042004409683 g 13.7853 0.0152 27.0000 16.3194 0.4394 9.2832 9.5960 9.4792
1.43116.3_0.43_5 55004.59947979640128 g 13.7625 0.0152 27.0000 16.3194 0.4394 9.2832 9.5960 9.4792
1.43116.3_0.43_5 55417.30870219309872 g 13.5102 0.0153 27.0000 16.3194 0.4394 9.2832 9.5960 9.4792
1.43116.3_0.43_5 55417.29754138350108 g 13.5408 0.0153 27.0000 16.3194 0.4394 9.2832 9.5960 9.4792
1.43116.3_0.43_5 55766.34150057430088 g 13.6069 0.0153 27.0000 16.3194 0.4394 9.2832 9.5960 9.4792
1.43116.3_0.43_5 55766.35272745510156 g 13.6158 0.0153 27.0000 16.3194 0.4394 9.2832 9.5960 9.4792
1.4399.25_0.25_5 56151.27789486679831 r 19.2258 0.0351 27.5000  9.2563 0.2519 2.1443 2.4826 2.3499
1.43916.3_0.43_5 55395.55705485780345 g 13.8501 0.0152 27.5000 16.3194 0.4394 9.2693 9.5841 9.4554
1.43916.3_0.43_5 55395.56989026119845 g 13.8188 0.0152 27.5000 16.3194 0.4394 9.2693 9.5841 9.4554
1.44716.3_0.43_5 56477.51630244080297 g 13.8250 0.0152 28.0000 16.3194 0.4394 9.2338 9.5533 9.4356
1.44716.3_0.43_5 56477.52714108340297 g 13.8079 0.0152 28.0000 16.3194 0.4394 9.2338 9.5533 9.4356
1.44716.3_0.43_5 55417.30870219309872 g 13.6018 0.0153 28.0000 16.3194 0.4394 9.2338 9.5533 9.4356
1.44716.3_0.43_5 55417.29754138350108 g 13.6059 0.0153 28.0000 16.3194 0.4394 9.2338 9.5533 9.4356
1.4549.25_0.25_5 55416.42419941040134 r 15.2782 0.0026 28.5000  9.2563 0.2519 2.0623 2.4515 2.3067
1.45416.3_0.43_5 55763.34704575160140 g 13.5567 0.0153 28.5000 16.3194 0.4394 9.2381 9.5366 9.4056
1.45416.3_0.43_5 55763.33571190590010 g 13.5418 0.0153 28.5000 16.3194 0.4394 9.2381 9.5366 9.4056
1.45416.3_0.43_5 56477.51630244080297 g 13.6598 0.0152 28.5000 16.3194 0.4394 9.2381 9.5366 9.4056
1.45416.3_0.43_5 56477.52714108340297 g 13.6896 0.0152 28.5000 16.3194 0.4394 9.2381 9.5366 9.4056
1.45416.3_0.43_5 55004.61042004409683 g 13.6638 0.0152 28.5000 16.3194 0.4394 9.2381 9.5366 9.4056
1.45416.3_0.43_5 55004.59947979640128 g 13.6567 0.0152 28.5000 16.3194 0.4394 9.2381 9.5366 9.4056
1.45416.3_0.43_5 55395.55705485780345 g 13.7443 0.0152 28.5000 16.3194 0.4394 9.2381 9.5366 9.4056
1.45416.3_0.43_5 55766.34150057430088 g 13.7987 0.0152 28.5000 16.3194 0.4394 9.2381 9.5366 9.4056
1.45416.3_0.43_5 55766.35272745510156 g 13.7824 0.0152 28.5000 16.3194 0.4394 9.2381 9.5366 9.4056
1.45416.3_0.43_5 55395.56989026119845 g 13.7558 0.0152 28.5000 16.3194 0.4394 9.2381 9.5366 9.4056
1.46216.3_0.43_5 55763.34704575160140 g 13.8216 0.0152 29.0000 16.3194 0.4394 9.1982 9.5298 9.3744
1.46216.3_0.43_5 55763.33571190590010 g 13.7906 0.0152 29.0000 16.3194 0.4394 9.1982 9.5298 9.3744
1.46216.3_0.43_5 55004.61042004409683 g 13.6132 0.0153 29.0000 16.3194 0.4394 9.1982 9.5298 9.3744
1.46216.3_0.43_5 55004.59947979640128 g 13.6205 0.0153 29.0000 16.3194 0.4394 9.1982 9.5298 9.3744
1.46216.3_0.43_5 55417.30870219309872 g 13.7466 0.0152 29.0000 16.3194 0.4394 9.1982 9.5298 9.3744
1.46216.3_0.43_5 55417.29754138350108 g 13.7393 0.0152 29.0000 16.3194 0.4394 9.1982 9.5298 9.3744
1.46216.3_0.43_5 55766.34150057430088 g 13.6437 0.0153 29.0000 16.3194 0.4394 9.1982 9.5298 9.3744
1.46216.3_0.43_5 55766.35272745510156 g 13.6410 0.0153 29.0000 16.3194 0.4394 9.1982 9.5298 9.3744
1.4699.25_0.25_5 56151.28821925070224 r 17.8422 0.0130 29.5000  9.2563 0.2519 2.0479 2.4021 2.2701
1.47716.3_0.43_5 55004.61042004409683 g 13.6959 0.0152 30.0000 16.3194 0.4394 9.1646 9.4768 9.3558
1.47716.3_0.43_5 55004.59947979640128 g 13.6535 0.0153 30.0000 16.3194 0.4394 9.1646 9.4768 9.3558
1.47716.3_0.43_5 55417.30870219309872 g 13.9075 0.0152 30.0000 16.3194 0.4394 9.1646 9.4768 9.3558
1.47716.3_0.43_5 55417.29754138350108 g 13.8837 0.0152 30.0000 16.3194 0.4394 9.1646 9.4768 9.3558
1.47716.3_0.43_5 55395.55705485780345 g 13.6217 0.0153 30.0000 16.3194 0.4394 9.1646 9.4768 9.3558
1.47716.3_0.43_5 55395.56989026119845 g 13.6004 0.0153 30.0000 16.3194 0.4394 9.1646 9.4768 9.3558
