# Name Epoch Band Mag eMag period DM E(B-V) KMEAN  W1MEAN W2MEAN
0.47714.8_0.31_3 56455.50909898799728 g 13.7041 0.0152 3.0000 14.8955 0.3188 10.7502 10.9888 10.8602
0.47714.8_0.31_3 56455.50310488919786 g 13.7053 0.0152 3.0000 14.8955 0.3188 10.7502 10.9888 10.8602
0.47715.2_0.31_3 55389.41923784199753 g 13.7151 0.0152 3.0000 15.2558 0.3188 11.1082 11.3475 11.2139
0.47715.2_0.31_3 55389.43128160380002 g 13.6950 0.0152 3.0000 15.2558 0.3188 11.1082 11.3475 11.2139
0.47715.2_0.31_3 55362.51180082430074 g 13.7572 0.0152 3.0000 15.2558 0.3188 11.1082 11.3475 11.2139
0.47715.2_0.31_3 55362.52300459550315 g 13.7352 0.0152 3.0000 15.2558 0.3188 11.1082 11.3475 11.2139
0.47715.2_0.31_3 56457.52983403619874 g 13.7465 0.0152 3.0000 15.2558 0.3188 11.1082 11.3475 11.2139
0.47715.2_0.31_3 56457.54031506789761 g 13.7713 0.0152 3.0000 15.2558 0.3188 11.1082 11.3475 11.2139
0.47715.2_0.31_3 56455.50909898799728 g 14.0756 0.0151 3.0000 15.2558 0.3188 11.1082 11.3475 11.2139
0.47715.2_0.31_3 56455.50310488919786 g 14.0379 0.0152 3.0000 15.2558 0.3188 11.1082 11.3475 11.2139
0.54414.8_0.31_3 55751.48074012909638 g 13.5501 0.0153 3.5000 14.8955 0.3188 10.5402 10.7605 10.6257
0.54414.8_0.31_3 56455.50909898799728 g 13.5795 0.0153 3.5000 14.8955 0.3188 10.5402 10.7605 10.6257
0.54414.8_0.31_3 56455.50310488919786 g 13.5709 0.0153 3.5000 14.8955 0.3188 10.5402 10.7605 10.6257
0.54415.2_0.31_3 55751.48074012909638 g 13.8870 0.0152 3.5000 15.2558 0.3188 10.8864 11.1218 10.9953
0.54415.2_0.31_3 55751.47112829940306 g 13.8541 0.0152 3.5000 15.2558 0.3188 10.8864 11.1218 10.9953
0.54415.2_0.31_3 55362.51180082430074 g 13.7501 0.0152 3.5000 15.2558 0.3188 10.8864 11.1218 10.9953
0.54415.2_0.31_3 55362.52300459550315 g 13.7352 0.0152 3.5000 15.2558 0.3188 10.8864 11.1218 10.9953
0.54415.2_0.31_3 56457.52983403619874 g 13.5572 0.0153 3.5000 15.2558 0.3188 10.8864 11.1218 10.9953
0.54415.2_0.31_3 56457.54031506789761 g 13.5669 0.0153 3.5000 15.2558 0.3188 10.8864 11.1218 10.9953
0.54415.2_0.31_3 56455.50909898799728 g 13.9371 0.0152 3.5000 15.2558 0.3188 10.8864 11.1218 10.9953
0.54415.2_0.31_3 56455.50310488919786 g 13.9196 0.0152 3.5000 15.2558 0.3188 10.8864 11.1218 10.9953
0.60215.2_0.31_3 55389.41923784199753 g 13.8035 0.0152 4.0000 15.2558 0.3188 10.7417 10.9443 10.8054
0.60215.2_0.31_3 55389.43128160380002 g 13.8173 0.0152 4.0000 15.2558 0.3188 10.7417 10.9443 10.8054
0.60215.2_0.31_3 56457.52983403619874 g 13.7707 0.0152 4.0000 15.2558 0.3188 10.7417 10.9443 10.8054
0.60215.2_0.31_3 56457.54031506789761 g 13.7755 0.0152 4.0000 15.2558 0.3188 10.7417 10.9443 10.8054
0.65315.2_0.31_3 55389.41923784199753 g 13.6237 0.0153 4.5000 15.2558 0.3188 10.5754 10.7783 10.6435
0.65315.2_0.31_3 55389.43128160380002 g 13.6480 0.0153 4.5000 15.2558 0.3188 10.5754 10.7783 10.6435
0.65315.2_0.31_3 55362.51180082430074 g 13.6414 0.0153 4.5000 15.2558 0.3188 10.5754 10.7783 10.6435
0.65315.2_0.31_3 55362.52300459550315 g 13.6414 0.0153 4.5000 15.2558 0.3188 10.5754 10.7783 10.6435
0.65315.2_0.31_3 56455.50909898799728 g 13.5671 0.0153 4.5000 15.2558 0.3188 10.5754 10.7783 10.6435
0.65315.2_0.31_3 56455.50310488919786 g 13.5653 0.0153 4.5000 15.2558 0.3188 10.5754 10.7783 10.6435
0.69815.2_0.31_3 55751.48074012909638 g 13.5326 0.0153 5.0000 15.2558 0.3188 10.4400 10.6151 10.5009
0.69815.2_0.31_3 55751.47112829940306 g 13.5151 0.0153 5.0000 15.2558 0.3188 10.4400 10.6151 10.5009
0.69815.2_0.31_3 56455.50909898799728 g 13.6193 0.0153 5.0000 15.2558 0.3188 10.4400 10.6151 10.5009
0.69815.2_0.31_3 56455.50310488919786 g 13.6063 0.0153 5.0000 15.2558 0.3188 10.4400 10.6151 10.5009
0.74015.2_0.31_3 55751.48074012909638 g 13.5601 0.0153 5.5000 15.2558 0.3188 10.3143 10.4911 10.3669
0.74015.2_0.31_3 55751.47112829940306 g 13.5731 0.0153 5.5000 15.2558 0.3188 10.3143 10.4911 10.3669
0.74015.2_0.31_3 56455.50909898799728 g 13.6063 0.0153 5.5000 15.2558 0.3188 10.3143 10.4911 10.3669
0.74015.2_0.31_3 56455.50310488919786 g 13.5737 0.0153 5.5000 15.2558 0.3188 10.3143 10.4911 10.3669
0.77815.2_0.31_3 55362.51180082430074 g 13.5257 0.0153 6.0000 15.2558 0.3188 10.1770 10.3730 10.2413
1.1909.25_0.14_3 56455.55393630090111 r 17.6200 0.0111 15.5000  9.2563 0.1447 2.8479 2.9653 2.8768
1.2439.25_0.14_3 56092.51084739850194 r 22.0260 0.3134 17.5000  9.2563 0.1447 2.6856 2.7766 2.7043
1.2439.25_0.14_3 55742.47864454609953 r 21.9814 0.3023 17.5000  9.2563 0.1447 2.6856 2.7766 2.7043
1.2559.25_0.14_3 55742.48840854079754 r 21.3075 0.1755 18.0000  9.2563 0.1447 2.6703 2.7235 2.6974
1.2559.25_0.14_3 55742.47864454609953 r 17.0130 0.0074 18.0000  9.2563 0.1447 2.6703 2.7235 2.6974
1.2679.25_0.14_3 56463.49977130220213 r 21.5971 0.2215 18.5000  9.2563 0.1447 2.6286 2.7126 2.6487
1.2789.25_0.14_3 56463.49977130220213 r 15.5695 0.0031 19.0000  9.2563 0.1447 2.5922 2.6662 2.6219
1.2789.25_0.14_3 55742.48840854079754 r 16.6978 0.0061 19.0000  9.2563 0.1447 2.5922 2.6662 2.6219
1.3019.25_0.14_3 55367.43008595990250 r 13.5754 0.0012 20.0000  9.2563 0.1447 2.4978 2.5630 2.5406
1.3019.25_0.14_3 56463.49977130220213 r 16.8466 0.0067 20.0000  9.2563 0.1447 2.4978 2.5630 2.5406
1.3119.25_0.14_3 56463.49977130220213 r 14.6753 0.0019 20.5000  9.2563 0.1447 2.4773 2.5588 2.5117
1.3119.25_0.14_3 55742.48840854079754 r 20.4810 0.0914 20.5000  9.2563 0.1447 2.4773 2.5588 2.5117
1.3329.25_0.14_3 56092.50065102460212 r 18.1185 0.0157 21.5000  9.2563 0.1447 2.4077 2.4842 2.4333
1.3429.25_0.14_3 55367.44114172959962 r 15.2399 0.0026 22.0000  9.2563 0.1447 2.3779 2.4414 2.3898
1.3719.25_0.14_3 55367.43008595990250 r 17.1160 0.0080 23.5000  9.2563 0.1447 2.2862 2.3543 2.3205
1.3719.25_0.14_3 56455.54414857050142 r 15.8781 0.0037 23.5000  9.2563 0.1447 2.2862 2.3543 2.3205
1.4239.25_0.14_3 56463.50966883230285 r 13.5170 0.0011 26.5000  9.2563 0.1447 2.1435 2.1798 2.1445
1.4319.25_0.14_3 55751.39024186220195 r 17.4422 0.0099 27.0000  9.2563 0.1447 2.1056 2.1521 2.1151
1.4399.25_0.14_3 55751.38108828519762 r 21.4991 0.2047 27.5000  9.2563 0.1447 2.0866 2.1186 2.0954
1.4399.25_0.14_3 55367.44114172959962 r 13.7895 0.0013 27.5000  9.2563 0.1447 2.0866 2.1186 2.0954
1.4399.25_0.14_3 56463.49977130220213 r 16.3782 0.0050 27.5000  9.2563 0.1447 2.0866 2.1186 2.0954
1.4479.25_0.14_3 55751.39024186220195 r 19.2994 0.0371 28.0000  9.2563 0.1447 2.0696 2.1178 2.0654
1.4479.25_0.14_3 55751.38108828519762 r 13.8675 0.0013 28.0000  9.2563 0.1447 2.0696 2.1178 2.0654
1.4479.25_0.14_3 55742.48840854079754 r 19.9006 0.0584 28.0000  9.2563 0.1447 2.0696 2.1178 2.0654
1.4549.25_0.14_3 56463.50966883230285 r 15.9520 0.0038 28.5000  9.2563 0.1447 2.0502 2.0990 2.0562
