# Name Epoch Band Mag eMag period DM E(B-V) KMEAN  W1MEAN W2MEAN
0.47714.3_0.43_2 56457.56835645849787 g 13.5319 0.0153 3.0000 14.3608 0.4341 10.2642 10.4841 10.3259
0.47714.3_0.43_2 56457.55803521820053 g 13.5200 0.0153 3.0000 14.3608 0.4341 10.2642 10.4841 10.3259
0.47714.3_0.43_2 55389.34593994639727 g 13.5223 0.0153 3.0000 14.3608 0.4341 10.2642 10.4841 10.3259
0.47714.3_0.43_2 55389.35763830000360 g 13.5201 0.0153 3.0000 14.3608 0.4341 10.2642 10.4841 10.3259
0.47714.3_0.43_2 56094.52534659249795 g 13.5283 0.0153 3.0000 14.3608 0.4341 10.2642 10.4841 10.3259
0.47714.3_0.43_2 56094.51482438950188 g 13.5203 0.0153 3.0000 14.3608 0.4341 10.2642 10.4841 10.3259
0.47714.5_0.43_2 56457.56835645849787 g 13.7721 0.0152 3.0000 14.5875 0.4341 10.4593 10.6794 10.5641
0.47714.5_0.43_2 56457.55803521820053 g 13.7884 0.0152 3.0000 14.5875 0.4341 10.4593 10.6794 10.5641
0.47714.5_0.43_2 55389.34593994639727 g 13.7505 0.0152 3.0000 14.5875 0.4341 10.4593 10.6794 10.5641
0.47714.5_0.43_2 55389.35763830000360 g 13.7321 0.0152 3.0000 14.5875 0.4341 10.4593 10.6794 10.5641
0.47714.5_0.43_2 56094.52534659249795 g 13.7847 0.0152 3.0000 14.5875 0.4341 10.4593 10.6794 10.5641
0.47714.5_0.43_2 56094.51482438950188 g 13.7834 0.0152 3.0000 14.5875 0.4341 10.4593 10.6794 10.5641
0.47714.9_0.43_2 56501.36297648039908 g 13.7882 0.0152 3.0000 14.9804 0.4341 10.8786 11.0894 10.9500
0.47714.9_0.43_2 56501.35234097330249 g 13.7835 0.0152 3.0000 14.9804 0.4341 10.8786 11.0894 10.9500
0.47714.9_0.43_2 56457.56835645849787 g 14.1637 0.0151 3.0000 14.9804 0.4341 10.8786 11.0894 10.9500
0.47714.9_0.43_2 56457.55803521820053 g 14.1647 0.0151 3.0000 14.9804 0.4341 10.8786 11.0894 10.9500
0.47714.9_0.43_2 55389.34593994639727 g 14.1339 0.0151 3.0000 14.9804 0.4341 10.8786 11.0894 10.9500
0.47714.9_0.43_2 55389.35763830000360 g 14.1541 0.0151 3.0000 14.9804 0.4341 10.8786 11.0894 10.9500
0.47714.9_0.43_2 55361.47706227460003 g 13.8463 0.0152 3.0000 14.9804 0.4341 10.8786 11.0894 10.9500
0.47714.9_0.43_2 55361.48901028659748 g 13.8471 0.0152 3.0000 14.9804 0.4341 10.8786 11.0894 10.9500
0.47714.9_0.43_2 56094.52534659249795 g 14.1705 0.0151 3.0000 14.9804 0.4341 10.8786 11.0894 10.9500
0.47714.9_0.43_2 56094.51482438950188 g 14.1874 0.0151 3.0000 14.9804 0.4341 10.8786 11.0894 10.9500
0.54414.5_0.43_2 55389.34593994639727 g 13.6485 0.0153 3.5000 14.5875 0.4341 10.2791 10.4890 10.3389
0.54414.5_0.43_2 55389.35763830000360 g 13.6530 0.0153 3.5000 14.5875 0.4341 10.2791 10.4890 10.3389
0.54414.5_0.43_2 55361.47706227460003 g 13.6419 0.0153 3.5000 14.5875 0.4341 10.2791 10.4890 10.3389
0.54414.5_0.43_2 55361.48901028659748 g 13.6559 0.0152 3.5000 14.5875 0.4341 10.2791 10.4890 10.3389
0.54414.9_0.43_2 55741.52906279460149 g 13.6695 0.0152 3.5000 14.9804 0.4341 10.6687 10.8650 10.7727
0.54414.9_0.43_2 55741.53945135739923 g 13.6779 0.0152 3.5000 14.9804 0.4341 10.6687 10.8650 10.7727
0.54414.9_0.43_2 56501.36297648039908 g 13.7967 0.0152 3.5000 14.9804 0.4341 10.6687 10.8650 10.7727
0.54414.9_0.43_2 56501.35234097330249 g 13.8074 0.0152 3.5000 14.9804 0.4341 10.6687 10.8650 10.7727
0.54414.9_0.43_2 55389.34593994639727 g 14.0514 0.0151 3.5000 14.9804 0.4341 10.6687 10.8650 10.7727
0.54414.9_0.43_2 55389.35763830000360 g 14.0238 0.0152 3.5000 14.9804 0.4341 10.6687 10.8650 10.7727
0.54414.9_0.43_2 55361.47706227460003 g 14.0151 0.0152 3.5000 14.9804 0.4341 10.6687 10.8650 10.7727
0.54414.9_0.43_2 55361.48901028659748 g 14.0648 0.0151 3.5000 14.9804 0.4341 10.6687 10.8650 10.7727
0.54414.9_0.43_2 55825.23854554219724 g 13.5230 0.0153 3.5000 14.9804 0.4341 10.6687 10.8650 10.7727
0.54414.9_0.43_2 55825.24895362179814 g 13.5243 0.0153 3.5000 14.9804 0.4341 10.6687 10.8650 10.7727
0.60214.9_0.43_2 55741.52906279460149 g 13.5219 0.0153 4.0000 14.9804 0.4341 10.4868 10.6983 10.5632
0.60214.9_0.43_2 56457.56835645849787 g 13.5373 0.0153 4.0000 14.9804 0.4341 10.4868 10.6983 10.5632
0.60214.9_0.43_2 56094.52534659249795 g 13.8207 0.0152 4.0000 14.9804 0.4341 10.4868 10.6983 10.5632
0.60214.9_0.43_2 56094.51482438950188 g 13.8492 0.0152 4.0000 14.9804 0.4341 10.4868 10.6983 10.5632
0.65314.9_0.43_2 55389.34593994639727 g 13.7903 0.0152 4.5000 14.9804 0.4341 10.3503 10.5046 10.3846
0.65314.9_0.43_2 55389.35763830000360 g 13.7881 0.0152 4.5000 14.9804 0.4341 10.3503 10.5046 10.3846
0.65314.9_0.43_2 55361.47706227460003 g 13.7660 0.0152 4.5000 14.9804 0.4341 10.3503 10.5046 10.3846
0.65314.9_0.43_2 55361.48901028659748 g 13.7708 0.0152 4.5000 14.9804 0.4341 10.3503 10.5046 10.3846
0.65314.9_0.43_2 56094.52534659249795 g 13.6697 0.0152 4.5000 14.9804 0.4341 10.3503 10.5046 10.3846
0.65314.9_0.43_2 56094.51482438950188 g 13.6650 0.0152 4.5000 14.9804 0.4341 10.3503 10.5046 10.3846
0.65314.9_0.43_2 55825.23854554219724 g 13.7847 0.0152 4.5000 14.9804 0.4341 10.3503 10.5046 10.3846
0.65314.9_0.43_2 55825.24895362179814 g 13.7999 0.0152 4.5000 14.9804 0.4341 10.3503 10.5046 10.3846
0.69814.9_0.43_2 55741.52906279460149 g 13.5289 0.0153 5.0000 14.9804 0.4341 10.2167 10.3607 10.2377
0.69814.9_0.43_2 55741.53945135739923 g 13.5367 0.0153 5.0000 14.9804 0.4341 10.2167 10.3607 10.2377
0.69814.9_0.43_2 56501.36297648039908 g 13.6605 0.0152 5.0000 14.9804 0.4341 10.2167 10.3607 10.2377
0.69814.9_0.43_2 56501.35234097330249 g 13.6888 0.0152 5.0000 14.9804 0.4341 10.2167 10.3607 10.2377
0.69814.9_0.43_2 55361.47706227460003 g 13.5945 0.0153 5.0000 14.9804 0.4341 10.2167 10.3607 10.2377
0.69814.9_0.43_2 55361.48901028659748 g 13.5638 0.0153 5.0000 14.9804 0.4341 10.2167 10.3607 10.2377
0.69814.9_0.43_2 56094.52534659249795 g 13.5472 0.0153 5.0000 14.9804 0.4341 10.2167 10.3607 10.2377
0.69814.9_0.43_2 55825.23854554219724 g 13.6883 0.0152 5.0000 14.9804 0.4341 10.2167 10.3607 10.2377
0.69814.9_0.43_2 55825.24895362179814 g 13.6912 0.0152 5.0000 14.9804 0.4341 10.2167 10.3607 10.2377
0.74014.9_0.43_2 55741.52906279460149 g 13.6048 0.0153 5.5000 14.9804 0.4341 10.0784 10.2302 10.1083
0.74014.9_0.43_2 55741.53945135739923 g 13.5716 0.0153 5.5000 14.9804 0.4341 10.0784 10.2302 10.1083
0.74014.9_0.43_2 56501.36297648039908 g 13.7253 0.0152 5.5000 14.9804 0.4341 10.0784 10.2302 10.1083
0.74014.9_0.43_2 56501.35234097330249 g 13.7152 0.0152 5.5000 14.9804 0.4341 10.0784 10.2302 10.1083
0.74014.9_0.43_2 56457.56835645849787 g 13.6767 0.0152 5.5000 14.9804 0.4341 10.0784 10.2302 10.1083
0.74014.9_0.43_2 56457.55803521820053 g 13.6781 0.0152 5.5000 14.9804 0.4341 10.0784 10.2302 10.1083
0.74014.9_0.43_2 55389.34593994639727 g 13.5859 0.0153 5.5000 14.9804 0.4341 10.0784 10.2302 10.1083
0.74014.9_0.43_2 55389.35763830000360 g 13.5616 0.0153 5.5000 14.9804 0.4341 10.0784 10.2302 10.1083
0.74014.9_0.43_2 56094.52534659249795 g 13.6902 0.0152 5.5000 14.9804 0.4341 10.0784 10.2302 10.1083
0.74014.9_0.43_2 56094.51482438950188 g 13.6935 0.0152 5.5000 14.9804 0.4341 10.0784 10.2302 10.1083
0.74014.9_0.43_2 55825.23854554219724 g 13.5777 0.0153 5.5000 14.9804 0.4341 10.0784 10.2302 10.1083
0.74014.9_0.43_2 55825.24895362179814 g 13.5771 0.0153 5.5000 14.9804 0.4341 10.0784 10.2302 10.1083
0.81214.9_0.43_2 55361.47706227460003 g 13.5448 0.0153 6.5000 14.9804 0.4341 9.8440 9.9790 9.8853
0.81214.9_0.43_2 55361.48901028659748 g 13.5605 0.0153 6.5000 14.9804 0.4341 9.8440 9.9790 9.8853
0.84514.9_0.43_2 56501.36297648039908 g 13.5223 0.0153 7.0000 14.9804 0.4341 9.7416 9.8765 9.7750
0.84514.9_0.43_2 56501.35234097330249 g 13.5050 0.0153 7.0000 14.9804 0.4341 9.7416 9.8765 9.7750
1.2439.13_0.18_2 55747.52781731069990 r 22.0958 0.3318 17.5000  9.1304 0.1876 2.5836 2.6693 2.6065
1.2679.13_0.18_2 55011.49571765120345 r 19.2770 0.0365 18.5000  9.1304 0.1876 2.5146 2.5739 2.5527
1.2789.13_0.18_2 56461.56385172720184 r 13.8805 0.0013 19.0000  9.1304 0.1876 2.4645 2.5304 2.4581
1.2909.13_0.18_2 55011.49571765120345 r 16.4396 0.0052 19.5000  9.1304 0.1876 2.4332 2.5193 2.4531
1.3019.13_0.18_2 55011.49571765120345 r 20.7007 0.1085 20.0000  9.1304 0.1876 2.3971 2.4708 2.4255
1.3229.13_0.18_2 55011.50595761409932 r 18.6889 0.0237 21.0000  9.1304 0.1876 2.3352 2.3888 2.3605
1.3329.13_0.18_2 55747.52781731069990 r 18.9373 0.0284 21.5000  9.1304 0.1876 2.3006 2.3577 2.3153
1.3329.13_0.18_2 55747.51774657380156 r 16.1326 0.0043 21.5000  9.1304 0.1876 2.3006 2.3577 2.3153
1.3429.13_0.18_2 56089.58163797239831 r 16.9385 0.0071 22.0000  9.1304 0.1876 2.2829 2.3239 2.2723
1.3429.13_0.18_2 55365.55153752669867 r 19.4667 0.0420 22.0000  9.1304 0.1876 2.2829 2.3239 2.2723
1.3809.13_0.18_2 55011.49571765120345 r 16.6867 0.0060 24.0000  9.1304 0.1876 2.1549 2.2080 2.1627
1.3809.13_0.18_2 55011.50595761409932 r 17.7065 0.0118 24.0000  9.1304 0.1876 2.1549 2.2080 2.1627
1.3899.13_0.18_2 56089.57143417510088 r 19.7662 0.0527 24.5000  9.1304 0.1876 2.1382 2.1797 2.1223
1.4069.13_0.18_2 56089.57143417510088 r 22.0079 0.3088 25.5000  9.1304 0.1876 2.0679 2.1225 2.0837
1.4149.13_0.18_2 56089.57143417510088 r 15.1142 0.0024 26.0000  9.1304 0.1876 2.0512 2.0943 2.0675
1.4239.13_0.18_2 55365.56279327249649 r 17.5786 0.0108 26.5000  9.1304 0.1876 2.0155 2.0689 2.0260
1.4479.13_0.18_2 56501.38378539549740 r 13.5199 0.0011 28.0000  9.1304 0.1876 1.9469 1.9917 1.9558
1.4549.13_0.18_2 55011.50595761409932 r 16.3314 0.0048 28.5000  9.1304 0.1876 1.9303 1.9728 1.9251
1.4629.13_0.18_2 55365.55153752669867 r 21.7441 0.2494 29.0000  9.1304 0.1876 1.9226 1.9459 1.8954
1.4629.13_0.18_2 55747.51774657380156 r 13.5276 0.0011 29.0000  9.1304 0.1876 1.9226 1.9459 1.8954
1.4699.13_0.18_2 56501.37391442649823 r 14.1083 0.0015 29.5000  9.1304 0.1876 1.8849 1.9076 1.8831
1.4699.13_0.18_2 55747.52781731069990 r 13.8283 0.0013 29.5000  9.1304 0.1876 1.8849 1.9076 1.8831
1.4779.13_0.18_2 56461.57367129669728 r 20.3491 0.0825 30.0000  9.1304 0.1876 1.8643 1.8892 1.8613
