# Name Epoch Band Mag eMag period DM E(B-V) KMEAN  W1MEAN W2MEAN
0.47715.3_0.30_5 55417.40431658970192 g 13.8179 0.0152 3.0000 15.3539 0.3028 11.2065 11.4520 11.4137
0.47715.3_0.30_5 55417.41594804450142 g 13.8005 0.0152 3.0000 15.3539 0.3028 11.2065 11.4520 11.4137
0.47715.3_0.30_5 56485.36848881509650 g 13.7809 0.0152 3.0000 15.3539 0.3028 11.2065 11.4520 11.4137
0.47715.3_0.30_5 56485.37924013860174 g 13.7928 0.0152 3.0000 15.3539 0.3028 11.2065 11.4520 11.4137
0.47715.3_0.30_5 56476.38315473699913 g 13.7755 0.0152 3.0000 15.3539 0.3028 11.2065 11.4520 11.4137
0.47715.3_0.30_5 55004.58744732390187 g 14.0638 0.0151 3.0000 15.3539 0.3028 11.2065 11.4520 11.4137
0.47715.3_0.30_5 55004.57531843009929 g 14.0528 0.0151 3.0000 15.3539 0.3028 11.2065 11.4520 11.4137
0.47715.3_0.30_5 56476.39348249419709 g 13.7810 0.0152 3.0000 15.3539 0.3028 11.2065 11.4520 11.4137
0.54415.3_0.30_5 56476.38315473699913 g 14.0078 0.0152 3.5000 15.3539 0.3028 11.0070 11.2619 11.2133
0.54415.3_0.30_5 56476.39348249419709 g 14.0042 0.0152 3.5000 15.3539 0.3028 11.0070 11.2619 11.2133
0.60215.3_0.30_5 55417.40431658970192 g 13.7886 0.0152 4.0000 15.3539 0.3028 10.8126 11.0930 11.0352
0.60215.3_0.30_5 55417.41594804450142 g 13.7696 0.0152 4.0000 15.3539 0.3028 10.8126 11.0930 11.0352
0.60215.3_0.30_5 56485.36848881509650 g 13.7724 0.0152 4.0000 15.3539 0.3028 10.8126 11.0930 11.0352
0.60215.3_0.30_5 56485.37924013860174 g 13.7700 0.0152 4.0000 15.3539 0.3028 10.8126 11.0930 11.0352
0.65315.3_0.30_5 56485.36848881509650 g 13.7196 0.0152 4.5000 15.3539 0.3028 10.6557 10.9358 10.8663
0.65315.3_0.30_5 56485.37924013860174 g 13.7294 0.0152 4.5000 15.3539 0.3028 10.6557 10.9358 10.8663
0.65315.3_0.30_5 55851.22796167150227 g 13.7837 0.0152 4.5000 15.3539 0.3028 10.6557 10.9358 10.8663
0.65315.3_0.30_5 55851.24046506120067 g 13.7941 0.0152 4.5000 15.3539 0.3028 10.6557 10.9358 10.8663
0.65315.3_0.30_5 55851.25434080589912 g 13.7921 0.0152 4.5000 15.3539 0.3028 10.6557 10.9358 10.8663
0.65315.3_0.30_5 55851.26656102749985 g 13.8063 0.0152 4.5000 15.3539 0.3028 10.6557 10.9358 10.8663
0.65315.3_0.30_5 56476.38315473699913 g 13.7299 0.0152 4.5000 15.3539 0.3028 10.6557 10.9358 10.8663
0.65315.3_0.30_5 55004.58744732390187 g 13.6573 0.0152 4.5000 15.3539 0.3028 10.6557 10.9358 10.8663
0.65315.3_0.30_5 55004.57531843009929 g 13.6627 0.0152 4.5000 15.3539 0.3028 10.6557 10.9358 10.8663
0.65315.3_0.30_5 56476.39348249419709 g 13.7264 0.0152 4.5000 15.3539 0.3028 10.6557 10.9358 10.8663
0.69815.3_0.30_5 56485.36848881509650 g 13.6688 0.0152 5.0000 15.3539 0.3028 10.5072 10.8053 10.7394
0.69815.3_0.30_5 56485.37924013860174 g 13.6877 0.0152 5.0000 15.3539 0.3028 10.5072 10.8053 10.7394
0.69815.3_0.30_5 55851.22796167150227 g 13.6489 0.0153 5.0000 15.3539 0.3028 10.5072 10.8053 10.7394
0.69815.3_0.30_5 55851.24046506120067 g 13.6167 0.0153 5.0000 15.3539 0.3028 10.5072 10.8053 10.7394
0.69815.3_0.30_5 55851.25434080589912 g 13.6461 0.0153 5.0000 15.3539 0.3028 10.5072 10.8053 10.7394
0.69815.3_0.30_5 55851.26656102749985 g 13.6110 0.0153 5.0000 15.3539 0.3028 10.5072 10.8053 10.7394
0.69815.3_0.30_5 56476.38315473699913 g 13.5522 0.0153 5.0000 15.3539 0.3028 10.5072 10.8053 10.7394
0.69815.3_0.30_5 55004.58744732390187 g 13.5274 0.0153 5.0000 15.3539 0.3028 10.5072 10.8053 10.7394
0.69815.3_0.30_5 55004.57531843009929 g 13.5196 0.0153 5.0000 15.3539 0.3028 10.5072 10.8053 10.7394
0.69815.3_0.30_5 56476.39348249419709 g 13.5229 0.0153 5.0000 15.3539 0.3028 10.5072 10.8053 10.7394
0.74015.3_0.30_5 56485.36848881509650 g 13.5688 0.0153 5.5000 15.3539 0.3028 10.4077 10.6919 10.6114
0.74015.3_0.30_5 56485.37924013860174 g 13.5649 0.0153 5.5000 15.3539 0.3028 10.4077 10.6919 10.6114
0.77815.3_0.30_5 55417.40431658970192 g 13.6305 0.0153 6.0000 15.3539 0.3028 10.2692 10.5759 10.5059
0.77815.3_0.30_5 55417.41594804450142 g 13.6368 0.0153 6.0000 15.3539 0.3028 10.2692 10.5759 10.5059
0.77815.3_0.30_5 56485.36848881509650 g 13.5978 0.0153 6.0000 15.3539 0.3028 10.2692 10.5759 10.5059
0.77815.3_0.30_5 56485.37924013860174 g 13.6164 0.0153 6.0000 15.3539 0.3028 10.2692 10.5759 10.5059
0.81215.3_0.30_5 55004.58744732390187 g 13.5212 0.0153 6.5000 15.3539 0.3028 10.1536 10.4595 10.3829
0.81215.3_0.30_5 55004.57531843009929 g 13.5269 0.0153 6.5000 15.3539 0.3028 10.1536 10.4595 10.3829
1.0608.77_0.11_5 55767.34309320890316 r 15.6924 0.0033 11.5000  8.7794 0.1152 2.7524 3.1075 3.0370
1.1308.77_0.11_5 55013.58810952829663 r 15.8555 0.0036 13.5000  8.7794 0.1152 2.5609 2.8910 2.8056
1.1908.77_0.11_5 55397.46231151079701 r 17.7167 0.0119 15.5000  8.7794 0.1152 2.3552 2.7288 2.6201
1.1908.77_0.11_5 56137.45722464340361 r 16.9654 0.0072 15.5000  8.7794 0.1152 2.3552 2.7288 2.6201
1.2438.77_0.11_5 55397.47410531609785 r 17.3345 0.0092 17.5000  8.7794 0.1152 2.2056 2.5769 2.4782
1.2558.77_0.11_5 55414.43956980940129 r 17.5518 0.0106 18.0000  8.7794 0.1152 2.1667 2.5414 2.4082
1.2788.77_0.11_5 55414.43956980940129 r 18.7010 0.0239 19.0000  8.7794 0.1152 2.1074 2.4665 2.3700
1.2908.77_0.11_5 55013.58810952829663 r 21.7709 0.2548 19.5000  8.7794 0.1152 2.0572 2.4067 2.3395
1.3018.77_0.11_5 56137.46741520990327 r 14.4281 0.0017 20.0000  8.7794 0.1152 2.0246 2.4086 2.3012
1.3018.77_0.11_5 56485.46494878269732 r 21.6993 0.2405 20.0000  8.7794 0.1152 2.0246 2.4086 2.3012
1.3118.77_0.11_5 55013.59832816509879 r 19.7567 0.0523 20.5000  8.7794 0.1152 1.9921 2.3664 2.2363
1.3118.77_0.11_5 55414.43956980940129 r 19.1499 0.0332 20.5000  8.7794 0.1152 1.9921 2.3664 2.2363
1.3428.77_0.11_5 56137.46741520990327 r 14.7723 0.0020 22.0000  8.7794 0.1152 1.9015 2.2741 2.1446
1.3718.77_0.11_5 56137.46741520990327 r 17.4695 0.0101 23.5000  8.7794 0.1152 1.8196 2.1976 2.0766
1.3808.77_0.11_5 55397.47410531609785 r 15.8026 0.0035 24.0000  8.7794 0.1152 1.7814 2.1641 2.0498
1.3898.77_0.11_5 55013.59832816509879 r 16.4710 0.0053 24.5000  8.7794 0.1152 1.7573 2.1295 2.0267
1.4148.77_0.11_5 55414.42854492470360 r 19.6776 0.0493 26.0000  8.7794 0.1152 1.6766 2.0733 1.9445
1.4238.77_0.11_5 55414.42854492470360 r 16.3774 0.0050 26.5000  8.7794 0.1152 1.6348 2.0279 1.9088
1.4238.77_0.11_5 55013.59832816509879 r 15.4209 0.0028 26.5000  8.7794 0.1152 1.6348 2.0279 1.9088
1.4398.77_0.11_5 55397.47481564339978 r 20.0188 0.0639 27.5000  8.7794 0.1152 1.5785 1.9819 1.8635
1.4478.77_0.11_5 55397.46231151079701 r 15.2974 0.0026 28.0000  8.7794 0.1152 1.5661 1.9702 1.8483
1.4548.77_0.11_5 55013.59832816509879 r 19.6439 0.0480 28.5000  8.7794 0.1152 1.5537 1.9316 1.8214
1.4778.77_0.11_5 55397.47481564339978 r 22.6356 0.5165 30.0000  8.7794 0.1152 1.4779 1.8847 1.7383
