# Name Epoch Band Mag eMag period DM E(B-V) KMEAN  W1MEAN W2MEAN
0.47713.7_0.66_0 56477.37863663199823 g 13.5972 0.0153 3.0000 13.7058 0.6698 9.6887 9.8790 9.8174
0.47713.7_0.66_0 56477.36815429050330 g 13.6213 0.0153 3.0000 13.7058 0.6698 9.6887 9.8790 9.8174
0.47713.7_0.66_0 55358.42922407569858 g 13.6217 0.0153 3.0000 13.7058 0.6698 9.6887 9.8790 9.8174
0.47714.2_0.66_0 56477.37863663199823 g 14.1524 0.0151 3.0000 14.2005 0.6698 10.2023 10.3822 10.3160
0.47714.2_0.66_0 56477.36815429050330 g 14.1596 0.0151 3.0000 14.2005 0.6698 10.2023 10.3822 10.3160
0.47714.2_0.66_0 55358.42922407569858 g 14.1708 0.0151 3.0000 14.2005 0.6698 10.2023 10.3822 10.3160
0.47714.8_0.66_0 56477.37863663199823 g 14.7867 0.0149 3.0000 14.8795 0.6698 10.8784 11.0580 10.9910
0.47714.8_0.66_0 56477.36815429050330 g 14.8179 0.0149 3.0000 14.8795 0.6698 10.8784 11.0580 10.9910
0.47714.8_0.66_0 56067.55071863390185 g 13.8918 0.0152 3.0000 14.8795 0.6698 10.8784 11.0580 10.9910
0.47714.8_0.66_0 55710.55269180500181 g 13.8709 0.0152 3.0000 14.8795 0.6698 10.8784 11.0580 10.9910
0.47714.8_0.66_0 55710.53705099789659 g 13.8371 0.0152 3.0000 14.8795 0.6698 10.8784 11.0580 10.9910
0.47714.8_0.66_0 56064.47257601840101 g 13.8591 0.0152 3.0000 14.8795 0.6698 10.8784 11.0580 10.9910
0.47714.8_0.66_0 55358.42922407569858 g 14.8207 0.0149 3.0000 14.8795 0.6698 10.8784 11.0580 10.9910
0.47714.8_0.66_0 56489.36069020070136 r 13.6721 0.0012 3.0000 14.8795 0.6698 10.8784 11.0580 10.9910
0.47714.8_0.66_0 56489.37035237249802 r 13.6739 0.0012 3.0000 14.8795 0.6698 10.8784 11.0580 10.9910
0.54414.2_0.66_0 55358.42922407569858 g 13.7787 0.0152 3.5000 14.2005 0.6698 9.9865 10.1853 10.1131
0.54414.8_0.66_0 56477.37863663199823 g 13.8031 0.0152 3.5000 14.8795 0.6698 10.6643 10.8666 10.7757
0.54414.8_0.66_0 56477.36815429050330 g 13.8446 0.0152 3.5000 14.8795 0.6698 10.6643 10.8666 10.7757
0.54414.8_0.66_0 56067.55071863390185 g 13.6344 0.0153 3.5000 14.8795 0.6698 10.6643 10.8666 10.7757
0.54414.8_0.66_0 55710.55269180500181 g 13.6098 0.0153 3.5000 14.8795 0.6698 10.6643 10.8666 10.7757
0.54414.8_0.66_0 55710.53705099789659 g 13.6208 0.0153 3.5000 14.8795 0.6698 10.6643 10.8666 10.7757
0.54414.8_0.66_0 56064.47257601840101 g 13.8827 0.0152 3.5000 14.8795 0.6698 10.6643 10.8666 10.7757
0.54414.8_0.66_0 55358.42922407569858 g 14.5019 0.0150 3.5000 14.8795 0.6698 10.6643 10.8666 10.7757
0.60214.2_0.66_0 56477.37863663199823 g 13.9501 0.0152 4.0000 14.2005 0.6698 9.8004 10.0170 9.9178
0.60214.2_0.66_0 56477.36815429050330 g 13.9271 0.0152 4.0000 14.2005 0.6698 9.8004 10.0170 9.9178
0.60214.2_0.66_0 56064.47257601840101 g 13.7673 0.0152 4.0000 14.2005 0.6698 9.8004 10.0170 9.9178
0.60214.8_0.66_0 56477.37863663199823 g 14.6074 0.0149 4.0000 14.8795 0.6698 10.5016 10.6720 10.6066
0.60214.8_0.66_0 56477.36815429050330 g 14.5489 0.0150 4.0000 14.8795 0.6698 10.5016 10.6720 10.6066
0.60214.8_0.66_0 56067.55071863390185 g 14.1286 0.0151 4.0000 14.8795 0.6698 10.5016 10.6720 10.6066
0.60214.8_0.66_0 55710.55269180500181 g 13.6862 0.0152 4.0000 14.8795 0.6698 10.5016 10.6720 10.6066
0.60214.8_0.66_0 55710.53705099789659 g 13.6933 0.0152 4.0000 14.8795 0.6698 10.5016 10.6720 10.6066
0.60214.8_0.66_0 56064.47257601840101 g 14.4067 0.0150 4.0000 14.8795 0.6698 10.5016 10.6720 10.6066
0.60214.8_0.66_0 55358.42922407569858 g 13.7064 0.0152 4.0000 14.8795 0.6698 10.5016 10.6720 10.6066
0.65314.2_0.66_0 56477.37863663199823 g 13.6042 0.0153 4.5000 14.2005 0.6698 9.6512 9.8422 9.7679
0.65314.2_0.66_0 56477.36815429050330 g 13.6056 0.0153 4.5000 14.2005 0.6698 9.6512 9.8422 9.7679
0.65314.2_0.66_0 56064.47257601840101 g 13.8766 0.0152 4.5000 14.2005 0.6698 9.6512 9.8422 9.7679
0.65314.2_0.66_0 55358.42922407569858 g 13.8639 0.0152 4.5000 14.2005 0.6698 9.6512 9.8422 9.7679
0.65314.8_0.66_0 56477.37863663199823 g 14.2811 0.0151 4.5000 14.8795 0.6698 10.3303 10.5278 10.4610
0.65314.8_0.66_0 56477.36815429050330 g 14.2610 0.0151 4.5000 14.8795 0.6698 10.3303 10.5278 10.4610
0.65314.8_0.66_0 56067.55071863390185 g 14.1366 0.0151 4.5000 14.8795 0.6698 10.3303 10.5278 10.4610
0.65314.8_0.66_0 55710.55269180500181 g 13.5122 0.0153 4.5000 14.8795 0.6698 10.3303 10.5278 10.4610
0.65314.8_0.66_0 56064.47257601840101 g 14.5516 0.0150 4.5000 14.8795 0.6698 10.3303 10.5278 10.4610
0.65314.8_0.66_0 55358.42922407569858 g 14.5163 0.0150 4.5000 14.8795 0.6698 10.3303 10.5278 10.4610
0.69814.2_0.66_0 56064.47257601840101 g 13.7249 0.0152 5.0000 14.2005 0.6698 9.5141 9.7331 9.6319
0.69814.2_0.66_0 55358.42922407569858 g 13.7165 0.0152 5.0000 14.2005 0.6698 9.5141 9.7331 9.6319
0.69814.8_0.66_0 56477.37863663199823 g 14.1583 0.0151 5.0000 14.8795 0.6698 10.1823 10.3962 10.2994
0.69814.8_0.66_0 56477.36815429050330 g 14.1499 0.0151 5.0000 14.8795 0.6698 10.1823 10.3962 10.2994
0.69814.8_0.66_0 56067.55071863390185 g 14.2146 0.0151 5.0000 14.8795 0.6698 10.1823 10.3962 10.2994
0.69814.8_0.66_0 56064.47257601840101 g 14.4087 0.0150 5.0000 14.8795 0.6698 10.1823 10.3962 10.2994
0.69814.8_0.66_0 55358.42922407569858 g 14.4108 0.0150 5.0000 14.8795 0.6698 10.1823 10.3962 10.2994
0.74014.8_0.66_0 56477.37863663199823 g 14.0793 0.0151 5.5000 14.8795 0.6698 10.0660 10.2884 10.1767
0.74014.8_0.66_0 56477.36815429050330 g 14.0793 0.0151 5.5000 14.8795 0.6698 10.0660 10.2884 10.1767
0.74014.8_0.66_0 56067.55071863390185 g 13.6637 0.0152 5.5000 14.8795 0.6698 10.0660 10.2884 10.1767
0.74014.8_0.66_0 56064.47257601840101 g 13.9664 0.0152 5.5000 14.8795 0.6698 10.0660 10.2884 10.1767
0.77814.8_0.66_0 56477.37863663199823 g 14.1562 0.0151 6.0000 14.8795 0.6698 9.9463 10.1693 10.0574
0.77814.8_0.66_0 56477.36815429050330 g 14.1628 0.0151 6.0000 14.8795 0.6698 9.9463 10.1693 10.0574
0.77814.8_0.66_0 56067.55071863390185 g 14.1521 0.0151 6.0000 14.8795 0.6698 9.9463 10.1693 10.0574
0.77814.8_0.66_0 55358.42922407569858 g 13.8543 0.0152 6.0000 14.8795 0.6698 9.9463 10.1693 10.0574
0.81214.8_0.66_0 56064.47257601840101 g 14.0502 0.0151 6.5000 14.8795 0.6698 9.8358 10.0537 9.9647
0.81214.8_0.66_0 55358.42922407569858 g 14.0029 0.0152 6.5000 14.8795 0.6698 9.8358 10.0537 9.9647
0.84514.2_0.66_0 55358.42922407569858 g 13.5853 0.0153 7.0000 14.2005 0.6698 9.0740 9.2745 9.1891
0.84514.8_0.66_0 56477.37863663199823 g 14.1263 0.0151 7.0000 14.8795 0.6698 9.7294 9.9626 9.8793
0.84514.8_0.66_0 56477.36815429050330 g 14.0817 0.0151 7.0000 14.8795 0.6698 9.7294 9.9626 9.8793
0.84514.8_0.66_0 56064.47257601840101 g 14.1366 0.0151 7.0000 14.8795 0.6698 9.7294 9.9626 9.8793
0.84514.8_0.66_0 55358.42922407569858 g 14.2589 0.0151 7.0000 14.8795 0.6698 9.7294 9.9626 9.8793
0.87514.8_0.66_0 56477.37863663199823 g 13.5043 0.0153 7.5000 14.8795 0.6698 9.6228 9.8799 9.7630
0.87514.8_0.66_0 56477.36815429050330 g 13.5005 0.0153 7.5000 14.8795 0.6698 9.6228 9.8799 9.7630
0.87514.8_0.66_0 56067.55071863390185 g 14.1190 0.0151 7.5000 14.8795 0.6698 9.6228 9.8799 9.7630
0.90314.8_0.66_0 56477.37863663199823 g 13.6656 0.0152 8.0000 14.8795 0.6698 9.5396 9.7918 9.6914
0.90314.8_0.66_0 56477.36815429050330 g 13.6493 0.0153 8.0000 14.8795 0.6698 9.5396 9.7918 9.6914
0.90314.8_0.66_0 56067.55071863390185 g 14.0425 0.0152 8.0000 14.8795 0.6698 9.5396 9.7918 9.6914
0.92914.8_0.66_0 56064.47257601840101 g 13.9386 0.0152 8.5000 14.8795 0.6698 9.4930 9.7113 9.6071
0.92914.8_0.66_0 55358.42922407569858 g 13.8738 0.0152 8.5000 14.8795 0.6698 9.4930 9.7113 9.6071
0.95414.8_0.66_0 56067.55071863390185 g 13.9926 0.0152 9.0000 14.8795 0.6698 9.3873 9.6407 9.5372
0.97714.8_0.66_0 56477.37863663199823 g 13.9436 0.0152 9.5000 14.8795 0.6698 9.3219 9.5609 9.4751
0.97714.8_0.66_0 56477.36815429050330 g 13.9729 0.0152 9.5000 14.8795 0.6698 9.3219 9.5609 9.4751
0.97714.8_0.66_0 56067.55071863390185 g 13.9057 0.0152 9.5000 14.8795 0.6698 9.3219 9.5609 9.4751
1.04114.8_0.66_0 56477.37863663199823 g 13.6716 0.0152 11.0000 14.8795 0.6698 9.1462 9.3630 9.2612
1.04114.8_0.66_0 56477.36815429050330 g 13.6548 0.0153 11.0000 14.8795 0.6698 9.1462 9.3630 9.2612
1.04114.8_0.66_0 56067.55071863390185 g 13.8400 0.0152 11.0000 14.8795 0.6698 9.1462 9.3630 9.2612
1.06014.8_0.66_0 56477.37863663199823 g 13.7206 0.0152 11.5000 14.8795 0.6698 9.0669 9.3340 9.1984
1.06014.8_0.66_0 56477.36815429050330 g 13.7180 0.0152 11.5000 14.8795 0.6698 9.0669 9.3340 9.1984
1.06014.8_0.66_0 55358.42922407569858 g 13.6212 0.0153 11.5000 14.8795 0.6698 9.0669 9.3340 9.1984
1.07914.8_0.66_0 56064.47257601840101 g 13.8162 0.0152 12.0000 14.8795 0.6698 9.0105 9.2601 9.1550
1.07914.8_0.66_0 55358.42922407569858 g 13.7148 0.0152 12.0000 14.8795 0.6698 9.0105 9.2601 9.1550
1.09614.8_0.66_0 56067.55071863390185 g 13.8055 0.0152 12.5000 14.8795 0.6698 8.9643 9.2110 9.0912
1.11314.8_0.66_0 56067.55071863390185 g 13.6737 0.0152 13.0000 14.8795 0.6698 8.9020 9.1728 9.0503
1.13014.8_0.66_0 56067.55071863390185 g 13.5639 0.0153 13.5000 14.8795 0.6698 8.8753 9.1139 9.0012
1.14614.8_0.66_0 56067.55071863390185 g 13.7108 0.0152 14.0000 14.8795 0.6698 8.8126 9.0668 8.9437
1.16114.8_0.66_0 56067.55071863390185 g 13.8204 0.0152 14.5000 14.8795 0.6698 8.7672 9.0254 8.8871
1.16114.8_0.66_0 55358.42922407569858 g 13.6509 0.0153 14.5000 14.8795 0.6698 8.7672 9.0254 8.8871
1.17614.8_0.66_0 56064.47257601840101 g 13.7926 0.0152 15.0000 14.8795 0.6698 8.7177 8.9817 8.8616
1.17614.8_0.66_0 55358.42922407569858 g 13.6757 0.0152 15.0000 14.8795 0.6698 8.7177 8.9817 8.8616
1.19014.8_0.66_0 56477.37863663199823 g 13.5633 0.0153 15.5000 14.8795 0.6698 8.6797 8.9215 8.8187
1.19014.8_0.66_0 56477.36815429050330 g 13.5675 0.0153 15.5000 14.8795 0.6698 8.6797 8.9215 8.8187
1.21714.8_0.66_0 56067.55071863390185 g 13.6375 0.0153 16.5000 14.8795 0.6698 8.5713 8.8467 8.7333
1.21714.8_0.66_0 55358.42922407569858 g 13.6228 0.0153 16.5000 14.8795 0.6698 8.5713 8.8467 8.7333
1.25514.8_0.66_0 56477.37863663199823 g 13.5713 0.0153 18.0000 14.8795 0.6698 8.4669 8.7496 8.6225
1.25514.8_0.66_0 56477.36815429050330 g 13.6009 0.0153 18.0000 14.8795 0.6698 8.4669 8.7496 8.6225
1.25514.8_0.66_0 56064.47257601840101 g 13.5550 0.0153 18.0000 14.8795 0.6698 8.4669 8.7496 8.6225
1.30114.8_0.66_0 56064.47257601840101 g 13.5237 0.0153 20.0000 14.8795 0.6698 8.3315 8.5985 8.4843
1.36114.8_0.66_0 55358.42922407569858 g 13.5378 0.0153 23.0000 14.8795 0.6698 8.1380 8.4296 8.2972
