# Name Epoch Band Mag eMag period DM E(B-V) KMEAN  W1MEAN W2MEAN
lc_3.0_14.2_0.65 56477.37863663199823 g 13.5124 0.0153 3.0000 14.2005 0.6504 10.0081 10.2931 10.2468
lc_3.0_14.2_0.65 56477.36815429050330 g 13.5170 0.0153 3.0000 14.2005 0.6504 10.0081 10.2931 10.2468
lc_3.0_14.8_0.65 56477.37863663199823 g 14.2199 0.0151 3.0000 14.8795 0.6504 10.6870 10.9720 10.9257
lc_3.0_14.8_0.65 56477.36815429050330 g 14.1859 0.0151 3.0000 14.8795 0.6504 10.6870 10.9720 10.9257
lc_3.0_14.8_0.65 55353.53643156809994 r 13.5873 0.0012 3.0000 14.8795 0.6504 10.6870 10.9720 10.9257
lc_3.0_14.8_0.65 55353.52368616260355 r 13.6030 0.0012 3.0000 14.8795 0.6504 10.6870 10.9720 10.9257
lc_3.2_14.8_0.65 56477.37863663199823 g 14.1219 0.0151 3.2000 14.8795 0.6504 10.6010 10.8884 10.8399
lc_3.2_14.8_0.65 56477.36815429050330 g 14.1218 0.0151 3.2000 14.8795 0.6504 10.6010 10.8884 10.8399
lc_3.4_14.2_0.65 56477.37863663199823 g 13.7226 0.0152 3.4000 14.2005 0.6504  9.8413 10.1308 10.0804
lc_3.4_14.2_0.65 56477.36815429050330 g 13.6948 0.0152 3.4000 14.2005 0.6504  9.8413 10.1308 10.0804
lc_3.4_14.8_0.65 56477.37863663199823 g 14.3953 0.0150 3.4000 14.8795 0.6504 10.5202 10.8098 10.7593
lc_3.4_14.8_0.65 56477.36815429050330 g 14.4135 0.0150 3.4000 14.8795 0.6504 10.5202 10.8098 10.7593
lc_3.6_14.8_0.65 56477.37863663199823 g 14.0665 0.0151 3.6000 14.8795 0.6504 10.4440 10.7357 10.6833
lc_3.6_14.8_0.65 56477.36815429050330 g 14.0904 0.0151 3.6000 14.8795 0.6504 10.4440 10.7357 10.6833
lc_3.8_14.2_0.65 56477.37863663199823 g 13.6490 0.0153 3.8000 14.2005 0.6504  9.6931  9.9866  9.9324
lc_3.8_14.2_0.65 56477.36815429050330 g 13.6517 0.0153 3.8000 14.2005 0.6504  9.6931  9.9866  9.9324
lc_3.8_14.8_0.65 56477.37863663199823 g 14.2945 0.0151 3.8000 14.8795 0.6504 10.3720 10.6656 10.6114
lc_3.8_14.8_0.65 56477.36815429050330 g 14.2862 0.0151 3.8000 14.8795 0.6504 10.3720 10.6656 10.6114
lc_4.0_14.8_0.65 56477.37863663199823 g 13.8184 0.0152 4.0000 14.8795 0.6504 10.3036 10.5991 10.5431
lc_4.0_14.8_0.65 56477.36815429050330 g 13.8084 0.0152 4.0000 14.8795 0.6504 10.3036 10.5991 10.5431
lc_4.8_14.8_0.65 56477.37863663199823 g 13.6148 0.0153 4.8000 14.8795 0.6504 10.0606 10.3627 10.3007
lc_4.8_14.8_0.65 56477.36815429050330 g 13.6308 0.0153 4.8000 14.8795 0.6504 10.0606 10.3627 10.3007
lc_5.0_14.8_0.65 56477.37863663199823 g 13.9570 0.0152 5.0000 14.8795 0.6504 10.0062 10.3097 10.2464
lc_5.0_14.8_0.65 56477.36815429050330 g 13.9709 0.0152 5.0000 14.8795 0.6504 10.0062 10.3097 10.2464
lc_5.2_14.2_0.65 56477.37863663199823 g 13.5415 0.0153 5.2000 14.2005 0.6504  9.2750  9.5800  9.5153
lc_5.2_14.2_0.65 56477.36815429050330 g 13.5302 0.0153 5.2000 14.2005 0.6504  9.2750  9.5800  9.5153
lc_5.2_14.8_0.65 56477.37863663199823 g 14.2358 0.0151 5.2000 14.8795 0.6504  9.9540 10.2589 10.1942
lc_5.2_14.8_0.65 56477.36815429050330 g 14.2395 0.0151 5.2000 14.8795 0.6504  9.9540 10.2589 10.1942
lc_5.4_14.8_0.65 56477.37863663199823 g 13.5189 0.0153 5.4000 14.8795 0.6504  9.9037 10.2100 10.1440
lc_5.4_14.8_0.65 56477.36815429050330 g 13.5282 0.0153 5.4000 14.8795 0.6504  9.9037 10.2100 10.1440
lc_5.6_14.8_0.65 56477.37863663199823 g 13.7324 0.0152 5.6000 14.8795 0.6504  9.8552 10.1628 10.0957
lc_5.6_14.8_0.65 56477.36815429050330 g 13.7111 0.0152 5.6000 14.8795 0.6504  9.8552 10.1628 10.0957
lc_5.8_14.8_0.65 56477.37863663199823 g 14.2058 0.0151 5.8000 14.8795 0.6504  9.8084 10.1173 10.0490
lc_5.8_14.8_0.65 56477.36815429050330 g 14.1856 0.0151 5.8000 14.8795 0.6504  9.8084 10.1173 10.0490
lc_6.2_14.8_0.65 56477.37863663199823 g 14.0768 0.0151 6.2000 14.8795 0.6504  9.7195 10.0308  9.9603
lc_6.2_14.8_0.65 56477.36815429050330 g 14.0650 0.0151 6.2000 14.8795 0.6504  9.7195 10.0308  9.9603
lc_6.6_14.8_0.65 56477.37863663199823 g 14.0726 0.0151 6.6000 14.8795 0.6504  9.6362  9.9498  9.8772
lc_6.6_14.8_0.65 56477.36815429050330 g 14.0643 0.0151 6.6000 14.8795 0.6504  9.6362  9.9498  9.8772
lc_7.0_14.8_0.65 56477.37863663199823 g 13.7466 0.0152 7.0000 14.8795 0.6504  9.5578  9.8735  9.7989
lc_7.0_14.8_0.65 56477.36815429050330 g 13.7647 0.0152 7.0000 14.8795 0.6504  9.5578  9.8735  9.7989
lc_7.2_14.8_0.65 56477.37863663199823 g 13.7679 0.0152 7.2000 14.8795 0.6504  9.5202  9.8370  9.7614
lc_7.2_14.8_0.65 56477.36815429050330 g 13.7443 0.0152 7.2000 14.8795 0.6504  9.5202  9.8370  9.7614
lc_7.6_14.8_0.65 56477.37863663199823 g 13.9553 0.0152 7.6000 14.8795 0.6504  9.4482  9.7669  9.6895
lc_7.6_14.8_0.65 56477.36815429050330 g 13.9437 0.0152 7.6000 14.8795 0.6504  9.4482  9.7669  9.6895
lc_7.8_14.8_0.65 56477.37863663199823 g 13.6319 0.0153 7.8000 14.8795 0.6504  9.4136  9.7332  9.6550
lc_7.8_14.8_0.65 56477.36815429050330 g 13.6303 0.0153 7.8000 14.8795 0.6504  9.4136  9.7332  9.6550
lc_8.2_14.8_0.65 56477.37863663199823 g 13.7049 0.0152 8.2000 14.8795 0.6504  9.3469  9.6684  9.5885
lc_8.2_14.8_0.65 56477.36815429050330 g 13.7201 0.0152 8.2000 14.8795 0.6504  9.3469  9.6684  9.5885
lc_8.4_14.8_0.65 56477.37863663199823 g 13.7417 0.0152 8.4000 14.8795 0.6504  9.3148  9.6371  9.5564
lc_8.4_14.8_0.65 56477.36815429050330 g 13.7318 0.0152 8.4000 14.8795 0.6504  9.3148  9.6371  9.5564
lc_9.0_14.8_0.65 56477.37863663199823 g 13.7623 0.0152 9.0000 14.8795 0.6504  9.2229  9.5477  9.4647
lc_9.0_14.8_0.65 56477.36815429050330 g 13.7713 0.0152 9.0000 14.8795 0.6504  9.2229  9.5477  9.4647
lc_9.2_14.8_0.65 56477.37863663199823 g 13.6863 0.0152 9.2000 14.8795 0.6504  9.1936  9.5192  9.4354
lc_9.2_14.8_0.65 56477.36815429050330 g 13.6631 0.0152 9.2000 14.8795 0.6504  9.1936  9.5192  9.4354
