# Name Epoch Band Mag eMag period DM E(B-V) KMEAN  W1MEAN W2MEAN
lc_3.0_14.9_0.54 56087.55470092030009 g 13.5232 0.0153 3.0000 14.9472 0.5463 10.7424 11.0336 10.9887
lc_3.0_15.5_0.54 56087.55470092030009 g 14.0732 0.0151 3.0000 15.5360 0.5463 11.3312 11.6224 11.5775
lc_3.0_15.5_0.54 55751.38532522119931 r 13.5509 0.0012 3.0000 15.5360 0.5463 11.3312 11.6224 11.5775
lc_3.0_15.5_0.54 55751.38472358880244 r 13.5242 0.0011 3.0000 15.5360 0.5463 11.3312 11.6224 11.5775
lc_3.0_15.5_0.54 55365.54138303350192 r 13.7280 0.0012 3.0000 15.5360 0.5463 11.3312 11.6224 11.5775
lc_3.0_15.5_0.54 55365.55279374730162 r 13.6673 0.0012 3.0000 15.5360 0.5463 11.3312 11.6224 11.5775
lc_3.0_15.5_0.54 56455.53867639540113 r 14.0244 0.0014 3.0000 15.5360 0.5463 11.3312 11.6224 11.5775
lc_3.0_15.5_0.54 56455.54845129969908 r 14.0309 0.0014 3.0000 15.5360 0.5463 11.3312 11.6224 11.5775
lc_3.0_15.5_0.54 56463.48284840059932 i 13.6101 0.0153 3.0000 15.5360 0.5463 11.3312 11.6224 11.5775
lc_3.0_15.5_0.54 56463.47191794060200 i 13.5587 0.0154 3.0000 15.5360 0.5463 11.3312 11.6224 11.5775
lc_3.0_15.5_0.54 56470.46085263130226 i 13.8860 0.0151 3.0000 15.5360 0.5463 11.3312 11.6224 11.5775
lc_3.0_15.5_0.54 55368.47286136129696 i 13.5710 0.0153 3.0000 15.5360 0.5463 11.3312 11.6224 11.5775
lc_3.0_15.5_0.54 55368.48553904269647 i 13.5609 0.0154 3.0000 15.5360 0.5463 11.3312 11.6224 11.5775
lc_3.0_15.5_0.54 55762.43413221139781 i 13.8728 0.0151 3.0000 15.5360 0.5463 11.3312 11.6224 11.5775
lc_3.0_15.5_0.54 55762.44521914929646 i 13.8556 0.0151 3.0000 15.5360 0.5463 11.3312 11.6224 11.5775
lc_3.0_15.5_0.54 55814.29156187640183 i 13.7063 0.0152 3.0000 15.5360 0.5463 11.3312 11.6224 11.5775
lc_3.0_15.5_0.54 55814.28131575539737 i 13.6945 0.0152 3.0000 15.5360 0.5463 11.3312 11.6224 11.5775
lc_3.0_15.5_0.54 55814.27304463140172 i 13.6866 0.0152 3.0000 15.5360 0.5463 11.3312 11.6224 11.5775
lc_3.0_15.5_0.54 55814.28329884410050 i 13.6300 0.0153 3.0000 15.5360 0.5463 11.3312 11.6224 11.5775
lc_3.0_15.5_0.54 56545.24850367839827 i 13.8838 0.0151 3.0000 15.5360 0.5463 11.3312 11.6224 11.5775
lc_3.0_15.5_0.54 56087.54433193120349 i 13.5738 0.0153 3.0000 15.5360 0.5463 11.3312 11.6224 11.5775
lc_3.0_15.5_0.54 56087.55470092030009 i 13.5663 0.0154 3.0000 15.5360 0.5463 11.3312 11.6224 11.5775
lc_3.2_14.5_0.54 56087.55470092030009 g 13.5639 0.0153 3.2000 14.5046 0.5463 10.2137 10.5072 10.4602
lc_3.2_14.6_0.54 56087.55470092030009 g 13.7739 0.0152 3.2000 14.6851 0.5463 10.3943 10.6878 10.6407
lc_3.2_14.9_0.54 56087.55470092030009 g 14.0491 0.0151 3.2000 14.9472 0.5463 10.6564 10.9499 10.9029
lc_3.2_15.5_0.54 56087.55470092030009 g 14.6029 0.0149 3.2000 15.5360 0.5463 11.2452 11.5387 11.4917
lc_3.2_15.5_0.54 55751.38532522119931 r 13.6229 0.0012 3.2000 15.5360 0.5463 11.2452 11.5387 11.4917
lc_3.2_15.5_0.54 55751.38472358880244 r 13.6507 0.0012 3.2000 15.5360 0.5463 11.2452 11.5387 11.4917
lc_3.2_15.5_0.54 55365.54138303350192 r 13.9818 0.0014 3.2000 15.5360 0.5463 11.2452 11.5387 11.4917
lc_3.2_15.5_0.54 55365.55279374730162 r 13.9849 0.0014 3.2000 15.5360 0.5463 11.2452 11.5387 11.4917
lc_3.2_15.5_0.54 56455.53867639540113 r 13.7116 0.0012 3.2000 15.5360 0.5463 11.2452 11.5387 11.4917
lc_3.2_15.5_0.54 56455.54845129969908 r 13.7040 0.0012 3.2000 15.5360 0.5463 11.2452 11.5387 11.4917
lc_3.2_15.5_0.54 56463.48284840059932 i 13.7043 0.0152 3.2000 15.5360 0.5463 11.2452 11.5387 11.4917
lc_3.2_15.5_0.54 56463.47191794060200 i 13.7224 0.0152 3.2000 15.5360 0.5463 11.2452 11.5387 11.4917
lc_3.2_15.5_0.54 55368.47286136129696 i 13.8133 0.0151 3.2000 15.5360 0.5463 11.2452 11.5387 11.4917
lc_3.2_15.5_0.54 55368.48553904269647 i 13.8477 0.0151 3.2000 15.5360 0.5463 11.2452 11.5387 11.4917
lc_3.2_15.5_0.54 55762.43413221139781 i 13.8200 0.0151 3.2000 15.5360 0.5463 11.2452 11.5387 11.4917
lc_3.2_15.5_0.54 55762.44521914929646 i 13.8395 0.0151 3.2000 15.5360 0.5463 11.2452 11.5387 11.4917
lc_3.2_15.5_0.54 56545.24850367839827 i 13.6270 0.0153 3.2000 15.5360 0.5463 11.2452 11.5387 11.4917
lc_3.2_15.5_0.54 56087.54433193120349 i 13.6165 0.0153 3.2000 15.5360 0.5463 11.2452 11.5387 11.4917
lc_3.2_15.5_0.54 56087.55470092030009 i 13.6085 0.0153 3.2000 15.5360 0.5463 11.2452 11.5387 11.4917
lc_3.4_15.5_0.54 56087.55470092030009 g 13.9628 0.0152 3.4000 15.5360 0.5463 11.1644 11.4601 11.4111
lc_3.4_15.5_0.54 55365.54138303350192 r 13.9147 0.0013 3.4000 15.5360 0.5463 11.1644 11.4601 11.4111
lc_3.4_15.5_0.54 55365.55279374730162 r 13.8659 0.0013 3.4000 15.5360 0.5463 11.1644 11.4601 11.4111
lc_3.4_15.5_0.54 56455.53867639540113 r 13.5470 0.0012 3.4000 15.5360 0.5463 11.1644 11.4601 11.4111
lc_3.4_15.5_0.54 56463.48284840059932 i 13.7429 0.0152 3.4000 15.5360 0.5463 11.1644 11.4601 11.4111
lc_3.4_15.5_0.54 56463.47191794060200 i 13.7478 0.0152 3.4000 15.5360 0.5463 11.1644 11.4601 11.4111
lc_3.4_15.5_0.54 56470.46085263130226 i 13.7294 0.0152 3.4000 15.5360 0.5463 11.1644 11.4601 11.4111
lc_3.4_15.5_0.54 55368.47286136129696 i 13.6298 0.0153 3.4000 15.5360 0.5463 11.1644 11.4601 11.4111
lc_3.4_15.5_0.54 55368.48553904269647 i 13.6767 0.0153 3.4000 15.5360 0.5463 11.1644 11.4601 11.4111
lc_3.4_15.5_0.54 55762.43413221139781 i 13.5092 0.0154 3.4000 15.5360 0.5463 11.1644 11.4601 11.4111
lc_3.4_15.5_0.54 55762.44521914929646 i 13.5392 0.0154 3.4000 15.5360 0.5463 11.1644 11.4601 11.4111
lc_3.4_15.5_0.54 55814.29156187640183 i 13.7103 0.0152 3.4000 15.5360 0.5463 11.1644 11.4601 11.4111
lc_3.4_15.5_0.54 55814.28131575539737 i 13.7348 0.0152 3.4000 15.5360 0.5463 11.1644 11.4601 11.4111
lc_3.4_15.5_0.54 55814.27304463140172 i 13.6919 0.0152 3.4000 15.5360 0.5463 11.1644 11.4601 11.4111
lc_3.4_15.5_0.54 55814.28329884410050 i 13.7565 0.0152 3.4000 15.5360 0.5463 11.1644 11.4601 11.4111
lc_3.4_15.5_0.54 56545.24850367839827 i 13.7134 0.0152 3.4000 15.5360 0.5463 11.1644 11.4601 11.4111
lc_3.6_15.5_0.54 56087.55470092030009 g 13.9032 0.0152 3.6000 15.5360 0.5463 11.0882 11.3860 11.3351
lc_3.6_15.5_0.54 55751.38532522119931 r 13.8055 0.0013 3.6000 15.5360 0.5463 11.0882 11.3860 11.3351
lc_3.6_15.5_0.54 55751.38472358880244 r 13.7833 0.0013 3.6000 15.5360 0.5463 11.0882 11.3860 11.3351
lc_3.6_15.5_0.54 55365.54138303350192 r 13.6744 0.0012 3.6000 15.5360 0.5463 11.0882 11.3860 11.3351
lc_3.6_15.5_0.54 55365.55279374730162 r 13.6441 0.0012 3.6000 15.5360 0.5463 11.0882 11.3860 11.3351
lc_3.6_15.5_0.54 56463.47191794060200 i 13.5582 0.0154 3.6000 15.5360 0.5463 11.0882 11.3860 11.3351
lc_3.6_15.5_0.54 55762.43413221139781 i 13.7297 0.0152 3.6000 15.5360 0.5463 11.0882 11.3860 11.3351
lc_3.6_15.5_0.54 55762.44521914929646 i 13.7483 0.0152 3.6000 15.5360 0.5463 11.0882 11.3860 11.3351
lc_3.8_14.5_0.54 56087.55470092030009 g 13.6031 0.0153 3.8000 14.5046 0.5463  9.9847 10.2844 10.2317
lc_3.8_14.6_0.54 56087.55470092030009 g 13.8200 0.0152 3.8000 14.6851 0.5463 10.1652 10.4649 10.4122
lc_3.8_14.9_0.54 56087.55470092030009 g 14.0426 0.0152 3.8000 14.9472 0.5463 10.4274 10.7271 10.6744
lc_3.8_15.5_0.54 56087.55470092030009 g 14.6603 0.0149 3.8000 15.5360 0.5463 11.0162 11.3159 11.2632
lc_3.8_15.5_0.54 55365.54138303350192 r 13.6131 0.0012 3.8000 15.5360 0.5463 11.0162 11.3159 11.2632
lc_3.8_15.5_0.54 55365.55279374730162 r 13.6542 0.0012 3.8000 15.5360 0.5463 11.0162 11.3159 11.2632
lc_3.8_15.5_0.54 55814.29156187640183 i 13.5408 0.0154 3.8000 15.5360 0.5463 11.0162 11.3159 11.2632
lc_3.8_15.5_0.54 55814.28131575539737 i 13.6294 0.0153 3.8000 15.5360 0.5463 11.0162 11.3159 11.2632
lc_3.8_15.5_0.54 55814.27304463140172 i 13.6237 0.0153 3.8000 15.5360 0.5463 11.0162 11.3159 11.2632
lc_3.8_15.5_0.54 55814.28329884410050 i 13.5546 0.0154 3.8000 15.5360 0.5463 11.0162 11.3159 11.2632
lc_3.8_15.5_0.54 56087.54433193120349 i 13.5644 0.0154 3.8000 15.5360 0.5463 11.0162 11.3159 11.2632
lc_3.8_15.5_0.54 56087.55470092030009 i 13.5862 0.0153 3.8000 15.5360 0.5463 11.0162 11.3159 11.2632
lc_4.0_14.5_0.54 56087.55470092030009 g 13.5792 0.0153 4.0000 14.5046 0.5463  9.9163 10.2179 10.1635
lc_4.0_14.6_0.54 56087.55470092030009 g 13.7865 0.0152 4.0000 14.6851 0.5463 10.0969 10.3984 10.3440
lc_4.0_14.9_0.54 56087.55470092030009 g 14.0276 0.0152 4.0000 14.9472 0.5463 10.3590 10.6606 10.6062
lc_4.0_15.5_0.54 56087.55470092030009 g 14.6552 0.0149 4.0000 15.5360 0.5463 10.9478 11.2494 11.1950
lc_4.0_15.5_0.54 55751.38532522119931 r 13.5844 0.0012 4.0000 15.5360 0.5463 10.9478 11.2494 11.1950
lc_4.0_15.5_0.54 55751.38472358880244 r 13.5715 0.0012 4.0000 15.5360 0.5463 10.9478 11.2494 11.1950
lc_4.0_15.5_0.54 56455.53867639540113 r 13.6009 0.0012 4.0000 15.5360 0.5463 10.9478 11.2494 11.1950
lc_4.0_15.5_0.54 56455.54845129969908 r 13.6284 0.0012 4.0000 15.5360 0.5463 10.9478 11.2494 11.1950
lc_4.0_15.5_0.54 56463.48284840059932 i 13.5616 0.0154 4.0000 15.5360 0.5463 10.9478 11.2494 11.1950
lc_4.0_15.5_0.54 55368.47286136129696 i 13.6380 0.0153 4.0000 15.5360 0.5463 10.9478 11.2494 11.1950
lc_4.0_15.5_0.54 55368.48553904269647 i 13.6453 0.0153 4.0000 15.5360 0.5463 10.9478 11.2494 11.1950
lc_4.0_15.5_0.54 56087.54433193120349 i 13.5325 0.0154 4.0000 15.5360 0.5463 10.9478 11.2494 11.1950
lc_4.2_15.5_0.54 56087.55470092030009 g 13.9958 0.0152 4.2000 15.5360 0.5463 10.8828 11.1861 11.1301
lc_4.2_15.5_0.54 56455.53867639540113 r 13.7047 0.0012 4.2000 15.5360 0.5463 10.8828 11.1861 11.1301
lc_4.2_15.5_0.54 56455.54845129969908 r 13.7314 0.0012 4.2000 15.5360 0.5463 10.8828 11.1861 11.1301
lc_4.2_15.5_0.54 56463.48284840059932 i 13.5923 0.0153 4.2000 15.5360 0.5463 10.8828 11.1861 11.1301
lc_4.2_15.5_0.54 56463.47191794060200 i 13.5122 0.0154 4.2000 15.5360 0.5463 10.8828 11.1861 11.1301
lc_4.2_15.5_0.54 55762.43413221139781 i 13.5919 0.0153 4.2000 15.5360 0.5463 10.8828 11.1861 11.1301
lc_4.2_15.5_0.54 55762.44521914929646 i 13.6126 0.0153 4.2000 15.5360 0.5463 10.8828 11.1861 11.1301
lc_4.4_14.6_0.54 56087.55470092030009 g 13.6504 0.0153 4.4000 14.6851 0.5463  9.9698 10.2749 10.2172
lc_4.4_14.9_0.54 56087.55470092030009 g 13.8989 0.0152 4.4000 14.9472 0.5463 10.2320 10.5370 10.4794
lc_4.4_15.5_0.54 56087.55470092030009 g 14.4622 0.0150 4.4000 15.5360 0.5463 10.8208 11.1258 11.0682
lc_4.4_15.5_0.54 55762.43413221139781 i 13.5051 0.0154 4.4000 15.5360 0.5463 10.8208 11.1258 11.0682
lc_4.6_14.6_0.54 56087.55470092030009 g 13.6343 0.0153 4.6000 14.6851 0.5463  9.9106 10.2172 10.1581
lc_4.6_14.9_0.54 56087.55470092030009 g 13.9059 0.0152 4.6000 14.9472 0.5463 10.1728 10.4794 10.4203
lc_4.6_15.5_0.54 56087.55470092030009 g 14.4829 0.0150 4.6000 15.5360 0.5463 10.7616 11.0682 11.0091
lc_4.6_15.5_0.54 55365.55279374730162 r 13.5000 0.0011 4.6000 15.5360 0.5463 10.7616 11.0682 11.0091
lc_4.8_14.9_0.54 56087.55470092030009 g 13.5218 0.0153 4.8000 14.9472 0.5463 10.1160 10.4242 10.3637
lc_4.8_15.5_0.54 56087.55470092030009 g 14.1154 0.0151 4.8000 15.5360 0.5463 10.7048 11.0130 10.9525
lc_4.8_15.5_0.54 55365.54138303350192 r 13.5210 0.0011 4.8000 15.5360 0.5463 10.7048 11.0130 10.9525
lc_5.0_14.6_0.54 56087.55470092030009 g 13.6761 0.0152 5.0000 14.6851 0.5463  9.7995 10.1091 10.0472
lc_5.0_14.9_0.54 56087.55470092030009 g 13.9575 0.0152 5.0000 14.9472 0.5463 10.0616 10.3713 10.3094
lc_5.0_15.5_0.54 56087.55470092030009 g 14.5526 0.0150 5.0000 15.5360 0.5463 10.6504 10.9601 10.8982
lc_5.2_15.5_0.54 56087.55470092030009 g 13.8534 0.0152 5.2000 15.5360 0.5463 10.5982 10.9092 10.8460
lc_5.4_14.9_0.54 56087.55470092030009 g 13.5702 0.0153 5.4000 14.9472 0.5463  9.9591 10.2715 10.2070
lc_5.4_15.5_0.54 56087.55470092030009 g 14.1212 0.0151 5.4000 15.5360 0.5463 10.5479 10.8603 10.7958
lc_5.6_14.9_0.54 56087.55470092030009 g 13.5622 0.0153 5.6000 14.9472 0.5463  9.9106 10.2244 10.1587
lc_5.6_15.5_0.54 56087.55470092030009 g 14.1318 0.0151 5.6000 15.5360 0.5463 10.4994 10.8132 10.7475
lc_5.8_15.5_0.54 56087.55470092030009 g 13.9616 0.0152 5.8000 15.5360 0.5463 10.4526 10.7677 10.7008
lc_6.0_15.5_0.54 56087.55470092030009 g 13.5242 0.0153 6.0000 15.5360 0.5463 10.4074 10.7237 10.6557
lc_6.2_14.6_0.54 56087.55470092030009 g 13.5715 0.0153 6.2000 14.6851 0.5463  9.5128  9.8302  9.7611
lc_6.2_14.9_0.54 56087.55470092030009 g 13.8352 0.0152 6.2000 14.9472 0.5463  9.7749 10.0924 10.0233
lc_6.2_15.5_0.54 56087.55470092030009 g 14.4447 0.0150 6.2000 15.5360 0.5463 10.3637 10.6812 10.6121
lc_6.4_15.5_0.54 56087.55470092030009 g 13.7599 0.0152 6.4000 15.5360 0.5463 10.3214 10.6400 10.5699
lc_6.6_14.6_0.54 56087.55470092030009 g 13.5302 0.0153 6.6000 14.6851 0.5463  9.4295  9.7492  9.6780
lc_6.6_14.9_0.54 56087.55470092030009 g 13.7773 0.0152 6.6000 14.9472 0.5463  9.6916 10.0113  9.9402
lc_6.6_15.5_0.54 56087.55470092030009 g 14.3632 0.0150 6.6000 15.5360 0.5463 10.2804 10.6001 10.5290
lc_7.0_15.5_0.54 56087.55470092030009 g 13.7680 0.0152 7.0000 15.5360 0.5463 10.2020 10.5238 10.4507
lc_7.2_14.9_0.54 56087.55470092030009 g 13.5699 0.0153 7.2000 14.9472 0.5463  9.5757  9.8985  9.8244
lc_7.2_15.5_0.54 56087.55470092030009 g 14.1719 0.0151 7.2000 15.5360 0.5463 10.1645 10.4873 10.4132
lc_7.4_14.9_0.54 56087.55470092030009 g 13.7625 0.0152 7.4000 14.9472 0.5463  9.5391  9.8630  9.7880
lc_7.4_15.5_0.54 56087.55470092030009 g 14.3517 0.0150 7.4000 15.5360 0.5463 10.1279 10.4518 10.3768
lc_7.6_14.9_0.54 56087.55470092030009 g 13.6920 0.0152 7.6000 14.9472 0.5463  9.5036  9.8284  9.7525
lc_7.6_15.5_0.54 56087.55470092030009 g 14.2818 0.0151 7.6000 15.5360 0.5463 10.0924 10.4172 10.3413
lc_7.8_14.9_0.54 56087.55470092030009 g 13.6140 0.0153 7.8000 14.9472 0.5463  9.4690  9.7947  9.7180
lc_7.8_15.5_0.54 56087.55470092030009 g 14.1973 0.0151 7.8000 15.5360 0.5463 10.0578 10.3835 10.3068
lc_8.0_14.9_0.54 56087.55470092030009 g 13.6493 0.0153 8.0000 14.9472 0.5463  9.4352  9.7619  9.6843
lc_8.0_15.5_0.54 56087.55470092030009 g 14.2430 0.0151 8.0000 15.5360 0.5463 10.0240 10.3507 10.2731
lc_8.2_14.9_0.54 56087.55470092030009 g 13.6752 0.0152 8.2000 14.9472 0.5463  9.4023  9.7299  9.6515
lc_8.2_15.5_0.54 56087.55470092030009 g 14.2564 0.0151 8.2000 15.5360 0.5463  9.9911 10.3187 10.2403
lc_8.4_14.9_0.54 56087.55470092030009 g 13.5395 0.0153 8.4000 14.9472 0.5463  9.3702  9.6987  9.6194
lc_8.4_15.5_0.54 56087.55470092030009 g 14.1309 0.0151 8.4000 15.5360 0.5463  9.9590 10.2875 10.2082
lc_8.6_15.5_0.54 56087.55470092030009 g 13.8716 0.0152 8.6000 15.5360 0.5463  9.9277 10.2570 10.1769
lc_8.8_15.5_0.54 56087.55470092030009 g 13.5336 0.0153 8.8000 15.5360 0.5463  9.8970 10.2271 10.1464
lc_9.2_14.9_0.54 56087.55470092030009 g 13.5271 0.0153 9.2000 14.9472 0.5463  9.2490  9.5807  9.4984
lc_9.2_15.5_0.54 56087.55470092030009 g 14.1303 0.0151 9.2000 15.5360 0.5463  9.8378 10.1695 10.0872
lc_9.4_15.5_0.54 56087.55470092030009 g 13.8446 0.0152 9.4000 15.5360 0.5463  9.8091 10.1416 10.0586
