# Name Epoch Band Mag eMag period DM E(B-V) KMEAN  W1MEAN W2MEAN
lc_3.0_14.3_0.47 56088.52780125050049 g 13.6034 0.0153 3.0000 14.3579 0.4793 10.1451 10.4402 10.3963
lc_3.0_14.5_0.52 56088.52780125050049 g 13.8886 0.0152 3.0000 14.5317 0.5227 10.3241 10.6166 10.5721
lc_3.0_14.6_0.55 56088.52780125050049 g 14.1454 0.0151 3.0000 14.6445 0.5589 10.4412 10.7316 10.6866
lc_3.0_14.7_0.61 56088.52780125050049 g 14.4396 0.0150 3.0000 14.7494 0.6135 10.5526 10.8398 10.7940
lc_3.0_14.8_0.63 56088.52780125050049 g 14.5360 0.0150 3.0000 14.8331 0.6304 10.6382 10.9244 10.8784
lc_3.0_14.8_0.63 56088.52780125050049 r 13.5119 0.0011 3.0000 14.8331 0.6304 10.6382 10.9244 10.8784
lc_3.0_15.0_0.69 56088.52780125050049 g 14.9301 0.0149 3.0000 15.0087 0.6996 10.8221 11.1042 11.0572
lc_3.0_15.0_0.69 56088.52780125050049 r 13.8757 0.0013 3.0000 15.0087 0.6996 10.8221 11.1042 11.0572
lc_3.0_15.0_0.69 55397.37250496810157 i 13.5026 0.0154 3.0000 15.0087 0.6996 10.8221 11.1042 11.0572
lc_3.0_15.0_0.69 56088.53889624550357 i 13.6539 0.0153 3.0000 15.0087 0.6996 10.8221 11.1042 11.0572
lc_3.0_15.0_0.69 56090.55851792419708 i 13.5427 0.0154 3.0000 15.0087 0.6996 10.8221 11.1042 11.0572
lc_3.0_15.0_0.69 56088.52780125050049 i 13.6881 0.0152 3.0000 15.0087 0.6996 10.8221 11.1042 11.0572
lc_3.0_15.2_0.78 56088.52780125050049 g 15.4104 0.0149 3.0000 15.2188 0.7880 11.0427 11.3196 11.2714
lc_3.0_15.2_0.78 56088.52780125050049 r 14.2745 0.0016 3.0000 15.2188 0.7880 11.0427 11.3196 11.2714
lc_3.0_15.2_0.78 56470.46486953359999 i 13.5868 0.0153 3.0000 15.2188 0.7880 11.0427 11.3196 11.2714
lc_3.0_15.2_0.78 55397.37250496810157 i 13.7104 0.0152 3.0000 15.2188 0.7880 11.0427 11.3196 11.2714
lc_3.0_15.2_0.78 56088.53889624550357 i 13.9319 0.0150 3.0000 15.2188 0.7880 11.0427 11.3196 11.2714
lc_3.0_15.2_0.78 56090.54726552729699 i 13.8953 0.0151 3.0000 15.2188 0.7880 11.0427 11.3196 11.2714
lc_3.0_15.2_0.78 56090.55851792419708 i 13.8068 0.0151 3.0000 15.2188 0.7880 11.0427 11.3196 11.2714
lc_3.0_15.2_0.78 56088.52780125050049 i 13.9722 0.0150 3.0000 15.2188 0.7880 11.0427 11.3196 11.2714
lc_3.0_15.7_0.91 56088.52780125050049 g 16.3250 0.0157 3.0000 15.7025 0.9186 11.5420 11.8112 11.7612
lc_3.0_15.7_0.91 56088.52780125050049 r 15.0294 0.0023 3.0000 15.7025 0.9186 11.5420 11.8112 11.7612
lc_3.0_15.7_0.91 56470.46486953359999 i 14.3069 0.0147 3.0000 15.7025 0.9186 11.5420 11.8112 11.7612
lc_3.0_15.7_0.91 55397.37250496810157 i 14.4810 0.0147 3.0000 15.7025 0.9186 11.5420 11.8112 11.7612
lc_3.0_15.7_0.91 56088.53889624550357 i 14.6771 0.0146 3.0000 15.7025 0.9186 11.5420 11.8112 11.7612
lc_3.0_15.7_0.91 56090.54726552729699 i 14.5473 0.0146 3.0000 15.7025 0.9186 11.5420 11.8112 11.7612
lc_3.0_15.7_0.91 56090.55851792419708 i 14.5852 0.0146 3.0000 15.7025 0.9186 11.5420 11.8112 11.7612
lc_3.0_15.7_0.91 56088.52780125050049 i 14.6891 0.0146 3.0000 15.7025 0.9186 11.5420 11.8112 11.7612
lc_3.0_15.7_0.91 55668.60630343959929 z 13.9762 0.0146 3.0000 15.7025 0.9186 11.5420 11.8112 11.7612
lc_3.0_15.7_0.91 56538.26059070199699 z 13.9330 0.0146 3.0000 15.7025 0.9186 11.5420 11.8112 11.7612
lc_3.0_15.7_0.91 56043.61822232510167 z 13.9539 0.0146 3.0000 15.7025 0.9186 11.5420 11.8112 11.7612
lc_3.2_14.7_0.61 56088.52780125050049 g 13.5865 0.0153 3.2000 14.7494 0.6135 10.4665 10.7561 10.7081
lc_3.2_14.8_0.63 56088.52780125050049 g 13.7081 0.0152 3.2000 14.8331 0.6304 10.5522 10.8408 10.7926
lc_3.2_15.0_0.69 56088.52780125050049 g 14.0807 0.0151 3.2000 15.0087 0.6996 10.7361 11.0205 10.9714
lc_3.2_15.0_0.69 56090.54726552729699 i 13.5285 0.0154 3.2000 15.0087 0.6996 10.7361 11.0205 10.9714
lc_3.2_15.0_0.69 56090.55851792419708 i 13.5886 0.0153 3.2000 15.0087 0.6996 10.7361 11.0205 10.9714
lc_3.2_15.2_0.78 56088.52780125050049 g 14.5671 0.0150 3.2000 15.2188 0.7880 10.9567 11.2359 11.1856
lc_3.2_15.2_0.78 56088.52780125050049 r 13.6004 0.0012 3.2000 15.2188 0.7880 10.9567 11.2359 11.1856
lc_3.2_15.2_0.78 56470.46486953359999 i 13.8128 0.0151 3.2000 15.2188 0.7880 10.9567 11.2359 11.1856
lc_3.2_15.2_0.78 55397.37250496810157 i 13.5375 0.0154 3.2000 15.2188 0.7880 10.9567 11.2359 11.1856
lc_3.2_15.2_0.78 56088.53889624550357 i 13.6085 0.0153 3.2000 15.2188 0.7880 10.9567 11.2359 11.1856
lc_3.2_15.2_0.78 56090.54726552729699 i 13.9213 0.0150 3.2000 15.2188 0.7880 10.9567 11.2359 11.1856
lc_3.2_15.2_0.78 56090.55851792419708 i 13.9150 0.0150 3.2000 15.2188 0.7880 10.9567 11.2359 11.1856
lc_3.2_15.2_0.78 56088.52780125050049 i 13.5584 0.0154 3.2000 15.2188 0.7880 10.9567 11.2359 11.1856
lc_3.2_15.7_0.91 56088.52780125050049 g 15.4935 0.0149 3.2000 15.7025 0.9186 11.4560 11.7275 11.6753
lc_3.2_15.7_0.91 56088.52780125050049 r 14.3313 0.0016 3.2000 15.7025 0.9186 11.4560 11.7275 11.6753
lc_3.2_15.7_0.91 56470.46486953359999 i 14.4998 0.0146 3.2000 15.7025 0.9186 11.4560 11.7275 11.6753
lc_3.2_15.7_0.91 55397.37250496810157 i 14.2259 0.0148 3.2000 15.7025 0.9186 11.4560 11.7275 11.6753
lc_3.2_15.7_0.91 56088.53889624550357 i 14.2717 0.0148 3.2000 15.7025 0.9186 11.4560 11.7275 11.6753
lc_3.2_15.7_0.91 56090.54726552729699 i 14.6535 0.0146 3.2000 15.7025 0.9186 11.4560 11.7275 11.6753
lc_3.2_15.7_0.91 56090.55851792419708 i 14.6265 0.0146 3.2000 15.7025 0.9186 11.4560 11.7275 11.6753
lc_3.2_15.7_0.91 56088.52780125050049 i 14.2998 0.0148 3.2000 15.7025 0.9186 11.4560 11.7275 11.6753
lc_3.2_15.7_0.91 55668.60630343959929 z 13.8358 0.0146 3.2000 15.7025 0.9186 11.4560 11.7275 11.6753
lc_3.2_15.7_0.91 56538.26059070199699 z 13.7984 0.0146 3.2000 15.7025 0.9186 11.4560 11.7275 11.6753
lc_3.2_15.7_0.91 56043.61822232510167 z 13.6036 0.0147 3.2000 15.7025 0.9186 11.4560 11.7275 11.6753
lc_3.4_14.6_0.55 56088.52780125050049 g 13.6617 0.0152 3.4000 14.6445 0.5589 10.2744 10.5694 10.5202
lc_3.4_14.7_0.61 56088.52780125050049 g 13.9860 0.0152 3.4000 14.7494 0.6135 10.3857 10.6775 10.6275
lc_3.4_14.8_0.63 56088.52780125050049 g 14.0919 0.0151 3.4000 14.8331 0.6304 10.4714 10.7622 10.7120
lc_3.4_15.0_0.69 56088.52780125050049 g 14.5015 0.0150 3.4000 15.0087 0.6996 10.6553 10.9419 10.8908
lc_3.4_15.0_0.69 56470.46486953359999 i 13.5347 0.0154 3.4000 15.0087 0.6996 10.6553 10.9419 10.8908
lc_3.4_15.2_0.78 56088.52780125050049 g 14.9970 0.0148 3.4000 15.2188 0.7880 10.8759 11.1573 11.1049
lc_3.4_15.2_0.78 56088.52780125050049 r 13.8160 0.0013 3.4000 15.2188 0.7880 10.8759 11.1573 11.1049
lc_3.4_15.2_0.78 56470.46486953359999 i 13.8855 0.0151 3.4000 15.2188 0.7880 10.8759 11.1573 11.1049
lc_3.4_15.2_0.78 56088.53889624550357 i 13.5761 0.0153 3.4000 15.2188 0.7880 10.8759 11.1573 11.1049
lc_3.4_15.2_0.78 56090.54726552729699 i 13.5078 0.0154 3.4000 15.2188 0.7880 10.8759 11.1573 11.1049
lc_3.4_15.2_0.78 56090.55851792419708 i 13.5580 0.0154 3.4000 15.2188 0.7880 10.8759 11.1573 11.1049
lc_3.4_15.2_0.78 56088.52780125050049 i 13.5595 0.0154 3.4000 15.2188 0.7880 10.8759 11.1573 11.1049
lc_3.4_15.7_0.91 56088.52780125050049 g 15.8909 0.0151 3.4000 15.7025 0.9186 11.3752 11.6489 11.5947
lc_3.4_15.7_0.91 56088.52780125050049 r 14.6286 0.0019 3.4000 15.7025 0.9186 11.3752 11.6489 11.5947
lc_3.4_15.7_0.91 56470.46486953359999 i 14.5321 0.0146 3.4000 15.7025 0.9186 11.3752 11.6489 11.5947
lc_3.4_15.7_0.91 55397.37250496810157 i 14.1376 0.0149 3.4000 15.7025 0.9186 11.3752 11.6489 11.5947
lc_3.4_15.7_0.91 56088.53889624550357 i 14.2901 0.0148 3.4000 15.7025 0.9186 11.3752 11.6489 11.5947
lc_3.4_15.7_0.91 56090.54726552729699 i 14.3590 0.0147 3.4000 15.7025 0.9186 11.3752 11.6489 11.5947
lc_3.4_15.7_0.91 56090.55851792419708 i 14.2613 0.0148 3.4000 15.7025 0.9186 11.3752 11.6489 11.5947
lc_3.4_15.7_0.91 56088.52780125050049 i 14.2861 0.0148 3.4000 15.7025 0.9186 11.3752 11.6489 11.5947
lc_3.4_15.7_0.91 55668.60630343959929 z 13.8284 0.0146 3.4000 15.7025 0.9186 11.3752 11.6489 11.5947
lc_3.4_15.7_0.91 56538.26059070199699 z 13.7481 0.0146 3.4000 15.7025 0.9186 11.3752 11.6489 11.5947
lc_3.6_14.5_0.52 56088.52780125050049 g 13.7693 0.0152 3.6000 14.5317 0.5227 10.0811 10.3802 10.3296
lc_3.6_14.6_0.55 56088.52780125050049 g 13.9723 0.0152 3.6000 14.6445 0.5589 10.1982 10.4953 10.4441
lc_3.6_14.7_0.61 56088.52780125050049 g 14.2684 0.0151 3.6000 14.7494 0.6135 10.3096 10.6034 10.5515
lc_3.6_14.8_0.63 56088.52780125050049 g 14.4195 0.0150 3.6000 14.8331 0.6304 10.3953 10.6881 10.6359
lc_3.6_15.0_0.69 56088.52780125050049 g 14.8165 0.0149 3.6000 15.0087 0.6996 10.5791 10.8678 10.8147
lc_3.6_15.0_0.69 56088.52780125050049 r 13.6558 0.0012 3.6000 15.0087 0.6996 10.5791 10.8678 10.8147
lc_3.6_15.2_0.78 56088.52780125050049 g 15.3020 0.0149 3.6000 15.2188 0.7880 10.7997 11.0832 11.0289
lc_3.6_15.2_0.78 56088.52780125050049 r 14.0718 0.0014 3.6000 15.2188 0.7880 10.7997 11.0832 11.0289
lc_3.6_15.2_0.78 56470.46486953359999 i 13.7852 0.0152 3.6000 15.2188 0.7880 10.7997 11.0832 11.0289
lc_3.6_15.2_0.78 55397.37250496810157 i 13.7903 0.0152 3.6000 15.2188 0.7880 10.7997 11.0832 11.0289
lc_3.6_15.2_0.78 56088.53889624550357 i 13.7971 0.0151 3.6000 15.2188 0.7880 10.7997 11.0832 11.0289
lc_3.6_15.2_0.78 56090.54726552729699 i 13.5225 0.0154 3.6000 15.2188 0.7880 10.7997 11.0832 11.0289
lc_3.6_15.2_0.78 56088.52780125050049 i 13.7775 0.0152 3.6000 15.2188 0.7880 10.7997 11.0832 11.0289
lc_3.6_15.7_0.91 56088.52780125050049 g 16.1705 0.0154 3.6000 15.7025 0.9186 11.2990 11.5748 11.5187
lc_3.6_15.7_0.91 56088.52780125050049 r 14.8646 0.0021 3.6000 15.7025 0.9186 11.2990 11.5748 11.5187
lc_3.6_15.7_0.91 56470.46486953359999 i 14.5216 0.0146 3.6000 15.7025 0.9186 11.2990 11.5748 11.5187
lc_3.6_15.7_0.91 55397.37250496810157 i 14.5526 0.0146 3.6000 15.7025 0.9186 11.2990 11.5748 11.5187
lc_3.6_15.7_0.91 56088.53889624550357 i 14.4853 0.0146 3.6000 15.7025 0.9186 11.2990 11.5748 11.5187
lc_3.6_15.7_0.91 56090.54726552729699 i 14.1576 0.0148 3.6000 15.7025 0.9186 11.2990 11.5748 11.5187
lc_3.6_15.7_0.91 56090.55851792419708 i 14.1865 0.0148 3.6000 15.7025 0.9186 11.2990 11.5748 11.5187
lc_3.6_15.7_0.91 56088.52780125050049 i 14.5101 0.0146 3.6000 15.7025 0.9186 11.2990 11.5748 11.5187
lc_3.6_15.7_0.91 56538.26059070199699 z 13.6430 0.0147 3.6000 15.7025 0.9186 11.2990 11.5748 11.5187
lc_3.8_14.7_0.61 56088.52780125050049 g 13.6015 0.0153 3.8000 14.7494 0.6135 10.2375 10.5333 10.4796
lc_3.8_14.8_0.63 56088.52780125050049 g 13.7425 0.0152 3.8000 14.8331 0.6304 10.3232 10.6180 10.5640
lc_3.8_15.0_0.69 56088.52780125050049 g 14.1176 0.0151 3.8000 15.0087 0.6996 10.5070 10.7977 10.7428
lc_3.8_15.2_0.78 56088.52780125050049 g 14.6259 0.0149 3.8000 15.2188 0.7880 10.7277 11.0131 10.9570
lc_3.8_15.2_0.78 56470.46486953359999 i 13.7441 0.0152 3.8000 15.2188 0.7880 10.7277 11.0131 10.9570
lc_3.8_15.2_0.78 56090.54726552729699 i 13.7743 0.0152 3.8000 15.2188 0.7880 10.7277 11.0131 10.9570
lc_3.8_15.2_0.78 56090.55851792419708 i 13.7418 0.0152 3.8000 15.2188 0.7880 10.7277 11.0131 10.9570
lc_3.8_15.7_0.91 56088.52780125050049 g 15.5160 0.0149 3.8000 15.7025 0.9186 11.2270 11.5047 11.4468
lc_3.8_15.7_0.91 56088.52780125050049 r 14.3169 0.0016 3.8000 15.7025 0.9186 11.2270 11.5047 11.4468
lc_3.8_15.7_0.91 56470.46486953359999 i 14.5219 0.0146 3.8000 15.7025 0.9186 11.2270 11.5047 11.4468
lc_3.8_15.7_0.91 55397.37250496810157 i 14.1767 0.0148 3.8000 15.7025 0.9186 11.2270 11.5047 11.4468
lc_3.8_15.7_0.91 56088.53889624550357 i 14.1021 0.0149 3.8000 15.7025 0.9186 11.2270 11.5047 11.4468
lc_3.8_15.7_0.91 56090.54726552729699 i 14.5088 0.0146 3.8000 15.7025 0.9186 11.2270 11.5047 11.4468
lc_3.8_15.7_0.91 56090.55851792419708 i 14.4425 0.0147 3.8000 15.7025 0.9186 11.2270 11.5047 11.4468
lc_3.8_15.7_0.91 56088.52780125050049 i 14.1121 0.0149 3.8000 15.7025 0.9186 11.2270 11.5047 11.4468
lc_3.8_15.7_0.91 55668.60630343959929 z 13.6552 0.0147 3.8000 15.7025 0.9186 11.2270 11.5047 11.4468
lc_3.8_15.7_0.91 56538.26059070199699 z 13.5662 0.0147 3.8000 15.7025 0.9186 11.2270 11.5047 11.4468
lc_3.8_15.7_0.91 56043.61822232510167 z 13.5062 0.0147 3.8000 15.7025 0.9186 11.2270 11.5047 11.4468
lc_4.0_15.0_0.69 56088.52780125050049 g 13.8711 0.0152 4.0000 15.0087 0.6996 10.4387 10.7312 10.6746
lc_4.0_15.2_0.78 56088.52780125050049 g 14.3483 0.0150 4.0000 15.2188 0.7880 10.6593 10.9466 10.8888
lc_4.0_15.2_0.78 56470.46486953359999 i 13.6547 0.0153 4.0000 15.2188 0.7880 10.6593 10.9466 10.8888
lc_4.0_15.2_0.78 56090.54726552729699 i 13.6173 0.0153 4.0000 15.2188 0.7880 10.6593 10.9466 10.8888
lc_4.0_15.2_0.78 56090.55851792419708 i 13.6577 0.0153 4.0000 15.2188 0.7880 10.6593 10.9466 10.8888
lc_4.0_15.7_0.91 56088.52780125050049 g 15.2684 0.0148 4.0000 15.7025 0.9186 11.1586 11.4382 11.3786
lc_4.0_15.7_0.91 56088.52780125050049 r 14.1151 0.0015 4.0000 15.7025 0.9186 11.1586 11.4382 11.3786
lc_4.0_15.7_0.91 56470.46486953359999 i 14.3495 0.0147 4.0000 15.7025 0.9186 11.1586 11.4382 11.3786
lc_4.0_15.7_0.91 55397.37250496810157 i 14.0668 0.0149 4.0000 15.7025 0.9186 11.1586 11.4382 11.3786
lc_4.0_15.7_0.91 56088.53889624550357 i 14.0557 0.0149 4.0000 15.7025 0.9186 11.1586 11.4382 11.3786
lc_4.0_15.7_0.91 56090.54726552729699 i 14.3638 0.0147 4.0000 15.7025 0.9186 11.1586 11.4382 11.3786
lc_4.0_15.7_0.91 56090.55851792419708 i 14.3375 0.0147 4.0000 15.7025 0.9186 11.1586 11.4382 11.3786
lc_4.0_15.7_0.91 56088.52780125050049 i 14.0207 0.0150 4.0000 15.7025 0.9186 11.1586 11.4382 11.3786
lc_4.0_15.7_0.91 56538.26059070199699 z 13.5040 0.0147 4.0000 15.7025 0.9186 11.1586 11.4382 11.3786
lc_4.0_15.7_0.91 56043.61822232510167 z 13.6213 0.0147 4.0000 15.7025 0.9186 11.1586 11.4382 11.3786
lc_4.2_14.6_0.55 56088.52780125050049 g 13.6544 0.0153 4.2000 14.6445 0.5589  9.9928 10.2954 10.2391
lc_4.2_14.7_0.61 56088.52780125050049 g 13.9222 0.0152 4.2000 14.7494 0.6135 10.1041 10.4035 10.3465
lc_4.2_14.8_0.63 56088.52780125050049 g 14.0661 0.0151 4.2000 14.8331 0.6304 10.1898 10.4882 10.4309
lc_4.2_15.0_0.69 56088.52780125050049 g 14.4522 0.0150 4.2000 15.0087 0.6996 10.3737 10.6680 10.6097
lc_4.2_15.2_0.78 56088.52780125050049 g 14.9500 0.0149 4.2000 15.2188 0.7880 10.5943 10.8834 10.8239
lc_4.2_15.2_0.78 56088.52780125050049 r 13.7588 0.0013 4.2000 15.2188 0.7880 10.5943 10.8834 10.8239
lc_4.2_15.2_0.78 55397.37250496810157 i 13.5308 0.0154 4.2000 15.2188 0.7880 10.5943 10.8834 10.8239
lc_4.2_15.7_0.91 56088.52780125050049 g 15.8458 0.0151 4.2000 15.7025 0.9186 11.0936 11.3750 11.3137
lc_4.2_15.7_0.91 56088.52780125050049 r 14.5029 0.0018 4.2000 15.7025 0.9186 11.0936 11.3750 11.3137
lc_4.2_15.7_0.91 56470.46486953359999 i 14.1136 0.0149 4.2000 15.7025 0.9186 11.0936 11.3750 11.3137
lc_4.2_15.7_0.91 55397.37250496810157 i 14.1497 0.0149 4.2000 15.7025 0.9186 11.0936 11.3750 11.3137
lc_4.2_15.7_0.91 56088.53889624550357 i 14.1829 0.0148 4.2000 15.7025 0.9186 11.0936 11.3750 11.3137
lc_4.2_15.7_0.91 56090.54726552729699 i 14.0805 0.0149 4.2000 15.7025 0.9186 11.0936 11.3750 11.3137
lc_4.2_15.7_0.91 56090.55851792419708 i 14.1187 0.0149 4.2000 15.7025 0.9186 11.0936 11.3750 11.3137
lc_4.2_15.7_0.91 56088.52780125050049 i 14.1790 0.0148 4.2000 15.7025 0.9186 11.0936 11.3750 11.3137
lc_4.2_15.7_0.91 56043.61822232510167 z 13.5691 0.0147 4.2000 15.7025 0.9186 11.0936 11.3750 11.3137
lc_4.4_14.7_0.61 56088.52780125050049 g 13.6704 0.0152 4.4000 14.7494 0.6135 10.0421 10.3432 10.2846
lc_4.4_14.8_0.63 56088.52780125050049 g 13.7910 0.0152 4.4000 14.8331 0.6304 10.1278 10.4279 10.3691
lc_4.4_15.0_0.69 56088.52780125050049 g 14.1716 0.0151 4.4000 15.0087 0.6996 10.3117 10.6076 10.5479
lc_4.4_15.2_0.78 56088.52780125050049 g 14.6731 0.0149 4.4000 15.2188 0.7880 10.5323 10.8231 10.7620
lc_4.4_15.2_0.78 56090.54726552729699 i 13.6242 0.0153 4.4000 15.2188 0.7880 10.5323 10.8231 10.7620
lc_4.4_15.2_0.78 56090.55851792419708 i 13.6197 0.0153 4.4000 15.2188 0.7880 10.5323 10.8231 10.7620
lc_4.4_15.7_0.91 56088.52780125050049 g 15.5703 0.0149 4.4000 15.7025 0.9186 11.0316 11.3147 11.2518
lc_4.4_15.7_0.91 56088.52780125050049 r 14.3027 0.0016 4.4000 15.7025 0.9186 11.0316 11.3147 11.2518
lc_4.4_15.7_0.91 56470.46486953359999 i 13.8900 0.0151 4.4000 15.7025 0.9186 11.0316 11.3147 11.2518
lc_4.4_15.7_0.91 55397.37250496810157 i 13.9328 0.0150 4.4000 15.7025 0.9186 11.0316 11.3147 11.2518
lc_4.4_15.7_0.91 56088.53889624550357 i 14.0048 0.0150 4.4000 15.7025 0.9186 11.0316 11.3147 11.2518
lc_4.4_15.7_0.91 56090.54726552729699 i 14.3189 0.0147 4.4000 15.7025 0.9186 11.0316 11.3147 11.2518
lc_4.4_15.7_0.91 56090.55851792419708 i 14.3549 0.0147 4.4000 15.7025 0.9186 11.0316 11.3147 11.2518
lc_4.4_15.7_0.91 56088.52780125050049 i 14.0532 0.0149 4.4000 15.7025 0.9186 11.0316 11.3147 11.2518
lc_4.4_15.7_0.91 55668.60630343959929 z 13.5394 0.0147 4.4000 15.7025 0.9186 11.0316 11.3147 11.2518
lc_4.6_14.5_0.52 56088.52780125050049 g 13.6123 0.0153 4.6000 14.5317 0.5227  9.7544 10.0624 10.0036
lc_4.6_14.6_0.55 56088.52780125050049 g 13.8187 0.0152 4.6000 14.6445 0.5589  9.8715 10.1774 10.1181
lc_4.6_14.7_0.61 56088.52780125050049 g 14.0632 0.0151 4.6000 14.7494 0.6135  9.9829 10.2856 10.2255
lc_4.6_14.8_0.63 56088.52780125050049 g 14.2463 0.0151 4.6000 14.8331 0.6304 10.0686 10.3702 10.3100
lc_4.6_15.0_0.69 56088.52780125050049 g 14.6344 0.0149 4.6000 15.0087 0.6996 10.2524 10.5500 10.4887
lc_4.6_15.2_0.78 56088.52780125050049 g 15.1294 0.0148 4.6000 15.2188 0.7880 10.4730 10.7654 10.7029
lc_4.6_15.2_0.78 56088.52780125050049 r 13.8519 0.0013 4.6000 15.2188 0.7880 10.4730 10.7654 10.7029
lc_4.6_15.2_0.78 56470.46486953359999 i 13.6257 0.0153 4.6000 15.2188 0.7880 10.4730 10.7654 10.7029
lc_4.6_15.2_0.78 56088.53889624550357 i 13.6133 0.0153 4.6000 15.2188 0.7880 10.4730 10.7654 10.7029
lc_4.6_15.2_0.78 56088.52780125050049 i 13.6010 0.0153 4.6000 15.2188 0.7880 10.4730 10.7654 10.7029
lc_4.6_15.7_0.91 56088.52780125050049 g 15.9896 0.0152 4.6000 15.7025 0.9186 10.9724 11.2570 11.1927
lc_4.6_15.7_0.91 56088.52780125050049 r 14.6040 0.0018 4.6000 15.7025 0.9186 10.9724 11.2570 11.1927
lc_4.6_15.7_0.91 56470.46486953359999 i 14.3001 0.0148 4.6000 15.7025 0.9186 10.9724 11.2570 11.1927
lc_4.6_15.7_0.91 55397.37250496810157 i 14.1467 0.0149 4.6000 15.7025 0.9186 10.9724 11.2570 11.1927
lc_4.6_15.7_0.91 56088.53889624550357 i 14.2761 0.0148 4.6000 15.7025 0.9186 10.9724 11.2570 11.1927
lc_4.6_15.7_0.91 56090.54726552729699 i 13.9311 0.0150 4.6000 15.7025 0.9186 10.9724 11.2570 11.1927
lc_4.6_15.7_0.91 56090.55851792419708 i 13.9288 0.0150 4.6000 15.7025 0.9186 10.9724 11.2570 11.1927
lc_4.6_15.7_0.91 56088.52780125050049 i 14.2848 0.0148 4.6000 15.7025 0.9186 10.9724 11.2570 11.1927
lc_4.8_14.5_0.52 56088.52780125050049 g 13.5353 0.0153 4.8000 14.5317 0.5227  9.6977 10.0072  9.9470
lc_4.8_14.6_0.55 56088.52780125050049 g 13.7680 0.0152 4.8000 14.6445 0.5589  9.8148 10.1223 10.0615
lc_4.8_14.7_0.61 56088.52780125050049 g 14.0587 0.0151 4.8000 14.7494 0.6135  9.9262 10.2304 10.1689
lc_4.8_14.8_0.63 56088.52780125050049 g 14.1937 0.0151 4.8000 14.8331 0.6304 10.0118 10.3151 10.2534
lc_4.8_15.0_0.69 56088.52780125050049 g 14.5975 0.0149 4.8000 15.0087 0.6996 10.1957 10.4948 10.4321
lc_4.8_15.2_0.78 56088.52780125050049 g 15.0801 0.0148 4.8000 15.2188 0.7880 10.4163 10.7102 10.6463
lc_4.8_15.2_0.78 56088.52780125050049 r 13.8150 0.0013 4.8000 15.2188 0.7880 10.4163 10.7102 10.6463
lc_4.8_15.2_0.78 55397.37250496810157 i 13.5380 0.0154 4.8000 15.2188 0.7880 10.4163 10.7102 10.6463
lc_4.8_15.2_0.78 56088.53889624550357 i 13.5656 0.0154 4.8000 15.2188 0.7880 10.4163 10.7102 10.6463
lc_4.8_15.2_0.78 56088.52780125050049 i 13.5339 0.0154 4.8000 15.2188 0.7880 10.4163 10.7102 10.6463
lc_4.8_15.7_0.91 56088.52780125050049 g 15.9590 0.0152 4.8000 15.7025 0.9186 10.9156 11.2019 11.1361
lc_4.8_15.7_0.91 56088.52780125050049 r 14.6293 0.0019 4.8000 15.7025 0.9186 10.9156 11.2019 11.1361
lc_4.8_15.7_0.91 56470.46486953359999 i 13.9835 0.0150 4.8000 15.7025 0.9186 10.9156 11.2019 11.1361
lc_4.8_15.7_0.91 55397.37250496810157 i 14.2789 0.0148 4.8000 15.7025 0.9186 10.9156 11.2019 11.1361
lc_4.8_15.7_0.91 56088.53889624550357 i 14.2232 0.0148 4.8000 15.7025 0.9186 10.9156 11.2019 11.1361
lc_4.8_15.7_0.91 56090.54726552729699 i 13.8726 0.0151 4.8000 15.7025 0.9186 10.9156 11.2019 11.1361
lc_4.8_15.7_0.91 56090.55851792419708 i 13.9044 0.0151 4.8000 15.7025 0.9186 10.9156 11.2019 11.1361
lc_4.8_15.7_0.91 56088.52780125050049 i 14.2803 0.0148 4.8000 15.7025 0.9186 10.9156 11.2019 11.1361
lc_5.0_14.6_0.55 56088.52780125050049 g 13.5744 0.0153 5.0000 14.6445 0.5589  9.7604 10.0693 10.0073
lc_5.0_14.7_0.61 56088.52780125050049 g 13.8464 0.0152 5.0000 14.7494 0.6135  9.8718 10.1775 10.1146
lc_5.0_14.8_0.63 56088.52780125050049 g 13.9592 0.0152 5.0000 14.8331 0.6304  9.9574 10.2621 10.1991
lc_5.0_15.0_0.69 56088.52780125050049 g 14.3764 0.0150 5.0000 15.0087 0.6996 10.1413 10.4419 10.3779
lc_5.0_15.2_0.78 56088.52780125050049 g 14.8377 0.0149 5.0000 15.2188 0.7880 10.3619 10.6573 10.5920
lc_5.0_15.2_0.78 56088.52780125050049 r 13.5652 0.0012 5.0000 15.2188 0.7880 10.3619 10.6573 10.5920
lc_5.0_15.7_0.91 56088.52780125050049 g 15.7477 0.0150 5.0000 15.7025 0.9186 10.8612 11.1489 11.0818
lc_5.0_15.7_0.91 56088.52780125050049 r 14.3633 0.0016 5.0000 15.7025 0.9186 10.8612 11.1489 11.0818
lc_5.0_15.7_0.91 56470.46486953359999 i 14.0486 0.0149 5.0000 15.7025 0.9186 10.8612 11.1489 11.0818
lc_5.0_15.7_0.91 55397.37250496810157 i 13.9157 0.0150 5.0000 15.7025 0.9186 10.8612 11.1489 11.0818
lc_5.0_15.7_0.91 56088.53889624550357 i 14.0465 0.0149 5.0000 15.7025 0.9186 10.8612 11.1489 11.0818
lc_5.0_15.7_0.91 56090.54726552729699 i 14.0265 0.0150 5.0000 15.7025 0.9186 10.8612 11.1489 11.0818
lc_5.0_15.7_0.91 56090.55851792419708 i 13.9730 0.0150 5.0000 15.7025 0.9186 10.8612 11.1489 11.0818
lc_5.0_15.7_0.91 56088.52780125050049 i 14.0724 0.0149 5.0000 15.7025 0.9186 10.8612 11.1489 11.0818
lc_5.2_14.8_0.63 56088.52780125050049 g 13.5153 0.0153 5.2000 14.8331 0.6304  9.9052 10.2113 10.1469
lc_5.2_15.0_0.69 56088.52780125050049 g 13.9021 0.0152 5.2000 15.0087 0.6996 10.0890 10.3911 10.3257
lc_5.2_15.2_0.78 56088.52780125050049 g 14.4114 0.0150 5.2000 15.2188 0.7880 10.3096 10.6065 10.5399
lc_5.2_15.7_0.91 56088.52780125050049 g 15.2563 0.0148 5.2000 15.7025 0.9186 10.8090 11.0981 11.0296
lc_5.2_15.7_0.91 56088.52780125050049 r 14.0570 0.0014 5.2000 15.7025 0.9186 10.8090 11.0981 11.0296
lc_5.2_15.7_0.91 56470.46486953359999 i 13.8863 0.0151 5.2000 15.7025 0.9186 10.8090 11.0981 11.0296
lc_5.2_15.7_0.91 55397.37250496810157 i 13.7413 0.0152 5.2000 15.7025 0.9186 10.8090 11.0981 11.0296
lc_5.2_15.7_0.91 56088.53889624550357 i 13.8920 0.0151 5.2000 15.7025 0.9186 10.8090 11.0981 11.0296
lc_5.2_15.7_0.91 56090.54726552729699 i 13.8674 0.0151 5.2000 15.7025 0.9186 10.8090 11.0981 11.0296
lc_5.2_15.7_0.91 56090.55851792419708 i 13.8492 0.0151 5.2000 15.7025 0.9186 10.8090 11.0981 11.0296
lc_5.2_15.7_0.91 56088.52780125050049 i 13.8991 0.0151 5.2000 15.7025 0.9186 10.8090 11.0981 11.0296
lc_5.4_15.0_0.69 56088.52780125050049 g 13.6870 0.0152 5.4000 15.0087 0.6996 10.0387 10.3421 10.2755
lc_5.4_15.2_0.78 56088.52780125050049 g 14.1968 0.0151 5.4000 15.2188 0.7880 10.2593 10.5575 10.4897
lc_5.4_15.7_0.91 56088.52780125050049 g 15.0945 0.0148 5.4000 15.7025 0.9186 10.7587 11.0491 10.9795
lc_5.4_15.7_0.91 56088.52780125050049 r 13.8546 0.0013 5.4000 15.7025 0.9186 10.7587 11.0491 10.9795
lc_5.4_15.7_0.91 56470.46486953359999 i 14.0488 0.0149 5.4000 15.7025 0.9186 10.7587 11.0491 10.9795
lc_5.4_15.7_0.91 55397.37250496810157 i 13.7683 0.0152 5.4000 15.7025 0.9186 10.7587 11.0491 10.9795
lc_5.4_15.7_0.91 56088.53889624550357 i 13.7906 0.0152 5.4000 15.7025 0.9186 10.7587 11.0491 10.9795
lc_5.4_15.7_0.91 56090.54726552729699 i 14.0152 0.0150 5.4000 15.7025 0.9186 10.7587 11.0491 10.9795
lc_5.4_15.7_0.91 56090.55851792419708 i 13.9818 0.0150 5.4000 15.7025 0.9186 10.7587 11.0491 10.9795
lc_5.4_15.7_0.91 56088.52780125050049 i 13.7656 0.0152 5.4000 15.7025 0.9186 10.7587 11.0491 10.9795
lc_5.6_15.0_0.69 56088.52780125050049 g 13.5826 0.0153 5.6000 15.0087 0.6996  9.9902 10.2950 10.2271
lc_5.6_15.2_0.78 56088.52780125050049 g 14.0449 0.0152 5.6000 15.2188 0.7880 10.2109 10.5104 10.4413
lc_5.6_15.7_0.91 56088.52780125050049 g 14.9669 0.0149 5.6000 15.7025 0.9186 10.7102 11.0020 10.9311
lc_5.6_15.7_0.91 56088.52780125050049 r 13.7775 0.0013 5.6000 15.7025 0.9186 10.7102 11.0020 10.9311
lc_5.6_15.7_0.91 56470.46486953359999 i 13.7158 0.0152 5.6000 15.7025 0.9186 10.7102 11.0020 10.9311
lc_5.6_15.7_0.91 55397.37250496810157 i 14.0552 0.0149 5.6000 15.7025 0.9186 10.7102 11.0020 10.9311
lc_5.6_15.7_0.91 56088.53889624550357 i 13.6851 0.0152 5.6000 15.7025 0.9186 10.7102 11.0020 10.9311
lc_5.6_15.7_0.91 56090.54726552729699 i 13.9692 0.0150 5.6000 15.7025 0.9186 10.7102 11.0020 10.9311
lc_5.6_15.7_0.91 56090.55851792419708 i 13.9016 0.0151 5.6000 15.7025 0.9186 10.7102 11.0020 10.9311
lc_5.6_15.7_0.91 56088.52780125050049 i 13.5915 0.0153 5.6000 15.7025 0.9186 10.7102 11.0020 10.9311
lc_5.8_14.7_0.61 56088.52780125050049 g 13.7388 0.0152 5.8000 14.7494 0.6135  9.6740  9.9850  9.9172
lc_5.8_14.8_0.63 56088.52780125050049 g 13.8733 0.0152 5.8000 14.8331 0.6304  9.7596 10.0697 10.0017
lc_5.8_15.0_0.69 56088.52780125050049 g 14.2536 0.0151 5.8000 15.0087 0.6996  9.9435 10.2495 10.1805
lc_5.8_15.2_0.78 56088.52780125050049 g 14.7409 0.0149 5.8000 15.2188 0.7880 10.1641 10.4649 10.3946
lc_5.8_15.2_0.78 56088.52780125050049 r 13.5099 0.0011 5.8000 15.2188 0.7880 10.1641 10.4649 10.3946
lc_5.8_15.7_0.91 56088.52780125050049 g 15.6491 0.0150 5.8000 15.7025 0.9186 10.6634 10.9565 10.8844
lc_5.8_15.7_0.91 56088.52780125050049 r 14.2770 0.0016 5.8000 15.7025 0.9186 10.6634 10.9565 10.8844
lc_5.8_15.7_0.91 56470.46486953359999 i 14.0636 0.0149 5.8000 15.7025 0.9186 10.6634 10.9565 10.8844
lc_5.8_15.7_0.91 55397.37250496810157 i 14.0477 0.0149 5.8000 15.7025 0.9186 10.6634 10.9565 10.8844
lc_5.8_15.7_0.91 56088.53889624550357 i 13.9703 0.0150 5.8000 15.7025 0.9186 10.6634 10.9565 10.8844
lc_5.8_15.7_0.91 56090.54726552729699 i 13.7009 0.0152 5.8000 15.7025 0.9186 10.6634 10.9565 10.8844
lc_5.8_15.7_0.91 56090.55851792419708 i 13.7091 0.0152 5.8000 15.7025 0.9186 10.6634 10.9565 10.8844
lc_5.8_15.7_0.91 56088.52780125050049 i 13.9167 0.0150 5.8000 15.7025 0.9186 10.6634 10.9565 10.8844
lc_6.0_14.7_0.61 56088.52780125050049 g 13.5478 0.0153 6.0000 14.7494 0.6135  9.6288  9.9411  9.8721
lc_6.0_14.8_0.63 56088.52780125050049 g 13.6783 0.0152 6.0000 14.8331 0.6304  9.7144 10.0258  9.9566
lc_6.0_15.0_0.69 56088.52780125050049 g 14.1115 0.0151 6.0000 15.0087 0.6996  9.8983 10.2055 10.1354
lc_6.0_15.2_0.78 56088.52780125050049 g 14.5904 0.0149 6.0000 15.2188 0.7880 10.1189 10.4209 10.3496
lc_6.0_15.7_0.91 56088.52780125050049 g 15.4880 0.0149 6.0000 15.7025 0.9186 10.6182 10.9125 10.8393
lc_6.0_15.7_0.91 56088.52780125050049 r 14.0693 0.0014 6.0000 15.7025 0.9186 10.6182 10.9125 10.8393
lc_6.0_15.7_0.91 56470.46486953359999 i 13.6167 0.0153 6.0000 15.7025 0.9186 10.6182 10.9125 10.8393
lc_6.0_15.7_0.91 55397.37250496810157 i 13.6622 0.0153 6.0000 15.7025 0.9186 10.6182 10.9125 10.8393
lc_6.0_15.7_0.91 56088.53889624550357 i 13.8141 0.0151 6.0000 15.7025 0.9186 10.6182 10.9125 10.8393
lc_6.0_15.7_0.91 56090.54726552729699 i 14.0309 0.0149 6.0000 15.7025 0.9186 10.6182 10.9125 10.8393
lc_6.0_15.7_0.91 56090.55851792419708 i 14.0320 0.0149 6.0000 15.7025 0.9186 10.6182 10.9125 10.8393
lc_6.0_15.7_0.91 56088.52780125050049 i 13.7773 0.0152 6.0000 15.7025 0.9186 10.6182 10.9125 10.8393
lc_6.2_14.7_0.61 56088.52780125050049 g 13.7546 0.0152 6.2000 14.7494 0.6135  9.5851  9.8986  9.8285
lc_6.2_14.8_0.63 56088.52780125050049 g 13.8949 0.0152 6.2000 14.8331 0.6304  9.6707  9.9832  9.9130
lc_6.2_15.0_0.69 56088.52780125050049 g 14.3013 0.0151 6.2000 15.0087 0.6996  9.8546 10.1630 10.0918
lc_6.2_15.2_0.78 56088.52780125050049 g 14.7460 0.0149 6.2000 15.2188 0.7880 10.0752 10.3784 10.3059
lc_6.2_15.7_0.91 56088.52780125050049 g 15.6946 0.0150 6.2000 15.7025 0.9186 10.5745 10.8700 10.7957
lc_6.2_15.7_0.91 56088.52780125050049 r 14.3115 0.0016 6.2000 15.7025 0.9186 10.5745 10.8700 10.7957
lc_6.2_15.7_0.91 56470.46486953359999 i 13.7645 0.0152 6.2000 15.7025 0.9186 10.5745 10.8700 10.7957
lc_6.2_15.7_0.91 55397.37250496810157 i 13.6694 0.0153 6.2000 15.7025 0.9186 10.5745 10.8700 10.7957
lc_6.2_15.7_0.91 56088.53889624550357 i 13.9470 0.0150 6.2000 15.7025 0.9186 10.5745 10.8700 10.7957
lc_6.2_15.7_0.91 56090.54726552729699 i 13.6054 0.0153 6.2000 15.7025 0.9186 10.5745 10.8700 10.7957
lc_6.2_15.7_0.91 56090.55851792419708 i 13.6145 0.0153 6.2000 15.7025 0.9186 10.5745 10.8700 10.7957
lc_6.2_15.7_0.91 56088.52780125050049 i 13.9414 0.0150 6.2000 15.7025 0.9186 10.5745 10.8700 10.7957
lc_6.4_15.2_0.78 56088.52780125050049 g 13.9507 0.0152 6.4000 15.2188 0.7880 10.0329 10.3373 10.2637
lc_6.4_15.7_0.91 56088.52780125050049 g 14.8523 0.0149 6.4000 15.7025 0.9186 10.5322 10.8289 10.7535
lc_6.4_15.7_0.91 56088.52780125050049 r 13.6607 0.0012 6.4000 15.7025 0.9186 10.5322 10.8289 10.7535
lc_6.4_15.7_0.91 56470.46486953359999 i 13.9181 0.0150 6.4000 15.7025 0.9186 10.5322 10.8289 10.7535
lc_6.4_15.7_0.91 55397.37250496810157 i 13.5580 0.0154 6.4000 15.7025 0.9186 10.5322 10.8289 10.7535
lc_6.4_15.7_0.91 56088.53889624550357 i 13.5340 0.0154 6.4000 15.7025 0.9186 10.5322 10.8289 10.7535
lc_6.4_15.7_0.91 56090.54726552729699 i 13.7440 0.0152 6.4000 15.7025 0.9186 10.5322 10.8289 10.7535
lc_6.4_15.7_0.91 56090.55851792419708 i 13.7200 0.0152 6.4000 15.7025 0.9186 10.5322 10.8289 10.7535
lc_6.4_15.7_0.91 56088.52780125050049 i 13.5270 0.0154 6.4000 15.7025 0.9186 10.5322 10.8289 10.7535
lc_6.6_15.0_0.69 56088.52780125050049 g 13.6629 0.0152 6.6000 15.0087 0.6996  9.7713 10.0819 10.0086
lc_6.6_15.2_0.78 56088.52780125050049 g 14.1986 0.0151 6.6000 15.2188 0.7880  9.9919 10.2974 10.2228
lc_6.6_15.7_0.91 56088.52780125050049 g 15.0619 0.0148 6.6000 15.7025 0.9186 10.4912 10.7890 10.7126
lc_6.6_15.7_0.91 56088.52780125050049 r 13.7584 0.0013 6.6000 15.7025 0.9186 10.4912 10.7890 10.7126
lc_6.6_15.7_0.91 55397.37250496810157 i 13.7562 0.0152 6.6000 15.7025 0.9186 10.4912 10.7890 10.7126
lc_6.6_15.7_0.91 56088.53889624550357 i 13.5488 0.0154 6.6000 15.7025 0.9186 10.4912 10.7890 10.7126
lc_6.6_15.7_0.91 56090.54726552729699 i 13.8693 0.0151 6.6000 15.7025 0.9186 10.4912 10.7890 10.7126
lc_6.6_15.7_0.91 56090.55851792419708 i 13.8584 0.0151 6.6000 15.7025 0.9186 10.4912 10.7890 10.7126
lc_6.6_15.7_0.91 56088.52780125050049 i 13.5514 0.0154 6.6000 15.7025 0.9186 10.4912 10.7890 10.7126
lc_6.8_15.0_0.69 56088.52780125050049 g 13.6344 0.0153 6.8000 15.0087 0.6996  9.7315 10.0432  9.9689
lc_6.8_15.2_0.78 56088.52780125050049 g 14.1055 0.0151 6.8000 15.2188 0.7880  9.9521 10.2587 10.1831
lc_6.8_15.7_0.91 56088.52780125050049 g 15.0336 0.0148 6.8000 15.7025 0.9186 10.4514 10.7503 10.6729
lc_6.8_15.7_0.91 56088.52780125050049 r 13.7448 0.0012 6.8000 15.7025 0.9186 10.4514 10.7503 10.6729
lc_6.8_15.7_0.91 56470.46486953359999 i 13.5740 0.0153 6.8000 15.7025 0.9186 10.4514 10.7503 10.6729
lc_6.8_15.7_0.91 55397.37250496810157 i 13.8170 0.0151 6.8000 15.7025 0.9186 10.4514 10.7503 10.6729
lc_6.8_15.7_0.91 56090.54726552729699 i 13.7834 0.0152 6.8000 15.7025 0.9186 10.4514 10.7503 10.6729
lc_6.8_15.7_0.91 56090.55851792419708 i 13.7432 0.0152 6.8000 15.7025 0.9186 10.4514 10.7503 10.6729
lc_6.8_15.7_0.91 56088.52780125050049 i 13.5107 0.0154 6.8000 15.7025 0.9186 10.4514 10.7503 10.6729
lc_7.0_15.2_0.78 56088.52780125050049 g 13.9223 0.0152 7.0000 15.2188 0.7880  9.9135 10.2211 10.1445
lc_7.0_15.7_0.91 56088.52780125050049 g 14.8325 0.0149 7.0000 15.7025 0.9186 10.4128 10.7127 10.6343
lc_7.0_15.7_0.91 56088.52780125050049 r 13.5549 0.0012 7.0000 15.7025 0.9186 10.4128 10.7127 10.6343
lc_7.0_15.7_0.91 56470.46486953359999 i 13.8520 0.0151 7.0000 15.7025 0.9186 10.4128 10.7127 10.6343
lc_7.0_15.7_0.91 55397.37250496810157 i 13.5323 0.0154 7.0000 15.7025 0.9186 10.4128 10.7127 10.6343
lc_7.0_15.7_0.91 56090.54726552729699 i 13.5961 0.0153 7.0000 15.7025 0.9186 10.4128 10.7127 10.6343
lc_7.0_15.7_0.91 56090.55851792419708 i 13.6104 0.0153 7.0000 15.7025 0.9186 10.4128 10.7127 10.6343
lc_7.2_14.7_0.61 56088.52780125050049 g 13.5187 0.0153 7.2000 14.7494 0.6135  9.3858  9.7047  9.6297
lc_7.2_14.8_0.63 56088.52780125050049 g 13.6426 0.0153 7.2000 14.8331 0.6304  9.4715  9.7894  9.7141
lc_7.2_15.0_0.69 56088.52780125050049 g 14.0225 0.0152 7.2000 15.0087 0.6996  9.6553  9.9691  9.8929
lc_7.2_15.2_0.78 56088.52780125050049 g 14.5104 0.0150 7.2000 15.2188 0.7880  9.8759 10.1845 10.1071
lc_7.2_15.7_0.91 56088.52780125050049 g 15.4013 0.0149 7.2000 15.7025 0.9186 10.3753 10.6762 10.5969
lc_7.2_15.7_0.91 56088.52780125050049 r 14.0507 0.0014 7.2000 15.7025 0.9186 10.3753 10.6762 10.5969
lc_7.2_15.7_0.91 56470.46486953359999 i 13.6419 0.0153 7.2000 15.7025 0.9186 10.3753 10.6762 10.5969
lc_7.2_15.7_0.91 55397.37250496810157 i 13.7388 0.0152 7.2000 15.7025 0.9186 10.3753 10.6762 10.5969
lc_7.2_15.7_0.91 56088.53889624550357 i 13.7688 0.0152 7.2000 15.7025 0.9186 10.3753 10.6762 10.5969
lc_7.2_15.7_0.91 56090.55851792419708 i 13.5479 0.0154 7.2000 15.7025 0.9186 10.3753 10.6762 10.5969
lc_7.2_15.7_0.91 56088.52780125050049 i 13.7896 0.0152 7.2000 15.7025 0.9186 10.3753 10.6762 10.5969
lc_7.4_14.7_0.61 56088.52780125050049 g 13.5690 0.0153 7.4000 14.7494 0.6135  9.3493  9.6692  9.5932
lc_7.4_14.8_0.63 56088.52780125050049 g 13.7038 0.0152 7.4000 14.8331 0.6304  9.4349  9.7538  9.6777
lc_7.4_15.0_0.69 56088.52780125050049 g 14.1322 0.0151 7.4000 15.0087 0.6996  9.6188  9.9336  9.8565
lc_7.4_15.2_0.78 56088.52780125050049 g 14.5822 0.0149 7.4000 15.2188 0.7880  9.8394 10.1490 10.0706
lc_7.4_15.7_0.91 56088.52780125050049 g 15.4662 0.0149 7.4000 15.7025 0.9186 10.3387 10.6406 10.5604
lc_7.4_15.7_0.91 56088.52780125050049 r 14.0344 0.0014 7.4000 15.7025 0.9186 10.3387 10.6406 10.5604
lc_7.4_15.7_0.91 56088.53889624550357 i 13.7518 0.0152 7.4000 15.7025 0.9186 10.3387 10.6406 10.5604
lc_7.4_15.7_0.91 56090.54726552729699 i 13.7775 0.0152 7.4000 15.7025 0.9186 10.3387 10.6406 10.5604
lc_7.4_15.7_0.91 56090.55851792419708 i 13.7994 0.0151 7.4000 15.7025 0.9186 10.3387 10.6406 10.5604
lc_7.4_15.7_0.91 56088.52780125050049 i 13.7585 0.0152 7.4000 15.7025 0.9186 10.3387 10.6406 10.5604
lc_7.6_15.2_0.78 56088.52780125050049 g 13.9654 0.0152 7.6000 15.2188 0.7880  9.8039 10.1144 10.0352
lc_7.6_15.7_0.91 56088.52780125050049 g 14.8601 0.0149 7.6000 15.7025 0.9186 10.3032 10.6061 10.5250
lc_7.6_15.7_0.91 56088.52780125050049 r 13.5344 0.0011 7.6000 15.7025 0.9186 10.3032 10.6061 10.5250
lc_7.6_15.7_0.91 56470.46486953359999 i 13.5228 0.0154 7.6000 15.7025 0.9186 10.3032 10.6061 10.5250
lc_7.6_15.7_0.91 56090.54726552729699 i 13.5667 0.0154 7.6000 15.7025 0.9186 10.3032 10.6061 10.5250
lc_7.6_15.7_0.91 56090.55851792419708 i 13.5438 0.0154 7.6000 15.7025 0.9186 10.3032 10.6061 10.5250
lc_7.8_14.7_0.61 56088.52780125050049 g 13.6944 0.0152 7.8000 14.7494 0.6135  9.2791  9.6009  9.5232
lc_7.8_14.8_0.63 56088.52780125050049 g 13.8188 0.0152 7.8000 14.8331 0.6304  9.3648  9.6856  9.6077
lc_7.8_15.0_0.69 56088.52780125050049 g 14.2286 0.0151 7.8000 15.0087 0.6996  9.5486  9.8654  9.7865
lc_7.8_15.2_0.78 56088.52780125050049 g 14.7194 0.0149 7.8000 15.2188 0.7880  9.7693 10.0808 10.0006
lc_7.8_15.7_0.91 56088.52780125050049 g 15.6143 0.0150 7.8000 15.7025 0.9186 10.2686 10.5724 10.4904
lc_7.8_15.7_0.91 56088.52780125050049 r 14.1082 0.0015 7.8000 15.7025 0.9186 10.2686 10.5724 10.4904
lc_7.8_15.7_0.91 56470.46486953359999 i 13.6950 0.0152 7.8000 15.7025 0.9186 10.2686 10.5724 10.4904
lc_7.8_15.7_0.91 56088.53889624550357 i 13.7787 0.0152 7.8000 15.7025 0.9186 10.2686 10.5724 10.4904
lc_7.8_15.7_0.91 56090.54726552729699 i 13.5840 0.0153 7.8000 15.7025 0.9186 10.2686 10.5724 10.4904
lc_7.8_15.7_0.91 56090.55851792419708 i 13.5317 0.0154 7.8000 15.7025 0.9186 10.2686 10.5724 10.4904
lc_7.8_15.7_0.91 56088.52780125050049 i 13.7421 0.0152 7.8000 15.7025 0.9186 10.2686 10.5724 10.4904
lc_8.0_15.2_0.78 56088.52780125050049 g 13.8049 0.0152 8.0000 15.2188 0.7880  9.7355 10.0479  9.9670
lc_8.0_15.7_0.91 56088.52780125050049 g 14.7082 0.0149 8.0000 15.7025 0.9186 10.2348 10.5396 10.4567
lc_8.0_15.7_0.91 56470.46486953359999 i 13.6859 0.0152 8.0000 15.7025 0.9186 10.2348 10.5396 10.4567
lc_8.0_15.7_0.91 55397.37250496810157 i 13.7011 0.0152 8.0000 15.7025 0.9186 10.2348 10.5396 10.4567
lc_8.2_15.0_0.69 56088.52780125050049 g 13.8689 0.0152 8.2000 15.0087 0.6996  9.4820  9.8005  9.7199
lc_8.2_15.2_0.78 56088.52780125050049 g 14.3606 0.0150 8.2000 15.2188 0.7880  9.7026 10.0159  9.9341
lc_8.2_15.7_0.91 56088.52780125050049 g 15.2781 0.0148 8.2000 15.7025 0.9186 10.2019 10.5075 10.4239
lc_8.2_15.7_0.91 56088.52780125050049 r 13.7868 0.0013 8.2000 15.7025 0.9186 10.2019 10.5075 10.4239
lc_8.2_15.7_0.91 56088.53889624550357 i 13.5524 0.0154 8.2000 15.7025 0.9186 10.2019 10.5075 10.4239
lc_8.2_15.7_0.91 56090.54726552729699 i 13.7135 0.0152 8.2000 15.7025 0.9186 10.2019 10.5075 10.4239
lc_8.2_15.7_0.91 56090.55851792419708 i 13.7071 0.0152 8.2000 15.7025 0.9186 10.2019 10.5075 10.4239
lc_8.4_14.7_0.61 56088.52780125050049 g 13.6961 0.0152 8.4000 14.7494 0.6135  9.1803  9.5048  9.4247
lc_8.4_14.8_0.63 56088.52780125050049 g 13.8044 0.0152 8.4000 14.8331 0.6304  9.2660  9.5895  9.5091
lc_8.4_15.0_0.69 56088.52780125050049 g 14.1841 0.0151 8.4000 15.0087 0.6996  9.4499  9.7693  9.6879
lc_8.4_15.2_0.78 56088.52780125050049 g 14.7005 0.0149 8.4000 15.2188 0.7880  9.6705  9.9847  9.9021
lc_8.4_15.7_0.91 56088.52780125050049 g 15.5898 0.0149 8.4000 15.7025 0.9186 10.1698 10.4763 10.3918
lc_8.4_15.7_0.91 56088.52780125050049 r 14.0976 0.0015 8.4000 15.7025 0.9186 10.1698 10.4763 10.3918
lc_8.4_15.7_0.91 55397.37250496810157 i 13.5718 0.0153 8.4000 15.7025 0.9186 10.1698 10.4763 10.3918
lc_8.4_15.7_0.91 56088.53889624550357 i 13.6563 0.0153 8.4000 15.7025 0.9186 10.1698 10.4763 10.3918
lc_8.4_15.7_0.91 56088.52780125050049 i 13.6580 0.0153 8.4000 15.7025 0.9186 10.1698 10.4763 10.3918
lc_8.6_15.2_0.78 56088.52780125050049 g 13.8153 0.0152 8.6000 15.2188 0.7880  9.6391  9.9542  9.8708
lc_8.6_15.7_0.91 56088.52780125050049 g 14.7119 0.0149 8.6000 15.7025 0.9186 10.1384 10.4458 10.3606
lc_8.6_15.7_0.91 55397.37250496810157 i 13.6559 0.0153 8.6000 15.7025 0.9186 10.1384 10.4458 10.3606
lc_8.8_15.2_0.78 56088.52780125050049 g 13.8994 0.0152 8.8000 15.2188 0.7880  9.6085  9.9244  9.8402
lc_8.8_15.7_0.91 56088.52780125050049 g 14.8000 0.0149 8.8000 15.7025 0.9186 10.1078 10.4160 10.3300
lc_8.8_15.7_0.91 56470.46486953359999 i 13.5203 0.0154 8.8000 15.7025 0.9186 10.1078 10.4160 10.3300
lc_8.8_15.7_0.91 55397.37250496810157 i 13.6180 0.0153 8.8000 15.7025 0.9186 10.1078 10.4160 10.3300
lc_9.0_15.0_0.69 56088.52780125050049 g 13.5100 0.0153 9.0000 15.0087 0.6996  9.3579  9.6798  9.5961
lc_9.0_15.2_0.78 56088.52780125050049 g 13.9414 0.0152 9.0000 15.2188 0.7880  9.5785  9.8952  9.8103
lc_9.0_15.7_0.91 56088.52780125050049 g 14.8971 0.0149 9.0000 15.7025 0.9186 10.0779 10.3868 10.3001
lc_9.0_15.7_0.91 56470.46486953359999 i 13.6285 0.0153 9.0000 15.7025 0.9186 10.0779 10.3868 10.3001
lc_9.0_15.7_0.91 55397.37250496810157 i 13.5149 0.0154 9.0000 15.7025 0.9186 10.0779 10.3868 10.3001
lc_9.0_15.7_0.91 56090.54726552729699 i 13.5578 0.0154 9.0000 15.7025 0.9186 10.0779 10.3868 10.3001
lc_9.0_15.7_0.91 56090.55851792419708 i 13.5255 0.0154 9.0000 15.7025 0.9186 10.0779 10.3868 10.3001
lc_9.2_15.0_0.69 56088.52780125050049 g 13.6273 0.0153 9.2000 15.0087 0.6996  9.3286  9.6513  9.5669
lc_9.2_15.2_0.78 56088.52780125050049 g 14.1179 0.0151 9.2000 15.2188 0.7880  9.5492  9.8667  9.7811
lc_9.2_15.7_0.91 56088.52780125050049 g 15.0299 0.0148 9.2000 15.7025 0.9186 10.0486 10.3583 10.2709
lc_9.2_15.7_0.91 56088.52780125050049 r 13.5538 0.0012 9.2000 15.7025 0.9186 10.0486 10.3583 10.2709
lc_9.2_15.7_0.91 56090.54726552729699 i 13.5096 0.0154 9.2000 15.7025 0.9186 10.0486 10.3583 10.2709
lc_9.2_15.7_0.91 56090.55851792419708 i 13.5225 0.0154 9.2000 15.7025 0.9186 10.0486 10.3583 10.2709
lc_9.4_15.0_0.69 56088.52780125050049 g 13.6885 0.0152 9.4000 15.0087 0.6996  9.3000  9.6234  9.5383
lc_9.4_15.2_0.78 56088.52780125050049 g 14.1991 0.0151 9.4000 15.2188 0.7880  9.5206  9.8389  9.7525
lc_9.4_15.7_0.91 56088.52780125050049 g 15.0892 0.0148 9.4000 15.7025 0.9186 10.0199 10.3305 10.2423
lc_9.4_15.7_0.91 56088.52780125050049 r 13.6094 0.0012 9.4000 15.7025 0.9186 10.0199 10.3305 10.2423
lc_9.4_15.7_0.91 56090.54726552729699 i 13.5514 0.0154 9.4000 15.7025 0.9186 10.0199 10.3305 10.2423
lc_9.4_15.7_0.91 56090.55851792419708 i 13.5453 0.0154 9.4000 15.7025 0.9186 10.0199 10.3305 10.2423
