# Name Epoch Band Mag eMag period DM E(B-V) KMEAN  W1MEAN W2MEAN
1.2909.48_0.18_1 55009.44622405259724 r 14.1002 0.0015 19.5000  9.4881 0.1876 2.8015 3.1478 3.0490
1.3429.48_0.18_1 56461.55533000959986 r 13.5671 0.0012 22.0000  9.4881 0.1876 2.6229 2.9860 2.8900
1.3529.48_0.18_1 56461.56513484090101 r 19.0990 0.0319 22.5000  9.4881 0.1876 2.6122 2.9633 2.8486
1.3719.48_0.18_1 56089.42137289280072 r 18.8335 0.0263 23.5000  9.4881 0.1876 2.5492 2.9161 2.7820
1.3809.48_0.18_1 56462.52990447310003 r 15.1263 0.0024 24.0000  9.4881 0.1876 2.5054 2.8806 2.7583
1.3899.48_0.18_1 56462.56129047510331 r 17.9707 0.0142 24.5000  9.4881 0.1876 2.4977 2.8497 2.7560
1.3899.48_0.18_1 56462.55123749750055 r 21.1517 0.1550 24.5000  9.4881 0.1876 2.4977 2.8497 2.7560
1.4319.48_0.18_1 55009.43467541460268 r 15.5084 0.0030 27.0000  9.4881 0.1876 2.3604 2.7394 2.6028
1.4319.48_0.18_1 55009.44622405259724 r 15.2814 0.0026 27.0000  9.4881 0.1876 2.3604 2.7394 2.6028
1.4629.48_0.18_1 56462.56129047510331 r 20.4242 0.0874 29.0000  9.4881 0.1876 2.2629 2.6182 2.5108
1.4699.48_0.18_1 55009.44622405259724 r 20.0314 0.0645 29.5000  9.4881 0.1876 2.2342 2.5931 2.4858
