# Name Epoch Band Mag eMag period DM E(B-V) KMEAN  W1MEAN W2MEAN
0.47715.9_0.16_6 55333.46849169759662 g 14.2236 0.0151 3.0000 15.9698 0.1608 11.7521 12.0471 12.0110
0.47715.9_0.16_6 55711.43065906839911 g 14.2231 0.0151 3.0000 15.9698 0.1608 11.7521 12.0471 12.0110
0.47715.9_0.16_6 55330.51952456549770 g 14.2277 0.0151 3.0000 15.9698 0.1608 11.7521 12.0471 12.0110
0.47715.9_0.16_6 55330.53116734370269 g 14.2001 0.0151 3.0000 15.9698 0.1608 11.7521 12.0471 12.0110
0.47715.9_0.16_6 56068.44436610599951 g 14.1802 0.0151 3.0000 15.9698 0.1608 11.7521 12.0471 12.0110
0.47715.9_0.16_6 56068.43421096220118 g 14.2373 0.0151 3.0000 15.9698 0.1608 11.7521 12.0471 12.0110
0.47715.9_0.16_6 56427.48128365490265 g 14.0132 0.0152 3.0000 15.9698 0.1608 11.7521 12.0471 12.0110
0.47715.9_0.16_6 56427.48258206249739 g 13.9960 0.0152 3.0000 15.9698 0.1608 11.7521 12.0471 12.0110
0.47715.9_0.16_6 56427.49197569159878 g 13.9784 0.0152 3.0000 15.9698 0.1608 11.7521 12.0471 12.0110
0.47715.9_0.16_6 55711.41565194819850 g 14.2212 0.0151 3.0000 15.9698 0.1608 11.7521 12.0471 12.0110
0.47715.9_0.16_6 55333.48044761350320 g 14.1945 0.0151 3.0000 15.9698 0.1608 11.7521 12.0471 12.0110
0.47715.9_0.16_6 55711.44642147800187 r 13.5754 0.0012 3.0000 15.9698 0.1608 11.7521 12.0471 12.0110
0.47715.9_0.16_6 55366.39466232009727 r 13.5738 0.0012 3.0000 15.9698 0.1608 11.7521 12.0471 12.0110
0.47715.9_0.16_6 55366.40673042010167 r 13.5737 0.0012 3.0000 15.9698 0.1608 11.7521 12.0471 12.0110
0.47715.9_0.16_6 55711.46074333709839 r 13.5744 0.0012 3.0000 15.9698 0.1608 11.7521 12.0471 12.0110
0.47715.9_0.16_6 56059.46512984870060 r 13.5739 0.0012 3.0000 15.9698 0.1608 11.7521 12.0471 12.0110
0.47715.9_0.16_6 56059.45535842920071 r 13.5756 0.0012 3.0000 15.9698 0.1608 11.7521 12.0471 12.0110
0.47715.9_0.16_6 56059.47576047450275 i 13.6805 0.0153 3.0000 15.9698 0.1608 11.7521 12.0471 12.0110
0.47715.9_0.16_6 56059.48668003369676 i 13.6479 0.0153 3.0000 15.9698 0.1608 11.7521 12.0471 12.0110
0.47715.9_0.16_6 56470.37262384650239 i 13.6363 0.0153 3.0000 15.9698 0.1608 11.7521 12.0471 12.0110
0.47715.9_0.16_6 56470.35582633609738 i 13.7280 0.0152 3.0000 15.9698 0.1608 11.7521 12.0471 12.0110
0.54415.9_0.16_6 55333.46849169759662 g 13.7760 0.0152 3.5000 15.9698 0.1608 11.5505 11.8429 11.8010
0.54415.9_0.16_6 55711.43065906839911 g 13.7686 0.0152 3.5000 15.9698 0.1608 11.5505 11.8429 11.8010
0.54415.9_0.16_6 55330.51952456549770 g 13.9917 0.0152 3.5000 15.9698 0.1608 11.5505 11.8429 11.8010
0.54415.9_0.16_6 55330.53116734370269 g 13.9568 0.0152 3.5000 15.9698 0.1608 11.5505 11.8429 11.8010
0.54415.9_0.16_6 56068.44436610599951 g 13.7760 0.0152 3.5000 15.9698 0.1608 11.5505 11.8429 11.8010
0.54415.9_0.16_6 56068.43421096220118 g 13.7865 0.0152 3.5000 15.9698 0.1608 11.5505 11.8429 11.8010
0.54415.9_0.16_6 55711.41565194819850 g 13.7545 0.0152 3.5000 15.9698 0.1608 11.5505 11.8429 11.8010
0.54415.9_0.16_6 55333.48044761350320 g 13.7980 0.0152 3.5000 15.9698 0.1608 11.5505 11.8429 11.8010
0.60215.9_0.16_6 55333.46849169759662 g 13.9515 0.0152 4.0000 15.9698 0.1608 11.3859 11.6590 11.6421
0.60215.9_0.16_6 55330.51952456549770 g 13.8430 0.0152 4.0000 15.9698 0.1608 11.3859 11.6590 11.6421
0.60215.9_0.16_6 55330.53116734370269 g 13.8602 0.0152 4.0000 15.9698 0.1608 11.3859 11.6590 11.6421
0.60215.9_0.16_6 56068.44436610599951 g 13.6056 0.0153 4.0000 15.9698 0.1608 11.3859 11.6590 11.6421
0.60215.9_0.16_6 55364.37081190659956 g 13.5845 0.0153 4.0000 15.9698 0.1608 11.3859 11.6590 11.6421
0.60215.9_0.16_6 55364.35969335870323 g 13.5707 0.0153 4.0000 15.9698 0.1608 11.3859 11.6590 11.6421
0.60215.9_0.16_6 56068.43421096220118 g 13.5845 0.0153 4.0000 15.9698 0.1608 11.3859 11.6590 11.6421
0.60215.9_0.16_6 55333.48044761350320 g 13.9846 0.0152 4.0000 15.9698 0.1608 11.3859 11.6590 11.6421
0.65315.9_0.16_6 55330.51952456549770 g 13.7740 0.0152 4.5000 15.9698 0.1608 11.2172 11.5290 11.4730
0.65315.9_0.16_6 55330.53116734370269 g 13.7619 0.0152 4.5000 15.9698 0.1608 11.2172 11.5290 11.4730
0.65315.9_0.16_6 56068.44436610599951 g 13.7594 0.0152 4.5000 15.9698 0.1608 11.2172 11.5290 11.4730
0.65315.9_0.16_6 56068.43421096220118 g 13.7247 0.0152 4.5000 15.9698 0.1608 11.2172 11.5290 11.4730
0.69815.9_0.16_6 55711.43065906839911 g 13.7923 0.0152 5.0000 15.9698 0.1608 11.0815 11.3822 11.3239
0.69815.9_0.16_6 55330.51952456549770 g 13.6388 0.0153 5.0000 15.9698 0.1608 11.0815 11.3822 11.3239
0.69815.9_0.16_6 55330.53116734370269 g 13.6197 0.0153 5.0000 15.9698 0.1608 11.0815 11.3822 11.3239
0.69815.9_0.16_6 56427.48128365490265 g 13.5344 0.0153 5.0000 15.9698 0.1608 11.0815 11.3822 11.3239
0.69815.9_0.16_6 56427.48258206249739 g 13.5210 0.0153 5.0000 15.9698 0.1608 11.0815 11.3822 11.3239
0.69815.9_0.16_6 56427.49197569159878 g 13.5083 0.0153 5.0000 15.9698 0.1608 11.0815 11.3822 11.3239
0.69815.9_0.16_6 55711.41565194819850 g 13.7955 0.0152 5.0000 15.9698 0.1608 11.0815 11.3822 11.3239
0.74015.9_0.16_6 55711.43065906839911 g 13.7502 0.0152 5.5000 15.9698 0.1608 10.9582 11.2731 11.2203
0.74015.9_0.16_6 55330.51952456549770 g 13.6214 0.0153 5.5000 15.9698 0.1608 10.9582 11.2731 11.2203
0.74015.9_0.16_6 55330.53116734370269 g 13.5696 0.0153 5.5000 15.9698 0.1608 10.9582 11.2731 11.2203
0.74015.9_0.16_6 56068.44436610599951 g 13.7910 0.0152 5.5000 15.9698 0.1608 10.9582 11.2731 11.2203
0.74015.9_0.16_6 55364.37081190659956 g 13.7629 0.0152 5.5000 15.9698 0.1608 10.9582 11.2731 11.2203
0.74015.9_0.16_6 55364.35969335870323 g 13.7962 0.0152 5.5000 15.9698 0.1608 10.9582 11.2731 11.2203
0.74015.9_0.16_6 56068.43421096220118 g 13.8033 0.0152 5.5000 15.9698 0.1608 10.9582 11.2731 11.2203
0.74015.9_0.16_6 55711.41565194819850 g 13.7650 0.0152 5.5000 15.9698 0.1608 10.9582 11.2731 11.2203
0.77815.9_0.16_6 55364.37081190659956 g 13.5366 0.0153 6.0000 15.9698 0.1608 10.8327 11.1392 11.1186
0.77815.9_0.16_6 55364.35969335870323 g 13.5553 0.0153 6.0000 15.9698 0.1608 10.8327 11.1392 11.1186
0.77815.9_0.16_6 56427.48128365490265 g 13.6833 0.0152 6.0000 15.9698 0.1608 10.8327 11.1392 11.1186
0.77815.9_0.16_6 56427.48258206249739 g 13.6894 0.0152 6.0000 15.9698 0.1608 10.8327 11.1392 11.1186
0.77815.9_0.16_6 56427.49197569159878 g 13.6743 0.0152 6.0000 15.9698 0.1608 10.8327 11.1392 11.1186
0.81215.9_0.16_6 55364.37081190659956 g 13.5976 0.0153 6.5000 15.9698 0.1608 10.7312 11.0672 10.9776
0.81215.9_0.16_6 55364.35969335870323 g 13.6044 0.0153 6.5000 15.9698 0.1608 10.7312 11.0672 10.9776
0.84515.9_0.16_6 55330.51952456549770 g 13.5943 0.0153 7.0000 15.9698 0.1608 10.6300 10.9708 10.8919
0.84515.9_0.16_6 55330.53116734370269 g 13.5966 0.0153 7.0000 15.9698 0.1608 10.6300 10.9708 10.8919
0.84515.9_0.16_6 55364.37081190659956 g 13.5435 0.0153 7.0000 15.9698 0.1608 10.6300 10.9708 10.8919
0.84515.9_0.16_6 55364.35969335870323 g 13.5870 0.0153 7.0000 15.9698 0.1608 10.6300 10.9708 10.8919
0.87515.9_0.16_6 55333.46849169759662 g 13.6397 0.0153 7.5000 15.9698 0.1608 10.5271 10.8661 10.7905
0.87515.9_0.16_6 56068.44436610599951 g 13.5960 0.0153 7.5000 15.9698 0.1608 10.5271 10.8661 10.7905
0.87515.9_0.16_6 56068.43421096220118 g 13.6168 0.0153 7.5000 15.9698 0.1608 10.5271 10.8661 10.7905
0.87515.9_0.16_6 56427.48258206249739 g 13.5294 0.0153 7.5000 15.9698 0.1608 10.5271 10.8661 10.7905
0.87515.9_0.16_6 56427.49197569159878 g 13.5360 0.0153 7.5000 15.9698 0.1608 10.5271 10.8661 10.7905
0.87515.9_0.16_6 55333.48044761350320 g 13.6143 0.0153 7.5000 15.9698 0.1608 10.5271 10.8661 10.7905
0.9038.45_0.11_6 55711.44642147800187 r 17.5250 0.0105 8.0000  8.4510 0.1179 2.9203 3.2446 3.1773
0.9298.45_0.11_6 56059.45535842920071 r 18.1368 0.0159 8.5000  8.4510 0.1179 2.8413 3.1800 3.0909
0.92915.9_0.16_6 55333.46849169759662 g 13.6061 0.0153 8.5000 15.9698 0.1608 10.3738 10.7092 10.6213
0.92915.9_0.16_6 55333.48044761350320 g 13.5697 0.0153 8.5000 15.9698 0.1608 10.3738 10.7092 10.6213
1.0608.45_0.11_6 56059.46512984870060 r 16.5073 0.0054 11.5000  8.4510 0.1179 2.4424 2.7722 2.7152
1.1138.45_0.11_6 56059.46512984870060 r 22.6705 0.5316 13.0000  8.4510 0.1179 2.2933 2.6445 2.5391
1.1768.45_0.11_6 56516.27380619620089 r 16.2406 0.0046 15.0000  8.4510 0.1179 2.0780 2.4448 2.3507
1.2048.45_0.11_6 56471.34825666510005 r 20.5465 0.0962 16.0000  8.4510 0.1179 1.9873 2.3489 2.2564
1.2178.45_0.11_6 55366.39466232009727 r 13.8205 0.0013 16.5000  8.4510 0.1179 1.9596 2.3265 2.2300
1.2178.45_0.11_6 55711.46074333709839 r 15.4149 0.0028 16.5000  8.4510 0.1179 1.9596 2.3265 2.2300
1.2178.45_0.11_6 56059.46512984870060 r 20.6721 0.1061 16.5000  8.4510 0.1179 1.9596 2.3265 2.2300
1.2308.45_0.11_6 56516.27380619620089 r 21.0669 0.1449 17.0000  8.4510 0.1179 1.9299 2.2733 2.1729
1.2308.45_0.11_6 56059.45535842920071 r 19.8277 0.0552 17.0000  8.4510 0.1179 1.9299 2.2733 2.1729
1.2438.45_0.11_6 55711.46074333709839 r 18.7562 0.0248 17.5000  8.4510 0.1179 1.8816 2.2430 2.1374
1.2558.45_0.11_6 55366.39466232009727 r 21.3737 0.1851 18.0000  8.4510 0.1179 1.8461 2.2117 2.1103
1.2788.45_0.11_6 56059.46512984870060 r 20.5007 0.0928 19.0000  8.4510 0.1179 1.7655 2.1344 2.0290
1.3228.45_0.11_6 55366.39466232009727 r 15.4807 0.0029 21.0000  8.4510 0.1179 1.6313 2.0148 1.9003
1.3718.45_0.11_6 55711.44642147800187 r 14.1996 0.0015 23.5000  8.4510 0.1179 1.5003 1.8563 1.7569
1.3899.54_0.15_6 56471.34825666510005 r 18.6974 0.0238 24.5000  9.5424 0.1527 2.5404 2.8952 2.7970
1.4238.45_0.11_6 55711.46074333709839 r 18.6749 0.0234 26.5000  8.4510 0.1179 1.3266 1.6966 1.5933
1.4479.54_0.15_6 56516.27380619620089 r 18.1666 0.0163 28.0000  9.5424 0.1527 2.3658 2.7212 2.6205
1.4779.54_0.15_6 55711.44642147800187 r 15.1954 0.0025 30.0000  9.5424 0.1527 2.2578 2.6433 2.5170
