# Name Epoch Band Mag eMag period DM E(B-V) KMEAN  W1MEAN W2MEAN
0.47712.5_1.2_17 56148.35737108159810 g 13.9617 0.0152 3.0000 12.5460 1.2437 8.4242 8.6742 8.6196
0.47712.5_1.2_17 56148.34644904409652 g 13.9445 0.0152 3.0000 12.5460 1.2437 8.4242 8.6742 8.6196
0.47712.5_1.2_17 55014.44820719180279 g 13.9971 0.0152 3.0000 12.5460 1.2437 8.4242 8.6742 8.6196
0.47712.5_1.2_17 55389.35959469679801 g 13.9624 0.0152 3.0000 12.5460 1.2437 8.4242 8.6742 8.6196
0.47712.5_1.2_17 55389.34789377079869 g 13.9630 0.0152 3.0000 12.5460 1.2437 8.4242 8.6742 8.6196
0.47712.5_1.2_17 56457.53239160539670 g 14.0572 0.0151 3.0000 12.5460 1.2437 8.4242 8.6742 8.6196
0.47712.5_1.2_17 56457.54286877949926 g 14.0380 0.0152 3.0000 12.5460 1.2437 8.4242 8.6742 8.6196
0.47712.5_1.2_17 56455.50771040520340 g 14.2202 0.0151 3.0000 12.5460 1.2437 8.4242 8.6742 8.6196
0.47713.5_1.6_17 56148.35737108159810 g 16.1296 0.0154 3.0000 13.5506 1.6050 9.4718 9.7005 9.6408
0.47713.5_1.6_17 56148.34644904409652 g 16.1374 0.0154 3.0000 13.5506 1.6050 9.4718 9.7005 9.6408
0.47713.5_1.6_17 55361.48643927429657 g 15.5499 0.0149 3.0000 13.5506 1.6050 9.4718 9.7005 9.6408
0.47713.5_1.6_17 55742.45593677880242 g 15.5195 0.0149 3.0000 13.5506 1.6050 9.4718 9.7005 9.6408
0.47713.5_1.6_17 55742.46622221360303 g 15.5455 0.0149 3.0000 13.5506 1.6050 9.4718 9.7005 9.6408
0.47713.5_1.6_17 55014.44820719180279 g 16.1448 0.0154 3.0000 13.5506 1.6050 9.4718 9.7005 9.6408
0.47713.5_1.6_17 55389.35959469679801 g 16.1212 0.0154 3.0000 13.5506 1.6050 9.4718 9.7005 9.6408
0.47713.5_1.6_17 55389.34789377079869 g 16.1151 0.0154 3.0000 13.5506 1.6050 9.4718 9.7005 9.6408
0.47713.5_1.6_17 55751.46854943590006 g 15.5498 0.0149 3.0000 13.5506 1.6050 9.4718 9.7005 9.6408
0.47713.5_1.6_17 55361.47444091879879 g 15.5326 0.0149 3.0000 13.5506 1.6050 9.4718 9.7005 9.6408
0.47713.5_1.6_17 55751.47818196580192 g 15.5474 0.0149 3.0000 13.5506 1.6050 9.4718 9.7005 9.6408
0.47713.5_1.6_17 56457.53239160539670 g 16.2016 0.0155 3.0000 13.5506 1.6050 9.4718 9.7005 9.6408
0.47713.5_1.6_17 56457.54286877949926 g 16.1913 0.0155 3.0000 13.5506 1.6050 9.4718 9.7005 9.6408
0.47713.5_1.6_17 56455.50771040520340 g 16.3333 0.0157 3.0000 13.5506 1.6050 9.4718 9.7005 9.6408
0.47713.5_1.6_17 56455.54539404209936 r 14.4420 0.0017 3.0000 13.5506 1.6050 9.4718 9.7005 9.6408
0.47713.5_1.6_17 55742.47741243580094 r 13.8482 0.0013 3.0000 13.5506 1.6050 9.4718 9.7005 9.6408
0.47713.5_1.6_17 55742.48718999150151 r 13.8500 0.0013 3.0000 13.5506 1.6050 9.4718 9.7005 9.6408
0.47713.5_1.6_17 55365.55970194480324 r 14.2981 0.0016 3.0000 13.5506 1.6050 9.4718 9.7005 9.6408
0.47713.5_1.6_17 55365.54820492179715 r 14.2953 0.0016 3.0000 13.5506 1.6050 9.4718 9.7005 9.6408
0.47713.5_1.6_17 56463.50723495610146 r 14.2794 0.0016 3.0000 13.5506 1.6050 9.4718 9.7005 9.6408
0.47713.5_1.6_17 56463.49733644490334 r 14.2758 0.0016 3.0000 13.5506 1.6050 9.4718 9.7005 9.6408
0.47713.5_1.6_17 56088.49724264269753 r 14.2803 0.0016 3.0000 13.5506 1.6050 9.4718 9.7005 9.6408
0.47713.5_1.6_17 56455.55515270440083 r 14.4372 0.0017 3.0000 13.5506 1.6050 9.4718 9.7005 9.6408
0.47713.5_1.6_17 56088.48722780620301 r 14.2771 0.0016 3.0000 13.5506 1.6050 9.4718 9.7005 9.6408
0.47713.5_1.6_17 56088.51857690519682 i 13.5876 0.0153 3.0000 13.5506 1.6050 9.4718 9.7005 9.6408
0.47713.5_1.6_17 55762.43968739819684 i 13.7141 0.0152 3.0000 13.5506 1.6050 9.4718 9.7005 9.6408
0.47713.5_1.6_17 55368.48059499220108 i 13.5398 0.0154 3.0000 13.5506 1.6050 9.4718 9.7005 9.6408
0.47713.5_1.6_17 55368.49303057199722 i 13.5214 0.0154 3.0000 13.5506 1.6050 9.4718 9.7005 9.6408
0.47713.5_1.6_17 56092.53427471029863 i 13.6345 0.0153 3.0000 13.5506 1.6050 9.4718 9.7005 9.6408
0.47713.5_1.6_17 56092.52295058070013 i 13.6516 0.0153 3.0000 13.5506 1.6050 9.4718 9.7005 9.6408
0.47713.5_1.6_17 55762.45069778760080 i 13.7366 0.0152 3.0000 13.5506 1.6050 9.4718 9.7005 9.6408
0.47713.5_1.6_17 56088.50776796919672 i 13.5753 0.0153 3.0000 13.5506 1.6050 9.4718 9.7005 9.6408
0.54412.5_1.2_17 56148.34644904409652 g 13.5175 0.0153 3.5000 12.5460 1.2437 8.2187 8.4743 8.4146
0.54412.5_1.2_17 55751.46854943590006 g 13.9653 0.0152 3.5000 12.5460 1.2437 8.2187 8.4743 8.4146
0.54412.5_1.2_17 55751.47818196580192 g 13.9656 0.0152 3.5000 12.5460 1.2437 8.2187 8.4743 8.4146
0.54412.5_1.2_17 56457.53239160539670 g 13.5744 0.0153 3.5000 12.5460 1.2437 8.2187 8.4743 8.4146
0.54412.5_1.2_17 56457.54286877949926 g 13.6056 0.0153 3.5000 12.5460 1.2437 8.2187 8.4743 8.4146
0.54412.5_1.2_17 56455.50771040520340 g 14.1036 0.0151 3.5000 12.5460 1.2437 8.2187 8.4743 8.4146
0.54413.5_1.6_17 56148.35737108159810 g 15.6145 0.0150 3.5000 13.5506 1.6050 9.2663 9.5006 9.4358
0.54413.5_1.6_17 56148.34644904409652 g 15.6652 0.0150 3.5000 13.5506 1.6050 9.2663 9.5006 9.4358
0.54413.5_1.6_17 55361.48643927429657 g 15.3996 0.0149 3.5000 13.5506 1.6050 9.2663 9.5006 9.4358
0.54413.5_1.6_17 55742.45593677880242 g 15.4725 0.0149 3.5000 13.5506 1.6050 9.2663 9.5006 9.4358
0.54413.5_1.6_17 55742.46622221360303 g 15.4531 0.0149 3.5000 13.5506 1.6050 9.2663 9.5006 9.4358
0.54413.5_1.6_17 55014.44820719180279 g 15.4962 0.0149 3.5000 13.5506 1.6050 9.2663 9.5006 9.4358
0.54413.5_1.6_17 55389.35959469679801 g 15.3435 0.0149 3.5000 13.5506 1.6050 9.2663 9.5006 9.4358
0.54413.5_1.6_17 55389.34789377079869 g 15.2992 0.0149 3.5000 13.5506 1.6050 9.2663 9.5006 9.4358
0.54413.5_1.6_17 55751.46854943590006 g 16.1424 0.0154 3.5000 13.5506 1.6050 9.2663 9.5006 9.4358
0.54413.5_1.6_17 55361.47444091879879 g 15.4180 0.0149 3.5000 13.5506 1.6050 9.2663 9.5006 9.4358
0.54413.5_1.6_17 55751.47818196580192 g 16.1353 0.0154 3.5000 13.5506 1.6050 9.2663 9.5006 9.4358
0.54413.5_1.6_17 56457.53239160539670 g 15.7415 0.0150 3.5000 13.5506 1.6050 9.2663 9.5006 9.4358
0.54413.5_1.6_17 56457.54286877949926 g 15.7355 0.0150 3.5000 13.5506 1.6050 9.2663 9.5006 9.4358
0.54413.5_1.6_17 56455.50771040520340 g 16.2393 0.0155 3.5000 13.5506 1.6050 9.2663 9.5006 9.4358
0.54413.5_1.6_17 56455.54539404209936 r 14.2983 0.0016 3.5000 13.5506 1.6050 9.2663 9.5006 9.4358
0.54413.5_1.6_17 55742.47741243580094 r 13.7324 0.0012 3.5000 13.5506 1.6050 9.2663 9.5006 9.4358
0.54413.5_1.6_17 55742.48718999150151 r 13.7214 0.0012 3.5000 13.5506 1.6050 9.2663 9.5006 9.4358
0.54413.5_1.6_17 55365.55970194480324 r 13.9068 0.0013 3.5000 13.5506 1.6050 9.2663 9.5006 9.4358
0.54413.5_1.6_17 55365.54820492179715 r 13.9025 0.0013 3.5000 13.5506 1.6050 9.2663 9.5006 9.4358
0.54413.5_1.6_17 56463.50723495610146 r 13.6996 0.0012 3.5000 13.5506 1.6050 9.2663 9.5006 9.4358
0.54413.5_1.6_17 56463.49733644490334 r 13.7108 0.0012 3.5000 13.5506 1.6050 9.2663 9.5006 9.4358
0.54413.5_1.6_17 56088.49724264269753 r 14.2585 0.0016 3.5000 13.5506 1.6050 9.2663 9.5006 9.4358
0.54413.5_1.6_17 56455.55515270440083 r 14.2971 0.0016 3.5000 13.5506 1.6050 9.2663 9.5006 9.4358
0.54413.5_1.6_17 56088.48722780620301 r 14.2624 0.0016 3.5000 13.5506 1.6050 9.2663 9.5006 9.4358
0.54413.5_1.6_17 56088.51857690519682 i 13.5050 0.0154 3.5000 13.5506 1.6050 9.2663 9.5006 9.4358
0.54413.5_1.6_17 55762.43968739819684 i 13.5715 0.0153 3.5000 13.5506 1.6050 9.2663 9.5006 9.4358
0.54413.5_1.6_17 55762.45069778760080 i 13.6104 0.0153 3.5000 13.5506 1.6050 9.2663 9.5006 9.4358
0.60212.5_1.2_17 56148.35737108159810 g 13.9300 0.0152 4.0000 12.5460 1.2437 8.0408 8.3012 8.2370
0.60212.5_1.2_17 56148.34644904409652 g 13.9072 0.0152 4.0000 12.5460 1.2437 8.0408 8.3012 8.2370
0.60212.5_1.2_17 55361.48643927429657 g 13.8276 0.0152 4.0000 12.5460 1.2437 8.0408 8.3012 8.2370
0.60212.5_1.2_17 55389.35959469679801 g 13.8960 0.0152 4.0000 12.5460 1.2437 8.0408 8.3012 8.2370
0.60212.5_1.2_17 55389.34789377079869 g 13.9562 0.0152 4.0000 12.5460 1.2437 8.0408 8.3012 8.2370
0.60212.5_1.2_17 55751.46854943590006 g 13.6141 0.0153 4.0000 12.5460 1.2437 8.0408 8.3012 8.2370
0.60212.5_1.2_17 55361.47444091879879 g 13.8495 0.0152 4.0000 12.5460 1.2437 8.0408 8.3012 8.2370
0.60212.5_1.2_17 55751.47818196580192 g 13.6410 0.0153 4.0000 12.5460 1.2437 8.0408 8.3012 8.2370
0.60212.5_1.2_17 56457.53239160539670 g 13.7759 0.0152 4.0000 12.5460 1.2437 8.0408 8.3012 8.2370
0.60212.5_1.2_17 56457.54286877949926 g 13.7666 0.0152 4.0000 12.5460 1.2437 8.0408 8.3012 8.2370
0.60212.5_1.2_17 56455.50771040520340 g 13.6610 0.0152 4.0000 12.5460 1.2437 8.0408 8.3012 8.2370
0.60213.5_1.6_17 56148.35737108159810 g 16.0142 0.0153 4.0000 13.5506 1.6050 9.0883 9.3275 9.2582
0.60213.5_1.6_17 56148.34644904409652 g 16.0360 0.0153 4.0000 13.5506 1.6050 9.0883 9.3275 9.2582
0.60213.5_1.6_17 55361.48643927429657 g 15.9654 0.0152 4.0000 13.5506 1.6050 9.0883 9.3275 9.2582
0.60213.5_1.6_17 55742.45593677880242 g 15.2530 0.0148 4.0000 13.5506 1.6050 9.0883 9.3275 9.2582
0.60213.5_1.6_17 55742.46622221360303 g 15.2695 0.0148 4.0000 13.5506 1.6050 9.0883 9.3275 9.2582
0.60213.5_1.6_17 55014.44820719180279 g 15.2419 0.0148 4.0000 13.5506 1.6050 9.0883 9.3275 9.2582
0.60213.5_1.6_17 55389.35959469679801 g 16.0629 0.0153 4.0000 13.5506 1.6050 9.0883 9.3275 9.2582
0.60213.5_1.6_17 55389.34789377079869 g 16.0926 0.0153 4.0000 13.5506 1.6050 9.0883 9.3275 9.2582
0.60213.5_1.6_17 55751.46854943590006 g 15.7660 0.0150 4.0000 13.5506 1.6050 9.0883 9.3275 9.2582
0.60213.5_1.6_17 55361.47444091879879 g 15.9671 0.0152 4.0000 13.5506 1.6050 9.0883 9.3275 9.2582
0.60213.5_1.6_17 55751.47818196580192 g 15.7999 0.0151 4.0000 13.5506 1.6050 9.0883 9.3275 9.2582
0.60213.5_1.6_17 56457.53239160539670 g 15.9473 0.0152 4.0000 13.5506 1.6050 9.0883 9.3275 9.2582
0.60213.5_1.6_17 56457.54286877949926 g 15.9283 0.0152 4.0000 13.5506 1.6050 9.0883 9.3275 9.2582
0.60213.5_1.6_17 56455.50771040520340 g 15.7828 0.0151 4.0000 13.5506 1.6050 9.0883 9.3275 9.2582
0.60213.5_1.6_17 56455.54539404209936 r 13.8842 0.0013 4.0000 13.5506 1.6050 9.0883 9.3275 9.2582
0.60213.5_1.6_17 55742.47741243580094 r 13.5230 0.0011 4.0000 13.5506 1.6050 9.0883 9.3275 9.2582
0.60213.5_1.6_17 55742.48718999150151 r 13.5281 0.0011 4.0000 13.5506 1.6050 9.0883 9.3275 9.2582
0.60213.5_1.6_17 55365.55970194480324 r 14.0184 0.0014 4.0000 13.5506 1.6050 9.0883 9.3275 9.2582
0.60213.5_1.6_17 55365.54820492179715 r 14.0254 0.0014 4.0000 13.5506 1.6050 9.0883 9.3275 9.2582
0.60213.5_1.6_17 56463.50723495610146 r 13.8754 0.0013 4.0000 13.5506 1.6050 9.0883 9.3275 9.2582
0.60213.5_1.6_17 56463.49733644490334 r 13.8708 0.0013 4.0000 13.5506 1.6050 9.0883 9.3275 9.2582
0.60213.5_1.6_17 56088.49724264269753 r 14.1032 0.0015 4.0000 13.5506 1.6050 9.0883 9.3275 9.2582
0.60213.5_1.6_17 56455.55515270440083 r 13.8879 0.0013 4.0000 13.5506 1.6050 9.0883 9.3275 9.2582
0.60213.5_1.6_17 56088.48722780620301 r 14.1040 0.0015 4.0000 13.5506 1.6050 9.0883 9.3275 9.2582
0.65312.5_1.2_17 55742.45593677880242 g 13.9190 0.0152 4.5000 12.5460 1.2437 7.8838 8.1485 8.0804
0.65312.5_1.2_17 55742.46622221360303 g 13.9001 0.0152 4.5000 12.5460 1.2437 7.8838 8.1485 8.0804
0.65312.5_1.2_17 55751.46854943590006 g 13.8833 0.0152 4.5000 12.5460 1.2437 7.8838 8.1485 8.0804
0.65312.5_1.2_17 55751.47818196580192 g 13.9037 0.0152 4.5000 12.5460 1.2437 7.8838 8.1485 8.0804
0.65312.5_1.2_17 56457.53239160539670 g 13.9075 0.0152 4.5000 12.5460 1.2437 7.8838 8.1485 8.0804
0.65312.5_1.2_17 56457.54286877949926 g 13.8698 0.0152 4.5000 12.5460 1.2437 7.8838 8.1485 8.0804
0.65313.5_1.6_17 56148.35737108159810 g 15.3292 0.0149 4.5000 13.5506 1.6050 8.9314 9.1748 9.1015
0.65313.5_1.6_17 56148.34644904409652 g 15.3104 0.0149 4.5000 13.5506 1.6050 8.9314 9.1748 9.1015
0.65313.5_1.6_17 55361.48643927429657 g 15.1640 0.0148 4.5000 13.5506 1.6050 8.9314 9.1748 9.1015
0.65313.5_1.6_17 55742.45593677880242 g 16.0572 0.0153 4.5000 13.5506 1.6050 8.9314 9.1748 9.1015
0.65313.5_1.6_17 55742.46622221360303 g 16.0758 0.0153 4.5000 13.5506 1.6050 8.9314 9.1748 9.1015
0.65313.5_1.6_17 55014.44820719180279 g 15.2019 0.0148 4.5000 13.5506 1.6050 8.9314 9.1748 9.1015
0.65313.5_1.6_17 55389.35959469679801 g 15.5497 0.0149 4.5000 13.5506 1.6050 8.9314 9.1748 9.1015
0.65313.5_1.6_17 55389.34789377079869 g 15.5776 0.0149 4.5000 13.5506 1.6050 8.9314 9.1748 9.1015
0.65313.5_1.6_17 55751.46854943590006 g 16.0674 0.0153 4.5000 13.5506 1.6050 8.9314 9.1748 9.1015
0.65313.5_1.6_17 55361.47444091879879 g 15.1900 0.0148 4.5000 13.5506 1.6050 8.9314 9.1748 9.1015
0.65313.5_1.6_17 55751.47818196580192 g 16.0706 0.0153 4.5000 13.5506 1.6050 8.9314 9.1748 9.1015
0.65313.5_1.6_17 56457.53239160539670 g 16.0241 0.0153 4.5000 13.5506 1.6050 8.9314 9.1748 9.1015
0.65313.5_1.6_17 56457.54286877949926 g 16.0421 0.0153 4.5000 13.5506 1.6050 8.9314 9.1748 9.1015
0.65313.5_1.6_17 56455.50771040520340 g 15.4237 0.0149 4.5000 13.5506 1.6050 8.9314 9.1748 9.1015
0.65313.5_1.6_17 56455.54539404209936 r 13.5770 0.0012 4.5000 13.5506 1.6050 8.9314 9.1748 9.1015
0.65313.5_1.6_17 55742.47741243580094 r 14.0611 0.0014 4.5000 13.5506 1.6050 8.9314 9.1748 9.1015
0.65313.5_1.6_17 55742.48718999150151 r 14.0599 0.0014 4.5000 13.5506 1.6050 8.9314 9.1748 9.1015
0.65313.5_1.6_17 56088.49724264269753 r 14.0176 0.0014 4.5000 13.5506 1.6050 8.9314 9.1748 9.1015
0.65313.5_1.6_17 56455.55515270440083 r 13.5811 0.0012 4.5000 13.5506 1.6050 8.9314 9.1748 9.1015
0.65313.5_1.6_17 56088.48722780620301 r 14.0158 0.0014 4.5000 13.5506 1.6050 8.9314 9.1748 9.1015
0.69812.5_1.2_17 55361.48643927429657 g 13.8370 0.0152 5.0000 12.5460 1.2437 7.7434 8.0119 7.9402
0.69812.5_1.2_17 55742.46622221360303 g 13.5008 0.0153 5.0000 12.5460 1.2437 7.7434 8.0119 7.9402
0.69812.5_1.2_17 55751.46854943590006 g 13.8254 0.0152 5.0000 12.5460 1.2437 7.7434 8.0119 7.9402
0.69812.5_1.2_17 55361.47444091879879 g 13.8045 0.0152 5.0000 12.5460 1.2437 7.7434 8.0119 7.9402
0.69812.5_1.2_17 55751.47818196580192 g 13.8228 0.0152 5.0000 12.5460 1.2437 7.7434 8.0119 7.9402
0.69812.5_1.2_17 56455.50771040520340 g 13.6330 0.0153 5.0000 12.5460 1.2437 7.7434 8.0119 7.9402
0.69813.5_1.6_17 56148.35737108159810 g 15.0056 0.0148 5.0000 13.5506 1.6050 8.7910 9.0382 8.9614
0.69813.5_1.6_17 56148.34644904409652 g 15.0052 0.0148 5.0000 13.5506 1.6050 8.7910 9.0382 8.9614
0.69813.5_1.6_17 55361.48643927429657 g 15.9475 0.0152 5.0000 13.5506 1.6050 8.7910 9.0382 8.9614
0.69813.5_1.6_17 55742.45593677880242 g 15.6761 0.0150 5.0000 13.5506 1.6050 8.7910 9.0382 8.9614
0.69813.5_1.6_17 55742.46622221360303 g 15.6384 0.0150 5.0000 13.5506 1.6050 8.7910 9.0382 8.9614
0.69813.5_1.6_17 55014.44820719180279 g 15.4918 0.0149 5.0000 13.5506 1.6050 8.7910 9.0382 8.9614
0.69813.5_1.6_17 55389.35959469679801 g 15.4353 0.0149 5.0000 13.5506 1.6050 8.7910 9.0382 8.9614
0.69813.5_1.6_17 55389.34789377079869 g 15.4480 0.0149 5.0000 13.5506 1.6050 8.7910 9.0382 8.9614
0.69813.5_1.6_17 55751.46854943590006 g 15.9283 0.0152 5.0000 13.5506 1.6050 8.7910 9.0382 8.9614
0.69813.5_1.6_17 55361.47444091879879 g 15.9513 0.0152 5.0000 13.5506 1.6050 8.7910 9.0382 8.9614
0.69813.5_1.6_17 55751.47818196580192 g 15.9734 0.0152 5.0000 13.5506 1.6050 8.7910 9.0382 8.9614
0.69813.5_1.6_17 56457.53239160539670 g 15.5619 0.0149 5.0000 13.5506 1.6050 8.7910 9.0382 8.9614
0.69813.5_1.6_17 56457.54286877949926 g 15.5638 0.0149 5.0000 13.5506 1.6050 8.7910 9.0382 8.9614
0.69813.5_1.6_17 56455.50771040520340 g 15.7997 0.0151 5.0000 13.5506 1.6050 8.7910 9.0382 8.9614
0.69813.5_1.6_17 56455.54539404209936 r 13.7953 0.0013 5.0000 13.5506 1.6050 8.7910 9.0382 8.9614
0.69813.5_1.6_17 55742.47741243580094 r 13.7335 0.0012 5.0000 13.5506 1.6050 8.7910 9.0382 8.9614
0.69813.5_1.6_17 55742.48718999150151 r 13.7267 0.0012 5.0000 13.5506 1.6050 8.7910 9.0382 8.9614
0.69813.5_1.6_17 55365.55970194480324 r 13.7991 0.0013 5.0000 13.5506 1.6050 8.7910 9.0382 8.9614
0.69813.5_1.6_17 55365.54820492179715 r 13.7965 0.0013 5.0000 13.5506 1.6050 8.7910 9.0382 8.9614
0.69813.5_1.6_17 56455.55515270440083 r 13.7988 0.0013 5.0000 13.5506 1.6050 8.7910 9.0382 8.9614
0.74012.5_1.2_17 56148.35737108159810 g 13.5865 0.0153 5.5000 12.5460 1.2437 7.6164 7.8883 7.8135
0.74012.5_1.2_17 56148.34644904409652 g 13.5548 0.0153 5.5000 12.5460 1.2437 7.6164 7.8883 7.8135
0.74012.5_1.2_17 55742.45593677880242 g 13.7809 0.0152 5.5000 12.5460 1.2437 7.6164 7.8883 7.8135
0.74012.5_1.2_17 55742.46622221360303 g 13.7676 0.0152 5.5000 12.5460 1.2437 7.6164 7.8883 7.8135
0.74012.5_1.2_17 55389.35959469679801 g 13.5691 0.0153 5.5000 12.5460 1.2437 7.6164 7.8883 7.8135
0.74012.5_1.2_17 55389.34789377079869 g 13.5793 0.0153 5.5000 12.5460 1.2437 7.6164 7.8883 7.8135
0.74012.5_1.2_17 56457.53239160539670 g 13.7937 0.0152 5.5000 12.5460 1.2437 7.6164 7.8883 7.8135
0.74012.5_1.2_17 56457.54286877949926 g 13.7817 0.0152 5.5000 12.5460 1.2437 7.6164 7.8883 7.8135
0.74013.5_1.6_17 56148.35737108159810 g 15.7299 0.0150 5.5000 13.5506 1.6050 8.6639 8.9146 8.8347
0.74013.5_1.6_17 56148.34644904409652 g 15.7426 0.0150 5.5000 13.5506 1.6050 8.6639 8.9146 8.8347
0.74013.5_1.6_17 55361.48643927429657 g 15.5930 0.0149 5.5000 13.5506 1.6050 8.6639 8.9146 8.8347
0.74013.5_1.6_17 55742.45593677880242 g 15.9247 0.0152 5.5000 13.5506 1.6050 8.6639 8.9146 8.8347
0.74013.5_1.6_17 55742.46622221360303 g 15.9312 0.0152 5.5000 13.5506 1.6050 8.6639 8.9146 8.8347
0.74013.5_1.6_17 55014.44820719180279 g 15.4977 0.0149 5.5000 13.5506 1.6050 8.6639 8.9146 8.8347
0.74013.5_1.6_17 55389.35959469679801 g 15.7103 0.0150 5.5000 13.5506 1.6050 8.6639 8.9146 8.8347
0.74013.5_1.6_17 55389.34789377079869 g 15.7105 0.0150 5.5000 13.5506 1.6050 8.6639 8.9146 8.8347
0.74013.5_1.6_17 55751.46854943590006 g 15.4941 0.0149 5.5000 13.5506 1.6050 8.6639 8.9146 8.8347
0.74013.5_1.6_17 55361.47444091879879 g 15.6134 0.0150 5.5000 13.5506 1.6050 8.6639 8.9146 8.8347
0.74013.5_1.6_17 55751.47818196580192 g 15.5005 0.0149 5.5000 13.5506 1.6050 8.6639 8.9146 8.8347
0.74013.5_1.6_17 56457.53239160539670 g 15.9319 0.0152 5.5000 13.5506 1.6050 8.6639 8.9146 8.8347
0.74013.5_1.6_17 56457.54286877949926 g 15.9284 0.0152 5.5000 13.5506 1.6050 8.6639 8.9146 8.8347
0.74013.5_1.6_17 56455.50771040520340 g 15.4903 0.0149 5.5000 13.5506 1.6050 8.6639 8.9146 8.8347
0.74013.5_1.6_17 56455.54539404209936 r 13.5258 0.0011 5.5000 13.5506 1.6050 8.6639 8.9146 8.8347
0.74013.5_1.6_17 55742.47741243580094 r 13.8759 0.0013 5.5000 13.5506 1.6050 8.6639 8.9146 8.8347
0.74013.5_1.6_17 55742.48718999150151 r 13.8755 0.0013 5.5000 13.5506 1.6050 8.6639 8.9146 8.8347
0.74013.5_1.6_17 56463.50723495610146 r 13.8288 0.0013 5.5000 13.5506 1.6050 8.6639 8.9146 8.8347
0.74013.5_1.6_17 56463.49733644490334 r 13.8316 0.0013 5.5000 13.5506 1.6050 8.6639 8.9146 8.8347
0.74013.5_1.6_17 56088.49724264269753 r 13.8167 0.0013 5.5000 13.5506 1.6050 8.6639 8.9146 8.8347
0.74013.5_1.6_17 56455.55515270440083 r 13.5262 0.0011 5.5000 13.5506 1.6050 8.6639 8.9146 8.8347
0.74013.5_1.6_17 56088.48722780620301 r 13.8156 0.0013 5.5000 13.5506 1.6050 8.6639 8.9146 8.8347
0.77812.5_1.2_17 56148.35737108159810 g 13.7044 0.0152 6.0000 12.5460 1.2437 7.5004 7.7755 7.6978
0.77812.5_1.2_17 56148.34644904409652 g 13.7493 0.0152 6.0000 12.5460 1.2437 7.5004 7.7755 7.6978
0.77812.5_1.2_17 55361.48643927429657 g 13.5727 0.0153 6.0000 12.5460 1.2437 7.5004 7.7755 7.6978
0.77812.5_1.2_17 55014.44820719180279 g 13.6725 0.0152 6.0000 12.5460 1.2437 7.5004 7.7755 7.6978
0.77812.5_1.2_17 55751.46854943590006 g 13.5550 0.0153 6.0000 12.5460 1.2437 7.5004 7.7755 7.6978
0.77812.5_1.2_17 55361.47444091879879 g 13.5606 0.0153 6.0000 12.5460 1.2437 7.5004 7.7755 7.6978
0.77812.5_1.2_17 55751.47818196580192 g 13.6066 0.0153 6.0000 12.5460 1.2437 7.5004 7.7755 7.6978
0.77813.5_1.6_17 56148.35737108159810 g 15.8351 0.0151 6.0000 13.5506 1.6050 8.5480 8.8018 8.7190
0.77813.5_1.6_17 56148.34644904409652 g 15.8533 0.0151 6.0000 13.5506 1.6050 8.5480 8.8018 8.7190
0.77813.5_1.6_17 55361.48643927429657 g 15.7324 0.0150 6.0000 13.5506 1.6050 8.5480 8.8018 8.7190
0.77813.5_1.6_17 55742.45593677880242 g 14.9506 0.0149 6.0000 13.5506 1.6050 8.5480 8.8018 8.7190
0.77813.5_1.6_17 55742.46622221360303 g 14.9358 0.0149 6.0000 13.5506 1.6050 8.5480 8.8018 8.7190
0.77813.5_1.6_17 55014.44820719180279 g 15.8666 0.0151 6.0000 13.5506 1.6050 8.5480 8.8018 8.7190
0.77813.5_1.6_17 55389.35959469679801 g 15.2260 0.0148 6.0000 13.5506 1.6050 8.5480 8.8018 8.7190
0.77813.5_1.6_17 55389.34789377079869 g 15.2054 0.0148 6.0000 13.5506 1.6050 8.5480 8.8018 8.7190
0.77813.5_1.6_17 55751.46854943590006 g 15.7226 0.0150 6.0000 13.5506 1.6050 8.5480 8.8018 8.7190
0.77813.5_1.6_17 55361.47444091879879 g 15.7249 0.0150 6.0000 13.5506 1.6050 8.5480 8.8018 8.7190
0.77813.5_1.6_17 55751.47818196580192 g 15.7339 0.0150 6.0000 13.5506 1.6050 8.5480 8.8018 8.7190
0.77813.5_1.6_17 56457.53239160539670 g 15.2732 0.0148 6.0000 13.5506 1.6050 8.5480 8.8018 8.7190
0.77813.5_1.6_17 56457.54286877949926 g 15.3022 0.0149 6.0000 13.5506 1.6050 8.5480 8.8018 8.7190
0.77813.5_1.6_17 56455.50771040520340 g 15.3296 0.0149 6.0000 13.5506 1.6050 8.5480 8.8018 8.7190
0.77813.5_1.6_17 56088.49724264269753 r 13.7963 0.0013 6.0000 13.5506 1.6050 8.5480 8.8018 8.7190
0.77813.5_1.6_17 56088.48722780620301 r 13.7951 0.0013 6.0000 13.5506 1.6050 8.5480 8.8018 8.7190
0.81213.5_1.6_17 56148.35737108159810 g 14.9118 0.0149 6.5000 13.5506 1.6050 8.4413 8.6980 8.6125
0.81213.5_1.6_17 56148.34644904409652 g 14.9261 0.0149 6.5000 13.5506 1.6050 8.4413 8.6980 8.6125
0.81213.5_1.6_17 55361.48643927429657 g 15.2025 0.0148 6.5000 13.5506 1.6050 8.4413 8.6980 8.6125
0.81213.5_1.6_17 55742.45593677880242 g 15.6186 0.0150 6.5000 13.5506 1.6050 8.4413 8.6980 8.6125
0.81213.5_1.6_17 55742.46622221360303 g 15.6225 0.0150 6.5000 13.5506 1.6050 8.4413 8.6980 8.6125
0.81213.5_1.6_17 55014.44820719180279 g 15.5847 0.0149 6.5000 13.5506 1.6050 8.4413 8.6980 8.6125
0.81213.5_1.6_17 55389.35959469679801 g 15.1300 0.0148 6.5000 13.5506 1.6050 8.4413 8.6980 8.6125
0.81213.5_1.6_17 55389.34789377079869 g 15.1263 0.0148 6.5000 13.5506 1.6050 8.4413 8.6980 8.6125
0.81213.5_1.6_17 55751.46854943590006 g 15.2243 0.0148 6.5000 13.5506 1.6050 8.4413 8.6980 8.6125
0.81213.5_1.6_17 55361.47444091879879 g 15.2106 0.0148 6.5000 13.5506 1.6050 8.4413 8.6980 8.6125
0.81213.5_1.6_17 55751.47818196580192 g 15.2095 0.0148 6.5000 13.5506 1.6050 8.4413 8.6980 8.6125
0.81213.5_1.6_17 56457.53239160539670 g 15.6355 0.0150 6.5000 13.5506 1.6050 8.4413 8.6980 8.6125
0.81213.5_1.6_17 56457.54286877949926 g 15.6459 0.0150 6.5000 13.5506 1.6050 8.4413 8.6980 8.6125
0.81213.5_1.6_17 56455.50771040520340 g 15.2041 0.0148 6.5000 13.5506 1.6050 8.4413 8.6980 8.6125
0.81213.5_1.6_17 55742.47741243580094 r 13.5472 0.0012 6.5000 13.5506 1.6050 8.4413 8.6980 8.6125
0.81213.5_1.6_17 55742.48718999150151 r 13.5492 0.0012 6.5000 13.5506 1.6050 8.4413 8.6980 8.6125
0.81213.5_1.6_17 55365.55970194480324 r 13.5579 0.0012 6.5000 13.5506 1.6050 8.4413 8.6980 8.6125
0.81213.5_1.6_17 55365.54820492179715 r 13.5562 0.0012 6.5000 13.5506 1.6050 8.4413 8.6980 8.6125
0.81213.5_1.6_17 56088.49724264269753 r 13.7132 0.0012 6.5000 13.5506 1.6050 8.4413 8.6980 8.6125
0.81213.5_1.6_17 56088.48722780620301 r 13.7145 0.0012 6.5000 13.5506 1.6050 8.4413 8.6980 8.6125
0.84512.5_1.2_17 55751.46854943590006 g 13.5452 0.0153 7.0000 12.5460 1.2437 7.2949 7.5757 7.4927
0.84512.5_1.2_17 55751.47818196580192 g 13.5350 0.0153 7.0000 12.5460 1.2437 7.2949 7.5757 7.4927
0.84512.5_1.2_17 56457.53239160539670 g 13.5412 0.0153 7.0000 12.5460 1.2437 7.2949 7.5757 7.4927
0.84512.5_1.2_17 56457.54286877949926 g 13.5385 0.0153 7.0000 12.5460 1.2437 7.2949 7.5757 7.4927
0.84513.5_1.6_17 56148.35737108159810 g 15.4719 0.0149 7.0000 13.5506 1.6050 8.3425 8.6019 8.5139
0.84513.5_1.6_17 56148.34644904409652 g 15.4709 0.0149 7.0000 13.5506 1.6050 8.3425 8.6019 8.5139
0.84513.5_1.6_17 55361.48643927429657 g 14.7895 0.0149 7.0000 13.5506 1.6050 8.3425 8.6019 8.5139
0.84513.5_1.6_17 55742.45593677880242 g 15.5008 0.0149 7.0000 13.5506 1.6050 8.3425 8.6019 8.5139
0.84513.5_1.6_17 55742.46622221360303 g 15.5320 0.0149 7.0000 13.5506 1.6050 8.3425 8.6019 8.5139
0.84513.5_1.6_17 55014.44820719180279 g 15.4869 0.0149 7.0000 13.5506 1.6050 8.3425 8.6019 8.5139
0.84513.5_1.6_17 55389.35959469679801 g 14.7884 0.0149 7.0000 13.5506 1.6050 8.3425 8.6019 8.5139
0.84513.5_1.6_17 55389.34789377079869 g 14.7623 0.0149 7.0000 13.5506 1.6050 8.3425 8.6019 8.5139
0.84513.5_1.6_17 55751.46854943590006 g 15.6839 0.0150 7.0000 13.5506 1.6050 8.3425 8.6019 8.5139
0.84513.5_1.6_17 55361.47444091879879 g 14.7956 0.0149 7.0000 13.5506 1.6050 8.3425 8.6019 8.5139
0.84513.5_1.6_17 55751.47818196580192 g 15.6870 0.0150 7.0000 13.5506 1.6050 8.3425 8.6019 8.5139
0.84513.5_1.6_17 56457.53239160539670 g 15.6876 0.0150 7.0000 13.5506 1.6050 8.3425 8.6019 8.5139
0.84513.5_1.6_17 56457.54286877949926 g 15.7097 0.0150 7.0000 13.5506 1.6050 8.3425 8.6019 8.5139
0.84513.5_1.6_17 56455.50771040520340 g 15.2804 0.0148 7.0000 13.5506 1.6050 8.3425 8.6019 8.5139
0.84513.5_1.6_17 55365.55970194480324 r 13.5972 0.0012 7.0000 13.5506 1.6050 8.3425 8.6019 8.5139
0.84513.5_1.6_17 55365.54820492179715 r 13.5958 0.0012 7.0000 13.5506 1.6050 8.3425 8.6019 8.5139
0.87513.5_1.6_17 56148.35737108159810 g 15.2579 0.0148 7.5000 13.5506 1.6050 8.2506 8.5125 8.4222
0.87513.5_1.6_17 56148.34644904409652 g 15.2441 0.0148 7.5000 13.5506 1.6050 8.2506 8.5125 8.4222
0.87513.5_1.6_17 55361.48643927429657 g 15.4373 0.0149 7.5000 13.5506 1.6050 8.2506 8.5125 8.4222
0.87513.5_1.6_17 55742.45593677880242 g 15.0296 0.0148 7.5000 13.5506 1.6050 8.2506 8.5125 8.4222
0.87513.5_1.6_17 55742.46622221360303 g 15.0498 0.0148 7.5000 13.5506 1.6050 8.2506 8.5125 8.4222
0.87513.5_1.6_17 55014.44820719180279 g 15.0071 0.0148 7.5000 13.5506 1.6050 8.2506 8.5125 8.4222
0.87513.5_1.6_17 55389.35959469679801 g 14.9778 0.0149 7.5000 13.5506 1.6050 8.2506 8.5125 8.4222
0.87513.5_1.6_17 55389.34789377079869 g 14.9560 0.0149 7.5000 13.5506 1.6050 8.2506 8.5125 8.4222
0.87513.5_1.6_17 55751.46854943590006 g 15.4164 0.0149 7.5000 13.5506 1.6050 8.2506 8.5125 8.4222
0.87513.5_1.6_17 55361.47444091879879 g 15.4068 0.0149 7.5000 13.5506 1.6050 8.2506 8.5125 8.4222
0.87513.5_1.6_17 55751.47818196580192 g 15.4200 0.0149 7.5000 13.5506 1.6050 8.2506 8.5125 8.4222
0.87513.5_1.6_17 56457.53239160539670 g 15.6076 0.0149 7.5000 13.5506 1.6050 8.2506 8.5125 8.4222
0.87513.5_1.6_17 56457.54286877949926 g 15.5920 0.0149 7.5000 13.5506 1.6050 8.2506 8.5125 8.4222
0.87513.5_1.6_17 56455.50771040520340 g 15.1169 0.0148 7.5000 13.5506 1.6050 8.2506 8.5125 8.4222
0.90313.5_1.6_17 56148.35737108159810 g 15.5417 0.0149 8.0000 13.5506 1.6050 8.1646 8.4288 8.3364
0.90313.5_1.6_17 56148.34644904409652 g 15.5313 0.0149 8.0000 13.5506 1.6050 8.1646 8.4288 8.3364
0.90313.5_1.6_17 55361.48643927429657 g 15.3267 0.0149 8.0000 13.5506 1.6050 8.1646 8.4288 8.3364
0.90313.5_1.6_17 55742.45593677880242 g 14.7250 0.0149 8.0000 13.5506 1.6050 8.1646 8.4288 8.3364
0.90313.5_1.6_17 55742.46622221360303 g 14.7300 0.0149 8.0000 13.5506 1.6050 8.1646 8.4288 8.3364
0.90313.5_1.6_17 55014.44820719180279 g 14.7142 0.0149 8.0000 13.5506 1.6050 8.1646 8.4288 8.3364
0.90313.5_1.6_17 55389.35959469679801 g 15.0296 0.0148 8.0000 13.5506 1.6050 8.1646 8.4288 8.3364
0.90313.5_1.6_17 55389.34789377079869 g 15.0248 0.0148 8.0000 13.5506 1.6050 8.1646 8.4288 8.3364
0.90313.5_1.6_17 55751.46854943590006 g 14.9192 0.0149 8.0000 13.5506 1.6050 8.1646 8.4288 8.3364
0.90313.5_1.6_17 55361.47444091879879 g 15.3044 0.0149 8.0000 13.5506 1.6050 8.1646 8.4288 8.3364
0.90313.5_1.6_17 55751.47818196580192 g 14.9579 0.0149 8.0000 13.5506 1.6050 8.1646 8.4288 8.3364
0.90313.5_1.6_17 56457.53239160539670 g 15.3196 0.0149 8.0000 13.5506 1.6050 8.1646 8.4288 8.3364
0.90313.5_1.6_17 56457.54286877949926 g 15.3481 0.0149 8.0000 13.5506 1.6050 8.1646 8.4288 8.3364
0.90313.5_1.6_17 56455.50771040520340 g 14.9088 0.0149 8.0000 13.5506 1.6050 8.1646 8.4288 8.3364
0.92913.5_1.6_17 56148.35737108159810 g 15.4637 0.0149 8.5000 13.5506 1.6050 8.0838 8.3502 8.2557
0.92913.5_1.6_17 56148.34644904409652 g 15.4550 0.0149 8.5000 13.5506 1.6050 8.0838 8.3502 8.2557
0.92913.5_1.6_17 55361.48643927429657 g 14.9368 0.0149 8.5000 13.5506 1.6050 8.0838 8.3502 8.2557
0.92913.5_1.6_17 55742.45593677880242 g 14.6450 0.0149 8.5000 13.5506 1.6050 8.0838 8.3502 8.2557
0.92913.5_1.6_17 55742.46622221360303 g 14.6539 0.0149 8.5000 13.5506 1.6050 8.0838 8.3502 8.2557
0.92913.5_1.6_17 55014.44820719180279 g 15.2311 0.0148 8.5000 13.5506 1.6050 8.0838 8.3502 8.2557
0.92913.5_1.6_17 55389.35959469679801 g 15.3978 0.0149 8.5000 13.5506 1.6050 8.0838 8.3502 8.2557
0.92913.5_1.6_17 55389.34789377079869 g 15.4096 0.0149 8.5000 13.5506 1.6050 8.0838 8.3502 8.2557
0.92913.5_1.6_17 55751.46854943590006 g 14.7774 0.0149 8.5000 13.5506 1.6050 8.0838 8.3502 8.2557
0.92913.5_1.6_17 55361.47444091879879 g 14.9266 0.0149 8.5000 13.5506 1.6050 8.0838 8.3502 8.2557
0.92913.5_1.6_17 55751.47818196580192 g 14.7920 0.0149 8.5000 13.5506 1.6050 8.0838 8.3502 8.2557
0.92913.5_1.6_17 56457.53239160539670 g 14.8698 0.0149 8.5000 13.5506 1.6050 8.0838 8.3502 8.2557
0.92913.5_1.6_17 56457.54286877949926 g 14.8798 0.0149 8.5000 13.5506 1.6050 8.0838 8.3502 8.2557
0.92913.5_1.6_17 56455.50771040520340 g 14.8424 0.0149 8.5000 13.5506 1.6050 8.0838 8.3502 8.2557
0.95413.5_1.6_17 56148.35737108159810 g 15.3279 0.0149 9.0000 13.5506 1.6050 8.0076 8.2761 8.1797
0.95413.5_1.6_17 56148.34644904409652 g 15.2947 0.0149 9.0000 13.5506 1.6050 8.0076 8.2761 8.1797
0.95413.5_1.6_17 55361.48643927429657 g 14.6197 0.0149 9.0000 13.5506 1.6050 8.0076 8.2761 8.1797
0.95413.5_1.6_17 55742.45593677880242 g 15.1249 0.0148 9.0000 13.5506 1.6050 8.0076 8.2761 8.1797
0.95413.5_1.6_17 55742.46622221360303 g 15.1215 0.0148 9.0000 13.5506 1.6050 8.0076 8.2761 8.1797
0.95413.5_1.6_17 55014.44820719180279 g 15.3289 0.0149 9.0000 13.5506 1.6050 8.0076 8.2761 8.1797
0.95413.5_1.6_17 55389.35959469679801 g 14.8313 0.0149 9.0000 13.5506 1.6050 8.0076 8.2761 8.1797
0.95413.5_1.6_17 55389.34789377079869 g 14.8105 0.0149 9.0000 13.5506 1.6050 8.0076 8.2761 8.1797
0.95413.5_1.6_17 55751.46854943590006 g 15.1290 0.0148 9.0000 13.5506 1.6050 8.0076 8.2761 8.1797
0.95413.5_1.6_17 55361.47444091879879 g 14.5907 0.0149 9.0000 13.5506 1.6050 8.0076 8.2761 8.1797
0.95413.5_1.6_17 55751.47818196580192 g 15.1294 0.0148 9.0000 13.5506 1.6050 8.0076 8.2761 8.1797
0.95413.5_1.6_17 56457.53239160539670 g 15.2815 0.0148 9.0000 13.5506 1.6050 8.0076 8.2761 8.1797
0.95413.5_1.6_17 56457.54286877949926 g 15.2717 0.0148 9.0000 13.5506 1.6050 8.0076 8.2761 8.1797
0.95413.5_1.6_17 56455.50771040520340 g 15.5069 0.0149 9.0000 13.5506 1.6050 8.0076 8.2761 8.1797
0.97713.5_1.6_17 56148.35737108159810 g 15.0603 0.0148 9.5000 13.5506 1.6050 7.9355 8.2060 8.1078
0.97713.5_1.6_17 56148.34644904409652 g 15.0622 0.0148 9.5000 13.5506 1.6050 7.9355 8.2060 8.1078
0.97713.5_1.6_17 55361.48643927429657 g 14.5646 0.0150 9.5000 13.5506 1.6050 7.9355 8.2060 8.1078
0.97713.5_1.6_17 55742.45593677880242 g 14.7583 0.0149 9.5000 13.5506 1.6050 7.9355 8.2060 8.1078
0.97713.5_1.6_17 55742.46622221360303 g 14.7788 0.0149 9.5000 13.5506 1.6050 7.9355 8.2060 8.1078
0.97713.5_1.6_17 55014.44820719180279 g 15.3073 0.0149 9.5000 13.5506 1.6050 7.9355 8.2060 8.1078
0.97713.5_1.6_17 55389.35959469679801 g 14.5785 0.0150 9.5000 13.5506 1.6050 7.9355 8.2060 8.1078
0.97713.5_1.6_17 55389.34789377079869 g 14.5815 0.0149 9.5000 13.5506 1.6050 7.9355 8.2060 8.1078
0.97713.5_1.6_17 55751.46854943590006 g 14.6384 0.0149 9.5000 13.5506 1.6050 7.9355 8.2060 8.1078
0.97713.5_1.6_17 55361.47444091879879 g 14.5742 0.0150 9.5000 13.5506 1.6050 7.9355 8.2060 8.1078
0.97713.5_1.6_17 55751.47818196580192 g 14.6923 0.0149 9.5000 13.5506 1.6050 7.9355 8.2060 8.1078
0.97713.5_1.6_17 56457.53239160539670 g 15.1661 0.0148 9.5000 13.5506 1.6050 7.9355 8.2060 8.1078
0.97713.5_1.6_17 56457.54286877949926 g 15.1622 0.0148 9.5000 13.5506 1.6050 7.9355 8.2060 8.1078
0.97713.5_1.6_17 56455.50771040520340 g 14.8093 0.0149 9.5000 13.5506 1.6050 7.9355 8.2060 8.1078
1.04113.5_1.6_17 56148.35737108159810 g 15.1142 0.0148 11.0000 13.5506 1.6050 7.7401 8.0159 7.9128
1.04113.5_1.6_17 56148.34644904409652 g 15.0957 0.0148 11.0000 13.5506 1.6050 7.7401 8.0159 7.9128
1.04113.5_1.6_17 55361.48643927429657 g 14.7634 0.0149 11.0000 13.5506 1.6050 7.7401 8.0159 7.9128
1.04113.5_1.6_17 55742.45593677880242 g 14.8525 0.0149 11.0000 13.5506 1.6050 7.7401 8.0159 7.9128
1.04113.5_1.6_17 55742.46622221360303 g 14.8558 0.0149 11.0000 13.5506 1.6050 7.7401 8.0159 7.9128
1.04113.5_1.6_17 55014.44820719180279 g 15.4209 0.0149 11.0000 13.5506 1.6050 7.7401 8.0159 7.9128
1.04113.5_1.6_17 55389.35959469679801 g 15.1011 0.0148 11.0000 13.5506 1.6050 7.7401 8.0159 7.9128
1.04113.5_1.6_17 55389.34789377079869 g 15.1346 0.0148 11.0000 13.5506 1.6050 7.7401 8.0159 7.9128
1.04113.5_1.6_17 55751.46854943590006 g 15.3836 0.0149 11.0000 13.5506 1.6050 7.7401 8.0159 7.9128
1.04113.5_1.6_17 55361.47444091879879 g 14.7542 0.0149 11.0000 13.5506 1.6050 7.7401 8.0159 7.9128
1.04113.5_1.6_17 55751.47818196580192 g 15.3696 0.0149 11.0000 13.5506 1.6050 7.7401 8.0159 7.9128
1.04113.5_1.6_17 56457.53239160539670 g 14.8473 0.0149 11.0000 13.5506 1.6050 7.7401 8.0159 7.9128
1.04113.5_1.6_17 56457.54286877949926 g 14.8525 0.0149 11.0000 13.5506 1.6050 7.7401 8.0159 7.9128
1.04113.5_1.6_17 56455.50771040520340 g 15.3647 0.0149 11.0000 13.5506 1.6050 7.7401 8.0159 7.9128
1.06013.5_1.6_17 56148.35737108159810 g 15.1285 0.0148 11.5000 13.5506 1.6050 7.6809 7.9583 7.8537
1.06013.5_1.6_17 56148.34644904409652 g 15.1482 0.0148 11.5000 13.5506 1.6050 7.6809 7.9583 7.8537
1.06013.5_1.6_17 55361.48643927429657 g 14.3422 0.0150 11.5000 13.5506 1.6050 7.6809 7.9583 7.8537
1.06013.5_1.6_17 55742.45593677880242 g 14.3337 0.0150 11.5000 13.5506 1.6050 7.6809 7.9583 7.8537
1.06013.5_1.6_17 55742.46622221360303 g 14.3354 0.0150 11.5000 13.5506 1.6050 7.6809 7.9583 7.8537
1.06013.5_1.6_17 55014.44820719180279 g 15.0248 0.0148 11.5000 13.5506 1.6050 7.6809 7.9583 7.8537
1.06013.5_1.6_17 55389.35959469679801 g 15.1250 0.0148 11.5000 13.5506 1.6050 7.6809 7.9583 7.8537
1.06013.5_1.6_17 55389.34789377079869 g 15.1129 0.0148 11.5000 13.5506 1.6050 7.6809 7.9583 7.8537
1.06013.5_1.6_17 55751.46854943590006 g 14.8087 0.0149 11.5000 13.5506 1.6050 7.6809 7.9583 7.8537
1.06013.5_1.6_17 55361.47444091879879 g 14.3782 0.0150 11.5000 13.5506 1.6050 7.6809 7.9583 7.8537
1.06013.5_1.6_17 55751.47818196580192 g 14.7986 0.0149 11.5000 13.5506 1.6050 7.6809 7.9583 7.8537
1.06013.5_1.6_17 56457.53239160539670 g 14.8124 0.0149 11.5000 13.5506 1.6050 7.6809 7.9583 7.8537
1.06013.5_1.6_17 56457.54286877949926 g 14.8077 0.0149 11.5000 13.5506 1.6050 7.6809 7.9583 7.8537
1.06013.5_1.6_17 56455.50771040520340 g 14.3614 0.0150 11.5000 13.5506 1.6050 7.6809 7.9583 7.8537
1.07913.5_1.6_17 56148.35737108159810 g 14.7961 0.0149 12.0000 13.5506 1.6050 7.6242 7.9031 7.7971
1.07913.5_1.6_17 56148.34644904409652 g 14.7793 0.0149 12.0000 13.5506 1.6050 7.6242 7.9031 7.7971
1.07913.5_1.6_17 55361.48643927429657 g 14.8356 0.0149 12.0000 13.5506 1.6050 7.6242 7.9031 7.7971
1.07913.5_1.6_17 55742.45593677880242 g 14.0843 0.0151 12.0000 13.5506 1.6050 7.6242 7.9031 7.7971
1.07913.5_1.6_17 55742.46622221360303 g 14.1252 0.0151 12.0000 13.5506 1.6050 7.6242 7.9031 7.7971
1.07913.5_1.6_17 55014.44820719180279 g 15.0677 0.0148 12.0000 13.5506 1.6050 7.6242 7.9031 7.7971
1.07913.5_1.6_17 55389.35959469679801 g 15.4334 0.0149 12.0000 13.5506 1.6050 7.6242 7.9031 7.7971
1.07913.5_1.6_17 55389.34789377079869 g 15.4529 0.0149 12.0000 13.5506 1.6050 7.6242 7.9031 7.7971
1.07913.5_1.6_17 55751.46854943590006 g 14.9043 0.0149 12.0000 13.5506 1.6050 7.6242 7.9031 7.7971
1.07913.5_1.6_17 55361.47444091879879 g 14.8492 0.0149 12.0000 13.5506 1.6050 7.6242 7.9031 7.7971
1.07913.5_1.6_17 55751.47818196580192 g 14.9080 0.0149 12.0000 13.5506 1.6050 7.6242 7.9031 7.7971
1.07913.5_1.6_17 56457.53239160539670 g 15.4177 0.0149 12.0000 13.5506 1.6050 7.6242 7.9031 7.7971
1.07913.5_1.6_17 56457.54286877949926 g 15.4460 0.0149 12.0000 13.5506 1.6050 7.6242 7.9031 7.7971
1.07913.5_1.6_17 56455.50771040520340 g 15.2616 0.0148 12.0000 13.5506 1.6050 7.6242 7.9031 7.7971
1.09613.5_1.6_17 56148.35737108159810 g 14.6912 0.0149 12.5000 13.5506 1.6050 7.5698 7.8502 7.7428
1.09613.5_1.6_17 56148.34644904409652 g 14.6954 0.0149 12.5000 13.5506 1.6050 7.5698 7.8502 7.7428
1.09613.5_1.6_17 55361.48643927429657 g 14.8079 0.0149 12.5000 13.5506 1.6050 7.5698 7.8502 7.7428
1.09613.5_1.6_17 55742.45593677880242 g 15.0127 0.0148 12.5000 13.5506 1.6050 7.5698 7.8502 7.7428
1.09613.5_1.6_17 55742.46622221360303 g 14.9959 0.0148 12.5000 13.5506 1.6050 7.5698 7.8502 7.7428
1.09613.5_1.6_17 55014.44820719180279 g 15.3612 0.0149 12.5000 13.5506 1.6050 7.5698 7.8502 7.7428
1.09613.5_1.6_17 55389.35959469679801 g 15.3586 0.0149 12.5000 13.5506 1.6050 7.5698 7.8502 7.7428
1.09613.5_1.6_17 55389.34789377079869 g 15.3387 0.0149 12.5000 13.5506 1.6050 7.5698 7.8502 7.7428
1.09613.5_1.6_17 55751.46854943590006 g 15.2877 0.0149 12.5000 13.5506 1.6050 7.5698 7.8502 7.7428
1.09613.5_1.6_17 55361.47444091879879 g 14.7976 0.0149 12.5000 13.5506 1.6050 7.5698 7.8502 7.7428
1.09613.5_1.6_17 55751.47818196580192 g 15.2980 0.0149 12.5000 13.5506 1.6050 7.5698 7.8502 7.7428
1.09613.5_1.6_17 56457.53239160539670 g 14.1948 0.0151 12.5000 13.5506 1.6050 7.5698 7.8502 7.7428
1.09613.5_1.6_17 56457.54286877949926 g 14.2249 0.0151 12.5000 13.5506 1.6050 7.5698 7.8502 7.7428
1.09613.5_1.6_17 56455.50771040520340 g 14.8422 0.0149 12.5000 13.5506 1.6050 7.5698 7.8502 7.7428
1.11313.5_1.6_17 56148.35737108159810 g 15.2939 0.0149 13.0000 13.5506 1.6050 7.5175 7.7993 7.6907
1.11313.5_1.6_17 56148.34644904409652 g 15.3014 0.0149 13.0000 13.5506 1.6050 7.5175 7.7993 7.6907
1.11313.5_1.6_17 55361.48643927429657 g 14.2091 0.0151 13.0000 13.5506 1.6050 7.5175 7.7993 7.6907
1.11313.5_1.6_17 55742.45593677880242 g 14.7180 0.0149 13.0000 13.5506 1.6050 7.5175 7.7993 7.6907
1.11313.5_1.6_17 55742.46622221360303 g 14.7408 0.0149 13.0000 13.5506 1.6050 7.5175 7.7993 7.6907
1.11313.5_1.6_17 55014.44820719180279 g 14.7357 0.0149 13.0000 13.5506 1.6050 7.5175 7.7993 7.6907
1.11313.5_1.6_17 55389.35959469679801 g 14.3260 0.0150 13.0000 13.5506 1.6050 7.5175 7.7993 7.6907
1.11313.5_1.6_17 55389.34789377079869 g 14.3049 0.0151 13.0000 13.5506 1.6050 7.5175 7.7993 7.6907
1.11313.5_1.6_17 55751.46854943590006 g 14.2073 0.0151 13.0000 13.5506 1.6050 7.5175 7.7993 7.6907
1.11313.5_1.6_17 55361.47444091879879 g 14.2195 0.0151 13.0000 13.5506 1.6050 7.5175 7.7993 7.6907
1.11313.5_1.6_17 55751.47818196580192 g 14.1921 0.0151 13.0000 13.5506 1.6050 7.5175 7.7993 7.6907
1.11313.5_1.6_17 56457.53239160539670 g 14.7371 0.0149 13.0000 13.5506 1.6050 7.5175 7.7993 7.6907
1.11313.5_1.6_17 56457.54286877949926 g 14.7375 0.0149 13.0000 13.5506 1.6050 7.5175 7.7993 7.6907
1.11313.5_1.6_17 56455.50771040520340 g 14.3663 0.0150 13.0000 13.5506 1.6050 7.5175 7.7993 7.6907
1.13013.5_1.6_17 56148.35737108159810 g 15.2866 0.0149 13.5000 13.5506 1.6050 7.4672 7.7504 7.6405
1.13013.5_1.6_17 56148.34644904409652 g 15.2807 0.0148 13.5000 13.5506 1.6050 7.4672 7.7504 7.6405
1.13013.5_1.6_17 55361.48643927429657 g 15.0098 0.0148 13.5000 13.5506 1.6050 7.4672 7.7504 7.6405
1.13013.5_1.6_17 55742.45593677880242 g 15.3613 0.0149 13.5000 13.5506 1.6050 7.4672 7.7504 7.6405
1.13013.5_1.6_17 55742.46622221360303 g 15.3629 0.0149 13.5000 13.5506 1.6050 7.4672 7.7504 7.6405
1.13013.5_1.6_17 55014.44820719180279 g 15.2708 0.0148 13.5000 13.5506 1.6050 7.4672 7.7504 7.6405
1.13013.5_1.6_17 55389.35959469679801 g 15.1432 0.0148 13.5000 13.5506 1.6050 7.4672 7.7504 7.6405
1.13013.5_1.6_17 55389.34789377079869 g 15.1374 0.0148 13.5000 13.5506 1.6050 7.4672 7.7504 7.6405
1.13013.5_1.6_17 55751.46854943590006 g 14.6925 0.0149 13.5000 13.5506 1.6050 7.4672 7.7504 7.6405
1.13013.5_1.6_17 55361.47444091879879 g 14.9647 0.0149 13.5000 13.5506 1.6050 7.4672 7.7504 7.6405
1.13013.5_1.6_17 55751.47818196580192 g 14.6872 0.0149 13.5000 13.5506 1.6050 7.4672 7.7504 7.6405
1.13013.5_1.6_17 56457.53239160539670 g 15.3556 0.0149 13.5000 13.5506 1.6050 7.4672 7.7504 7.6405
1.13013.5_1.6_17 56457.54286877949926 g 15.3565 0.0149 13.5000 13.5506 1.6050 7.4672 7.7504 7.6405
1.13013.5_1.6_17 56455.50771040520340 g 15.0814 0.0148 13.5000 13.5506 1.6050 7.4672 7.7504 7.6405
1.14613.5_1.6_17 56148.35737108159810 g 15.1649 0.0148 14.0000 13.5506 1.6050 7.4187 7.7032 7.5921
1.14613.5_1.6_17 56148.34644904409652 g 15.1824 0.0148 14.0000 13.5506 1.6050 7.4187 7.7032 7.5921
1.14613.5_1.6_17 55361.48643927429657 g 15.2231 0.0148 14.0000 13.5506 1.6050 7.4187 7.7032 7.5921
1.14613.5_1.6_17 55742.45593677880242 g 15.1523 0.0148 14.0000 13.5506 1.6050 7.4187 7.7032 7.5921
1.14613.5_1.6_17 55742.46622221360303 g 15.1754 0.0148 14.0000 13.5506 1.6050 7.4187 7.7032 7.5921
1.14613.5_1.6_17 55014.44820719180279 g 15.1678 0.0148 14.0000 13.5506 1.6050 7.4187 7.7032 7.5921
1.14613.5_1.6_17 55389.35959469679801 g 15.2028 0.0148 14.0000 13.5506 1.6050 7.4187 7.7032 7.5921
1.14613.5_1.6_17 55389.34789377079869 g 15.1759 0.0148 14.0000 13.5506 1.6050 7.4187 7.7032 7.5921
1.14613.5_1.6_17 55751.46854943590006 g 14.8735 0.0149 14.0000 13.5506 1.6050 7.4187 7.7032 7.5921
1.14613.5_1.6_17 55361.47444091879879 g 15.1882 0.0148 14.0000 13.5506 1.6050 7.4187 7.7032 7.5921
1.14613.5_1.6_17 55751.47818196580192 g 14.8812 0.0149 14.0000 13.5506 1.6050 7.4187 7.7032 7.5921
1.14613.5_1.6_17 56457.53239160539670 g 14.8616 0.0149 14.0000 13.5506 1.6050 7.4187 7.7032 7.5921
1.14613.5_1.6_17 56457.54286877949926 g 14.8209 0.0149 14.0000 13.5506 1.6050 7.4187 7.7032 7.5921
1.14613.5_1.6_17 56455.50771040520340 g 15.2945 0.0149 14.0000 13.5506 1.6050 7.4187 7.7032 7.5921
1.16113.5_1.6_17 56148.35737108159810 g 15.1144 0.0148 14.5000 13.5506 1.6050 7.3720 7.6577 7.5454
1.16113.5_1.6_17 56148.34644904409652 g 15.1185 0.0148 14.5000 13.5506 1.6050 7.3720 7.6577 7.5454
1.16113.5_1.6_17 55361.48643927429657 g 15.0470 0.0148 14.5000 13.5506 1.6050 7.3720 7.6577 7.5454
1.16113.5_1.6_17 55742.45593677880242 g 15.0786 0.0148 14.5000 13.5506 1.6050 7.3720 7.6577 7.5454
1.16113.5_1.6_17 55742.46622221360303 g 15.0843 0.0148 14.5000 13.5506 1.6050 7.3720 7.6577 7.5454
1.16113.5_1.6_17 55014.44820719180279 g 15.1761 0.0148 14.5000 13.5506 1.6050 7.3720 7.6577 7.5454
1.16113.5_1.6_17 55389.35959469679801 g 14.8350 0.0149 14.5000 13.5506 1.6050 7.3720 7.6577 7.5454
1.16113.5_1.6_17 55389.34789377079869 g 14.8850 0.0149 14.5000 13.5506 1.6050 7.3720 7.6577 7.5454
1.16113.5_1.6_17 55751.46854943590006 g 14.7930 0.0149 14.5000 13.5506 1.6050 7.3720 7.6577 7.5454
1.16113.5_1.6_17 55361.47444091879879 g 15.0487 0.0148 14.5000 13.5506 1.6050 7.3720 7.6577 7.5454
1.16113.5_1.6_17 55751.47818196580192 g 14.8233 0.0149 14.5000 13.5506 1.6050 7.3720 7.6577 7.5454
1.16113.5_1.6_17 56457.53239160539670 g 14.0570 0.0151 14.5000 13.5506 1.6050 7.3720 7.6577 7.5454
1.16113.5_1.6_17 56457.54286877949926 g 14.0932 0.0151 14.5000 13.5506 1.6050 7.3720 7.6577 7.5454
1.16113.5_1.6_17 56455.50771040520340 g 14.5138 0.0150 14.5000 13.5506 1.6050 7.3720 7.6577 7.5454
1.17613.5_1.6_17 56148.35737108159810 g 15.2094 0.0148 15.0000 13.5506 1.6050 7.3268 7.6138 7.5004
1.17613.5_1.6_17 56148.34644904409652 g 15.2290 0.0148 15.0000 13.5506 1.6050 7.3268 7.6138 7.5004
1.17613.5_1.6_17 55361.48643927429657 g 14.4719 0.0150 15.0000 13.5506 1.6050 7.3268 7.6138 7.5004
1.17613.5_1.6_17 55742.45593677880242 g 15.2825 0.0148 15.0000 13.5506 1.6050 7.3268 7.6138 7.5004
1.17613.5_1.6_17 55742.46622221360303 g 15.2506 0.0148 15.0000 13.5506 1.6050 7.3268 7.6138 7.5004
1.17613.5_1.6_17 55014.44820719180279 g 14.1247 0.0151 15.0000 13.5506 1.6050 7.3268 7.6138 7.5004
1.17613.5_1.6_17 55389.35959469679801 g 14.1353 0.0151 15.0000 13.5506 1.6050 7.3268 7.6138 7.5004
1.17613.5_1.6_17 55389.34789377079869 g 14.0978 0.0151 15.0000 13.5506 1.6050 7.3268 7.6138 7.5004
1.17613.5_1.6_17 55751.46854943590006 g 14.4798 0.0150 15.0000 13.5506 1.6050 7.3268 7.6138 7.5004
1.17613.5_1.6_17 55361.47444091879879 g 14.4676 0.0150 15.0000 13.5506 1.6050 7.3268 7.6138 7.5004
1.17613.5_1.6_17 55751.47818196580192 g 14.4480 0.0150 15.0000 13.5506 1.6050 7.3268 7.6138 7.5004
1.17613.5_1.6_17 56457.53239160539670 g 14.6095 0.0149 15.0000 13.5506 1.6050 7.3268 7.6138 7.5004
1.17613.5_1.6_17 56457.54286877949926 g 14.6261 0.0149 15.0000 13.5506 1.6050 7.3268 7.6138 7.5004
1.17613.5_1.6_17 56455.50771040520340 g 14.2580 0.0151 15.0000 13.5506 1.6050 7.3268 7.6138 7.5004
1.19013.5_1.6_17 56148.35737108159810 g 15.1790 0.0148 15.5000 13.5506 1.6050 7.2831 7.5713 7.4567
1.19013.5_1.6_17 56148.34644904409652 g 15.1841 0.0148 15.5000 13.5506 1.6050 7.2831 7.5713 7.4567
1.19013.5_1.6_17 55361.48643927429657 g 14.8069 0.0149 15.5000 13.5506 1.6050 7.2831 7.5713 7.4567
1.19013.5_1.6_17 55742.45593677880242 g 14.7838 0.0149 15.5000 13.5506 1.6050 7.2831 7.5713 7.4567
1.19013.5_1.6_17 55742.46622221360303 g 14.7801 0.0149 15.5000 13.5506 1.6050 7.2831 7.5713 7.4567
1.19013.5_1.6_17 55014.44820719180279 g 14.8600 0.0149 15.5000 13.5506 1.6050 7.2831 7.5713 7.4567
1.19013.5_1.6_17 55389.35959469679801 g 15.2253 0.0148 15.5000 13.5506 1.6050 7.2831 7.5713 7.4567
1.19013.5_1.6_17 55389.34789377079869 g 15.2183 0.0148 15.5000 13.5506 1.6050 7.2831 7.5713 7.4567
1.19013.5_1.6_17 55751.46854943590006 g 14.0312 0.0152 15.5000 13.5506 1.6050 7.2831 7.5713 7.4567
1.19013.5_1.6_17 55361.47444091879879 g 14.8140 0.0149 15.5000 13.5506 1.6050 7.2831 7.5713 7.4567
1.19013.5_1.6_17 55751.47818196580192 g 14.0433 0.0152 15.5000 13.5506 1.6050 7.2831 7.5713 7.4567
1.19013.5_1.6_17 56457.53239160539670 g 15.0816 0.0148 15.5000 13.5506 1.6050 7.2831 7.5713 7.4567
1.19013.5_1.6_17 56457.54286877949926 g 15.0907 0.0148 15.5000 13.5506 1.6050 7.2831 7.5713 7.4567
1.19013.5_1.6_17 56455.50771040520340 g 14.8064 0.0149 15.5000 13.5506 1.6050 7.2831 7.5713 7.4567
1.20413.5_1.6_17 56148.35737108159810 g 14.7392 0.0149 16.0000 13.5506 1.6050 7.2408 7.5301 7.4145
1.20413.5_1.6_17 56148.34644904409652 g 14.7485 0.0149 16.0000 13.5506 1.6050 7.2408 7.5301 7.4145
1.20413.5_1.6_17 55361.48643927429657 g 14.3715 0.0150 16.0000 13.5506 1.6050 7.2408 7.5301 7.4145
1.20413.5_1.6_17 55742.45593677880242 g 13.8053 0.0152 16.0000 13.5506 1.6050 7.2408 7.5301 7.4145
1.20413.5_1.6_17 55742.46622221360303 g 13.8241 0.0152 16.0000 13.5506 1.6050 7.2408 7.5301 7.4145
1.20413.5_1.6_17 55014.44820719180279 g 15.0694 0.0148 16.0000 13.5506 1.6050 7.2408 7.5301 7.4145
1.20413.5_1.6_17 55389.35959469679801 g 14.0939 0.0151 16.0000 13.5506 1.6050 7.2408 7.5301 7.4145
1.20413.5_1.6_17 55389.34789377079869 g 14.0714 0.0151 16.0000 13.5506 1.6050 7.2408 7.5301 7.4145
1.20413.5_1.6_17 55751.46854943590006 g 15.1564 0.0148 16.0000 13.5506 1.6050 7.2408 7.5301 7.4145
1.20413.5_1.6_17 55361.47444091879879 g 14.3513 0.0150 16.0000 13.5506 1.6050 7.2408 7.5301 7.4145
1.20413.5_1.6_17 55751.47818196580192 g 15.1560 0.0148 16.0000 13.5506 1.6050 7.2408 7.5301 7.4145
1.20413.5_1.6_17 56457.53239160539670 g 15.1425 0.0148 16.0000 13.5506 1.6050 7.2408 7.5301 7.4145
1.20413.5_1.6_17 56457.54286877949926 g 15.1411 0.0148 16.0000 13.5506 1.6050 7.2408 7.5301 7.4145
1.20413.5_1.6_17 56455.50771040520340 g 15.1736 0.0148 16.0000 13.5506 1.6050 7.2408 7.5301 7.4145
1.21713.5_1.6_17 56148.35737108159810 g 14.1680 0.0151 16.5000 13.5506 1.6050 7.1998 7.4902 7.3736
1.21713.5_1.6_17 56148.34644904409652 g 14.1826 0.0151 16.5000 13.5506 1.6050 7.1998 7.4902 7.3736
1.21713.5_1.6_17 55361.48643927429657 g 14.9379 0.0149 16.5000 13.5506 1.6050 7.1998 7.4902 7.3736
1.21713.5_1.6_17 55742.45593677880242 g 15.0779 0.0148 16.5000 13.5506 1.6050 7.1998 7.4902 7.3736
1.21713.5_1.6_17 55742.46622221360303 g 15.1116 0.0148 16.5000 13.5506 1.6050 7.1998 7.4902 7.3736
1.21713.5_1.6_17 55014.44820719180279 g 14.8490 0.0149 16.5000 13.5506 1.6050 7.1998 7.4902 7.3736
1.21713.5_1.6_17 55389.35959469679801 g 14.2104 0.0151 16.5000 13.5506 1.6050 7.1998 7.4902 7.3736
1.21713.5_1.6_17 55389.34789377079869 g 14.2112 0.0151 16.5000 13.5506 1.6050 7.1998 7.4902 7.3736
1.21713.5_1.6_17 55751.46854943590006 g 14.0926 0.0151 16.5000 13.5506 1.6050 7.1998 7.4902 7.3736
1.21713.5_1.6_17 55361.47444091879879 g 14.9623 0.0149 16.5000 13.5506 1.6050 7.1998 7.4902 7.3736
1.21713.5_1.6_17 55751.47818196580192 g 14.0492 0.0151 16.5000 13.5506 1.6050 7.1998 7.4902 7.3736
1.21713.5_1.6_17 56457.53239160539670 g 14.6108 0.0149 16.5000 13.5506 1.6050 7.1998 7.4902 7.3736
1.21713.5_1.6_17 56457.54286877949926 g 14.5966 0.0149 16.5000 13.5506 1.6050 7.1998 7.4902 7.3736
1.21713.5_1.6_17 56455.50771040520340 g 14.8994 0.0149 16.5000 13.5506 1.6050 7.1998 7.4902 7.3736
1.23013.5_1.6_17 56148.35737108159810 g 14.6423 0.0149 17.0000 13.5506 1.6050 7.1600 7.4515 7.3339
1.23013.5_1.6_17 56148.34644904409652 g 14.6426 0.0149 17.0000 13.5506 1.6050 7.1600 7.4515 7.3339
1.23013.5_1.6_17 55361.48643927429657 g 15.1305 0.0148 17.0000 13.5506 1.6050 7.1600 7.4515 7.3339
1.23013.5_1.6_17 55742.45593677880242 g 13.7649 0.0152 17.0000 13.5506 1.6050 7.1600 7.4515 7.3339
1.23013.5_1.6_17 55742.46622221360303 g 13.7719 0.0152 17.0000 13.5506 1.6050 7.1600 7.4515 7.3339
1.23013.5_1.6_17 55014.44820719180279 g 14.2824 0.0151 17.0000 13.5506 1.6050 7.1600 7.4515 7.3339
1.23013.5_1.6_17 55389.35959469679801 g 14.3907 0.0150 17.0000 13.5506 1.6050 7.1600 7.4515 7.3339
1.23013.5_1.6_17 55389.34789377079869 g 14.3902 0.0150 17.0000 13.5506 1.6050 7.1600 7.4515 7.3339
1.23013.5_1.6_17 55751.46854943590006 g 15.0294 0.0148 17.0000 13.5506 1.6050 7.1600 7.4515 7.3339
1.23013.5_1.6_17 55361.47444091879879 g 15.1156 0.0148 17.0000 13.5506 1.6050 7.1600 7.4515 7.3339
1.23013.5_1.6_17 55751.47818196580192 g 15.0313 0.0148 17.0000 13.5506 1.6050 7.1600 7.4515 7.3339
1.23013.5_1.6_17 56457.53239160539670 g 13.9724 0.0152 17.0000 13.5506 1.6050 7.1600 7.4515 7.3339
1.23013.5_1.6_17 56457.54286877949926 g 13.9949 0.0152 17.0000 13.5506 1.6050 7.1600 7.4515 7.3339
1.23013.5_1.6_17 56455.50771040520340 g 13.8939 0.0152 17.0000 13.5506 1.6050 7.1600 7.4515 7.3339
1.24313.5_1.6_17 56148.35737108159810 g 15.0743 0.0148 17.5000 13.5506 1.6050 7.1213 7.4139 7.2953
1.24313.5_1.6_17 56148.34644904409652 g 15.0954 0.0148 17.5000 13.5506 1.6050 7.1213 7.4139 7.2953
1.24313.5_1.6_17 55361.48643927429657 g 15.1036 0.0148 17.5000 13.5506 1.6050 7.1213 7.4139 7.2953
1.24313.5_1.6_17 55742.45593677880242 g 14.6817 0.0149 17.5000 13.5506 1.6050 7.1213 7.4139 7.2953
1.24313.5_1.6_17 55742.46622221360303 g 14.6533 0.0149 17.5000 13.5506 1.6050 7.1213 7.4139 7.2953
1.24313.5_1.6_17 55014.44820719180279 g 14.7964 0.0149 17.5000 13.5506 1.6050 7.1213 7.4139 7.2953
1.24313.5_1.6_17 55389.35959469679801 g 14.2783 0.0151 17.5000 13.5506 1.6050 7.1213 7.4139 7.2953
1.24313.5_1.6_17 55389.34789377079869 g 14.2975 0.0151 17.5000 13.5506 1.6050 7.1213 7.4139 7.2953
1.24313.5_1.6_17 55751.46854943590006 g 14.5279 0.0150 17.5000 13.5506 1.6050 7.1213 7.4139 7.2953
1.24313.5_1.6_17 55361.47444091879879 g 15.1164 0.0148 17.5000 13.5506 1.6050 7.1213 7.4139 7.2953
1.24313.5_1.6_17 55751.47818196580192 g 14.5543 0.0150 17.5000 13.5506 1.6050 7.1213 7.4139 7.2953
1.24313.5_1.6_17 56457.53239160539670 g 14.3939 0.0150 17.5000 13.5506 1.6050 7.1213 7.4139 7.2953
1.24313.5_1.6_17 56457.54286877949926 g 14.3583 0.0150 17.5000 13.5506 1.6050 7.1213 7.4139 7.2953
1.24313.5_1.6_17 56455.50771040520340 g 14.0706 0.0151 17.5000 13.5506 1.6050 7.1213 7.4139 7.2953
1.25513.5_1.6_17 56148.35737108159810 g 14.2868 0.0151 18.0000 13.5506 1.6050 7.0838 7.3774 7.2579
1.25513.5_1.6_17 56148.34644904409652 g 14.3331 0.0150 18.0000 13.5506 1.6050 7.0838 7.3774 7.2579
1.25513.5_1.6_17 55361.48643927429657 g 14.9598 0.0149 18.0000 13.5506 1.6050 7.0838 7.3774 7.2579
1.25513.5_1.6_17 55742.45593677880242 g 15.0483 0.0148 18.0000 13.5506 1.6050 7.0838 7.3774 7.2579
1.25513.5_1.6_17 55742.46622221360303 g 15.0586 0.0148 18.0000 13.5506 1.6050 7.0838 7.3774 7.2579
1.25513.5_1.6_17 55014.44820719180279 g 14.3420 0.0150 18.0000 13.5506 1.6050 7.0838 7.3774 7.2579
1.25513.5_1.6_17 55389.35959469679801 g 13.9266 0.0152 18.0000 13.5506 1.6050 7.0838 7.3774 7.2579
1.25513.5_1.6_17 55389.34789377079869 g 13.9303 0.0152 18.0000 13.5506 1.6050 7.0838 7.3774 7.2579
1.25513.5_1.6_17 55751.46854943590006 g 14.1865 0.0151 18.0000 13.5506 1.6050 7.0838 7.3774 7.2579
1.25513.5_1.6_17 55361.47444091879879 g 14.9603 0.0149 18.0000 13.5506 1.6050 7.0838 7.3774 7.2579
1.25513.5_1.6_17 55751.47818196580192 g 14.1997 0.0151 18.0000 13.5506 1.6050 7.0838 7.3774 7.2579
1.25513.5_1.6_17 56457.53239160539670 g 14.7097 0.0149 18.0000 13.5506 1.6050 7.0838 7.3774 7.2579
1.25513.5_1.6_17 56457.54286877949926 g 14.7154 0.0149 18.0000 13.5506 1.6050 7.0838 7.3774 7.2579
1.25513.5_1.6_17 56455.50771040520340 g 14.4891 0.0150 18.0000 13.5506 1.6050 7.0838 7.3774 7.2579
1.26713.5_1.6_17 56148.35737108159810 g 14.7326 0.0149 18.5000 13.5506 1.6050 7.0473 7.3419 7.2214
1.26713.5_1.6_17 56148.34644904409652 g 14.6880 0.0149 18.5000 13.5506 1.6050 7.0473 7.3419 7.2214
1.26713.5_1.6_17 55361.48643927429657 g 14.5132 0.0150 18.5000 13.5506 1.6050 7.0473 7.3419 7.2214
1.26713.5_1.6_17 55742.45593677880242 g 14.4557 0.0150 18.5000 13.5506 1.6050 7.0473 7.3419 7.2214
1.26713.5_1.6_17 55742.46622221360303 g 14.4539 0.0150 18.5000 13.5506 1.6050 7.0473 7.3419 7.2214
1.26713.5_1.6_17 55014.44820719180279 g 14.9792 0.0149 18.5000 13.5506 1.6050 7.0473 7.3419 7.2214
1.26713.5_1.6_17 55389.35959469679801 g 14.7149 0.0149 18.5000 13.5506 1.6050 7.0473 7.3419 7.2214
1.26713.5_1.6_17 55389.34789377079869 g 14.7101 0.0149 18.5000 13.5506 1.6050 7.0473 7.3419 7.2214
1.26713.5_1.6_17 55751.46854943590006 g 14.6534 0.0149 18.5000 13.5506 1.6050 7.0473 7.3419 7.2214
1.26713.5_1.6_17 55361.47444091879879 g 14.5126 0.0150 18.5000 13.5506 1.6050 7.0473 7.3419 7.2214
1.26713.5_1.6_17 55751.47818196580192 g 14.6673 0.0149 18.5000 13.5506 1.6050 7.0473 7.3419 7.2214
1.26713.5_1.6_17 56457.53239160539670 g 14.9741 0.0149 18.5000 13.5506 1.6050 7.0473 7.3419 7.2214
1.26713.5_1.6_17 56457.54286877949926 g 15.0122 0.0148 18.5000 13.5506 1.6050 7.0473 7.3419 7.2214
1.26713.5_1.6_17 56455.50771040520340 g 14.7844 0.0149 18.5000 13.5506 1.6050 7.0473 7.3419 7.2214
1.27813.5_1.6_17 56148.35737108159810 g 14.7273 0.0149 19.0000 13.5506 1.6050 7.0117 7.3073 7.1860
1.27813.5_1.6_17 56148.34644904409652 g 14.7171 0.0149 19.0000 13.5506 1.6050 7.0117 7.3073 7.1860
1.27813.5_1.6_17 55361.48643927429657 g 13.6690 0.0152 19.0000 13.5506 1.6050 7.0117 7.3073 7.1860
1.27813.5_1.6_17 55742.45593677880242 g 13.8876 0.0152 19.0000 13.5506 1.6050 7.0117 7.3073 7.1860
1.27813.5_1.6_17 55742.46622221360303 g 13.9023 0.0152 19.0000 13.5506 1.6050 7.0117 7.3073 7.1860
1.27813.5_1.6_17 55014.44820719180279 g 14.8843 0.0149 19.0000 13.5506 1.6050 7.0117 7.3073 7.1860
1.27813.5_1.6_17 55389.35959469679801 g 14.8526 0.0149 19.0000 13.5506 1.6050 7.0117 7.3073 7.1860
1.27813.5_1.6_17 55389.34789377079869 g 14.8388 0.0149 19.0000 13.5506 1.6050 7.0117 7.3073 7.1860
1.27813.5_1.6_17 55751.46854943590006 g 14.9417 0.0149 19.0000 13.5506 1.6050 7.0117 7.3073 7.1860
1.27813.5_1.6_17 55361.47444091879879 g 13.6575 0.0152 19.0000 13.5506 1.6050 7.0117 7.3073 7.1860
1.27813.5_1.6_17 55751.47818196580192 g 14.9282 0.0149 19.0000 13.5506 1.6050 7.0117 7.3073 7.1860
1.27813.5_1.6_17 56457.53239160539670 g 14.9908 0.0148 19.0000 13.5506 1.6050 7.0117 7.3073 7.1860
1.27813.5_1.6_17 56457.54286877949926 g 14.9887 0.0149 19.0000 13.5506 1.6050 7.0117 7.3073 7.1860
1.27813.5_1.6_17 56455.50771040520340 g 15.0420 0.0148 19.0000 13.5506 1.6050 7.0117 7.3073 7.1860
1.29013.5_1.6_17 56148.35737108159810 g 13.6454 0.0153 19.5000 13.5506 1.6050 6.9771 7.2736 7.1514
1.29013.5_1.6_17 56148.34644904409652 g 13.6096 0.0153 19.5000 13.5506 1.6050 6.9771 7.2736 7.1514
1.29013.5_1.6_17 55361.48643927429657 g 15.0370 0.0148 19.5000 13.5506 1.6050 6.9771 7.2736 7.1514
1.29013.5_1.6_17 55742.45593677880242 g 14.0497 0.0151 19.5000 13.5506 1.6050 6.9771 7.2736 7.1514
1.29013.5_1.6_17 55742.46622221360303 g 14.0864 0.0151 19.5000 13.5506 1.6050 6.9771 7.2736 7.1514
1.29013.5_1.6_17 55014.44820719180279 g 14.6415 0.0149 19.5000 13.5506 1.6050 6.9771 7.2736 7.1514
1.29013.5_1.6_17 55389.35959469679801 g 13.8469 0.0152 19.5000 13.5506 1.6050 6.9771 7.2736 7.1514
1.29013.5_1.6_17 55389.34789377079869 g 13.8773 0.0152 19.5000 13.5506 1.6050 6.9771 7.2736 7.1514
1.29013.5_1.6_17 55751.46854943590006 g 15.0004 0.0148 19.5000 13.5506 1.6050 6.9771 7.2736 7.1514
1.29013.5_1.6_17 55361.47444091879879 g 15.0168 0.0148 19.5000 13.5506 1.6050 6.9771 7.2736 7.1514
1.29013.5_1.6_17 55751.47818196580192 g 15.0319 0.0148 19.5000 13.5506 1.6050 6.9771 7.2736 7.1514
1.29013.5_1.6_17 56457.53239160539670 g 14.6680 0.0149 19.5000 13.5506 1.6050 6.9771 7.2736 7.1514
1.29013.5_1.6_17 56457.54286877949926 g 14.6481 0.0149 19.5000 13.5506 1.6050 6.9771 7.2736 7.1514
1.29013.5_1.6_17 56455.50771040520340 g 14.8978 0.0149 19.5000 13.5506 1.6050 6.9771 7.2736 7.1514
1.30113.5_1.6_17 56148.35737108159810 g 14.8563 0.0149 20.0000 13.5506 1.6050 6.9434 7.2408 7.1178
1.30113.5_1.6_17 56148.34644904409652 g 14.8459 0.0149 20.0000 13.5506 1.6050 6.9434 7.2408 7.1178
1.30113.5_1.6_17 55361.48643927429657 g 14.0748 0.0151 20.0000 13.5506 1.6050 6.9434 7.2408 7.1178
1.30113.5_1.6_17 55742.45593677880242 g 14.2210 0.0151 20.0000 13.5506 1.6050 6.9434 7.2408 7.1178
1.30113.5_1.6_17 55742.46622221360303 g 14.2090 0.0151 20.0000 13.5506 1.6050 6.9434 7.2408 7.1178
1.30113.5_1.6_17 55014.44820719180279 g 14.6625 0.0149 20.0000 13.5506 1.6050 6.9434 7.2408 7.1178
1.30113.5_1.6_17 55389.35959469679801 g 14.9200 0.0149 20.0000 13.5506 1.6050 6.9434 7.2408 7.1178
1.30113.5_1.6_17 55389.34789377079869 g 14.9595 0.0149 20.0000 13.5506 1.6050 6.9434 7.2408 7.1178
1.30113.5_1.6_17 55751.46854943590006 g 14.9594 0.0149 20.0000 13.5506 1.6050 6.9434 7.2408 7.1178
1.30113.5_1.6_17 55361.47444091879879 g 14.0665 0.0151 20.0000 13.5506 1.6050 6.9434 7.2408 7.1178
1.30113.5_1.6_17 55751.47818196580192 g 14.9897 0.0149 20.0000 13.5506 1.6050 6.9434 7.2408 7.1178
1.30113.5_1.6_17 56457.53239160539670 g 13.7339 0.0152 20.0000 13.5506 1.6050 6.9434 7.2408 7.1178
1.30113.5_1.6_17 56457.54286877949926 g 13.7374 0.0152 20.0000 13.5506 1.6050 6.9434 7.2408 7.1178
1.30113.5_1.6_17 56455.50771040520340 g 14.6332 0.0149 20.0000 13.5506 1.6050 6.9434 7.2408 7.1178
1.31113.5_1.6_17 56148.35737108159810 g 13.5786 0.0153 20.5000 13.5506 1.6050 6.9105 7.2088 7.0849
1.31113.5_1.6_17 56148.34644904409652 g 13.5770 0.0153 20.5000 13.5506 1.6050 6.9105 7.2088 7.0849
1.31113.5_1.6_17 55361.48643927429657 g 14.9596 0.0149 20.5000 13.5506 1.6050 6.9105 7.2088 7.0849
1.31113.5_1.6_17 55742.45593677880242 g 14.1358 0.0151 20.5000 13.5506 1.6050 6.9105 7.2088 7.0849
1.31113.5_1.6_17 55742.46622221360303 g 14.1490 0.0151 20.5000 13.5506 1.6050 6.9105 7.2088 7.0849
1.31113.5_1.6_17 55014.44820719180279 g 14.9725 0.0149 20.5000 13.5506 1.6050 6.9105 7.2088 7.0849
1.31113.5_1.6_17 55389.35959469679801 g 13.6252 0.0153 20.5000 13.5506 1.6050 6.9105 7.2088 7.0849
1.31113.5_1.6_17 55389.34789377079869 g 13.6263 0.0153 20.5000 13.5506 1.6050 6.9105 7.2088 7.0849
1.31113.5_1.6_17 55751.46854943590006 g 14.9310 0.0149 20.5000 13.5506 1.6050 6.9105 7.2088 7.0849
1.31113.5_1.6_17 55361.47444091879879 g 14.9465 0.0149 20.5000 13.5506 1.6050 6.9105 7.2088 7.0849
1.31113.5_1.6_17 55751.47818196580192 g 14.9701 0.0149 20.5000 13.5506 1.6050 6.9105 7.2088 7.0849
1.31113.5_1.6_17 56457.53239160539670 g 13.8584 0.0152 20.5000 13.5506 1.6050 6.9105 7.2088 7.0849
1.31113.5_1.6_17 56457.54286877949926 g 13.8301 0.0152 20.5000 13.5506 1.6050 6.9105 7.2088 7.0849
1.31113.5_1.6_17 56455.50771040520340 g 13.5969 0.0153 20.5000 13.5506 1.6050 6.9105 7.2088 7.0849
1.32213.5_1.6_17 56148.35737108159810 g 14.6947 0.0149 21.0000 13.5506 1.6050 6.8784 7.1775 7.0529
1.32213.5_1.6_17 56148.34644904409652 g 14.6648 0.0149 21.0000 13.5506 1.6050 6.8784 7.1775 7.0529
1.32213.5_1.6_17 55361.48643927429657 g 13.5291 0.0153 21.0000 13.5506 1.6050 6.8784 7.1775 7.0529
1.32213.5_1.6_17 55742.45593677880242 g 13.9812 0.0152 21.0000 13.5506 1.6050 6.8784 7.1775 7.0529
1.32213.5_1.6_17 55742.46622221360303 g 13.9481 0.0152 21.0000 13.5506 1.6050 6.8784 7.1775 7.0529
1.32213.5_1.6_17 55014.44820719180279 g 14.7045 0.0149 21.0000 13.5506 1.6050 6.8784 7.1775 7.0529
1.32213.5_1.6_17 55389.35959469679801 g 14.4158 0.0150 21.0000 13.5506 1.6050 6.8784 7.1775 7.0529
1.32213.5_1.6_17 55389.34789377079869 g 14.4147 0.0150 21.0000 13.5506 1.6050 6.8784 7.1775 7.0529
1.32213.5_1.6_17 55751.46854943590006 g 14.8950 0.0149 21.0000 13.5506 1.6050 6.8784 7.1775 7.0529
1.32213.5_1.6_17 55361.47444091879879 g 13.5641 0.0153 21.0000 13.5506 1.6050 6.8784 7.1775 7.0529
1.32213.5_1.6_17 55751.47818196580192 g 14.8947 0.0149 21.0000 13.5506 1.6050 6.8784 7.1775 7.0529
1.32213.5_1.6_17 56457.53239160539670 g 14.1306 0.0151 21.0000 13.5506 1.6050 6.8784 7.1775 7.0529
1.32213.5_1.6_17 56457.54286877949926 g 14.1028 0.0151 21.0000 13.5506 1.6050 6.8784 7.1775 7.0529
1.32213.5_1.6_17 56455.50771040520340 g 13.8213 0.0152 21.0000 13.5506 1.6050 6.8784 7.1775 7.0529
1.33213.5_1.6_17 56148.35737108159810 g 14.0816 0.0151 21.5000 13.5506 1.6050 6.8470 7.1470 7.0216
1.33213.5_1.6_17 56148.34644904409652 g 14.0641 0.0151 21.5000 13.5506 1.6050 6.8470 7.1470 7.0216
1.33213.5_1.6_17 55361.48643927429657 g 14.3863 0.0150 21.5000 13.5506 1.6050 6.8470 7.1470 7.0216
1.33213.5_1.6_17 55742.45593677880242 g 13.7331 0.0152 21.5000 13.5506 1.6050 6.8470 7.1470 7.0216
1.33213.5_1.6_17 55742.46622221360303 g 13.7041 0.0152 21.5000 13.5506 1.6050 6.8470 7.1470 7.0216
1.33213.5_1.6_17 55014.44820719180279 g 14.0718 0.0151 21.5000 13.5506 1.6050 6.8470 7.1470 7.0216
1.33213.5_1.6_17 55389.35959469679801 g 14.9656 0.0149 21.5000 13.5506 1.6050 6.8470 7.1470 7.0216
1.33213.5_1.6_17 55389.34789377079869 g 14.9369 0.0149 21.5000 13.5506 1.6050 6.8470 7.1470 7.0216
1.33213.5_1.6_17 55751.46854943590006 g 14.6583 0.0149 21.5000 13.5506 1.6050 6.8470 7.1470 7.0216
1.33213.5_1.6_17 55361.47444091879879 g 14.3405 0.0150 21.5000 13.5506 1.6050 6.8470 7.1470 7.0216
1.33213.5_1.6_17 55751.47818196580192 g 14.6754 0.0149 21.5000 13.5506 1.6050 6.8470 7.1470 7.0216
1.33213.5_1.6_17 56457.53239160539670 g 14.3518 0.0150 21.5000 13.5506 1.6050 6.8470 7.1470 7.0216
1.33213.5_1.6_17 56457.54286877949926 g 14.3262 0.0150 21.5000 13.5506 1.6050 6.8470 7.1470 7.0216
1.33213.5_1.6_17 56455.50771040520340 g 14.1151 0.0151 21.5000 13.5506 1.6050 6.8470 7.1470 7.0216
1.34213.5_1.6_17 56148.35737108159810 g 14.4215 0.0150 22.0000 13.5506 1.6050 6.8164 7.1172 6.9910
1.34213.5_1.6_17 56148.34644904409652 g 14.4096 0.0150 22.0000 13.5506 1.6050 6.8164 7.1172 6.9910
1.34213.5_1.6_17 55361.48643927429657 g 14.9204 0.0149 22.0000 13.5506 1.6050 6.8164 7.1172 6.9910
1.34213.5_1.6_17 55742.45593677880242 g 14.2715 0.0151 22.0000 13.5506 1.6050 6.8164 7.1172 6.9910
1.34213.5_1.6_17 55742.46622221360303 g 14.2763 0.0151 22.0000 13.5506 1.6050 6.8164 7.1172 6.9910
1.34213.5_1.6_17 55014.44820719180279 g 14.7039 0.0149 22.0000 13.5506 1.6050 6.8164 7.1172 6.9910
1.34213.5_1.6_17 55389.35959469679801 g 14.6886 0.0149 22.0000 13.5506 1.6050 6.8164 7.1172 6.9910
1.34213.5_1.6_17 55389.34789377079869 g 14.7070 0.0149 22.0000 13.5506 1.6050 6.8164 7.1172 6.9910
1.34213.5_1.6_17 55751.46854943590006 g 14.3443 0.0150 22.0000 13.5506 1.6050 6.8164 7.1172 6.9910
1.34213.5_1.6_17 55361.47444091879879 g 14.8505 0.0149 22.0000 13.5506 1.6050 6.8164 7.1172 6.9910
1.34213.5_1.6_17 55751.47818196580192 g 14.3418 0.0150 22.0000 13.5506 1.6050 6.8164 7.1172 6.9910
1.34213.5_1.6_17 56457.53239160539670 g 14.5143 0.0150 22.0000 13.5506 1.6050 6.8164 7.1172 6.9910
1.34213.5_1.6_17 56457.54286877949926 g 14.4963 0.0150 22.0000 13.5506 1.6050 6.8164 7.1172 6.9910
1.34213.5_1.6_17 56455.50771040520340 g 14.3367 0.0150 22.0000 13.5506 1.6050 6.8164 7.1172 6.9910
1.35213.5_1.6_17 56148.35737108159810 g 14.7508 0.0149 22.5000 13.5506 1.6050 6.7864 7.0881 6.9611
1.35213.5_1.6_17 56148.34644904409652 g 14.7198 0.0149 22.5000 13.5506 1.6050 6.7864 7.0881 6.9611
1.35213.5_1.6_17 55361.48643927429657 g 14.7190 0.0149 22.5000 13.5506 1.6050 6.7864 7.0881 6.9611
1.35213.5_1.6_17 55742.45593677880242 g 14.8532 0.0149 22.5000 13.5506 1.6050 6.7864 7.0881 6.9611
1.35213.5_1.6_17 55742.46622221360303 g 14.8699 0.0149 22.5000 13.5506 1.6050 6.7864 7.0881 6.9611
1.35213.5_1.6_17 55014.44820719180279 g 14.4144 0.0150 22.5000 13.5506 1.6050 6.7864 7.0881 6.9611
1.35213.5_1.6_17 55389.35959469679801 g 13.6625 0.0152 22.5000 13.5506 1.6050 6.7864 7.0881 6.9611
1.35213.5_1.6_17 55389.34789377079869 g 13.6582 0.0152 22.5000 13.5506 1.6050 6.7864 7.0881 6.9611
1.35213.5_1.6_17 55751.46854943590006 g 13.8667 0.0152 22.5000 13.5506 1.6050 6.7864 7.0881 6.9611
1.35213.5_1.6_17 55361.47444091879879 g 14.6797 0.0149 22.5000 13.5506 1.6050 6.7864 7.0881 6.9611
1.35213.5_1.6_17 55751.47818196580192 g 13.8935 0.0152 22.5000 13.5506 1.6050 6.7864 7.0881 6.9611
1.35213.5_1.6_17 56457.53239160539670 g 14.7063 0.0149 22.5000 13.5506 1.6050 6.7864 7.0881 6.9611
1.35213.5_1.6_17 56457.54286877949926 g 14.6860 0.0149 22.5000 13.5506 1.6050 6.7864 7.0881 6.9611
1.35213.5_1.6_17 56455.50771040520340 g 14.5231 0.0150 22.5000 13.5506 1.6050 6.7864 7.0881 6.9611
1.36113.5_1.6_17 56148.35737108159810 g 13.9558 0.0152 23.0000 13.5506 1.6050 6.7571 7.0596 6.9319
1.36113.5_1.6_17 56148.34644904409652 g 13.9569 0.0152 23.0000 13.5506 1.6050 6.7571 7.0596 6.9319
1.36113.5_1.6_17 55361.48643927429657 g 13.6063 0.0153 23.0000 13.5506 1.6050 6.7571 7.0596 6.9319
1.36113.5_1.6_17 55742.45593677880242 g 14.6611 0.0149 23.0000 13.5506 1.6050 6.7571 7.0596 6.9319
1.36113.5_1.6_17 55742.46622221360303 g 14.6902 0.0149 23.0000 13.5506 1.6050 6.7571 7.0596 6.9319
1.36113.5_1.6_17 55014.44820719180279 g 14.6198 0.0149 23.0000 13.5506 1.6050 6.7571 7.0596 6.9319
1.36113.5_1.6_17 55389.35959469679801 g 13.9799 0.0152 23.0000 13.5506 1.6050 6.7571 7.0596 6.9319
1.36113.5_1.6_17 55389.34789377079869 g 13.9756 0.0152 23.0000 13.5506 1.6050 6.7571 7.0596 6.9319
1.36113.5_1.6_17 55751.46854943590006 g 14.1919 0.0151 23.0000 13.5506 1.6050 6.7571 7.0596 6.9319
1.36113.5_1.6_17 55361.47444091879879 g 13.6399 0.0153 23.0000 13.5506 1.6050 6.7571 7.0596 6.9319
1.36113.5_1.6_17 55751.47818196580192 g 14.1816 0.0151 23.0000 13.5506 1.6050 6.7571 7.0596 6.9319
1.36113.5_1.6_17 56457.53239160539670 g 14.8664 0.0149 23.0000 13.5506 1.6050 6.7571 7.0596 6.9319
1.36113.5_1.6_17 56457.54286877949926 g 14.8810 0.0149 23.0000 13.5506 1.6050 6.7571 7.0596 6.9319
1.36113.5_1.6_17 56455.50771040520340 g 14.6711 0.0149 23.0000 13.5506 1.6050 6.7571 7.0596 6.9319
1.37113.5_1.6_17 56148.35737108159810 g 14.7794 0.0149 23.5000 13.5506 1.6050 6.7284 7.0317 6.9033
1.37113.5_1.6_17 56148.34644904409652 g 14.7174 0.0149 23.5000 13.5506 1.6050 6.7284 7.0317 6.9033
1.37113.5_1.6_17 55361.48643927429657 g 13.7361 0.0152 23.5000 13.5506 1.6050 6.7284 7.0317 6.9033
1.37113.5_1.6_17 55742.45593677880242 g 14.1825 0.0151 23.5000 13.5506 1.6050 6.7284 7.0317 6.9033
1.37113.5_1.6_17 55742.46622221360303 g 14.1816 0.0151 23.5000 13.5506 1.6050 6.7284 7.0317 6.9033
1.37113.5_1.6_17 55014.44820719180279 g 14.2425 0.0151 23.5000 13.5506 1.6050 6.7284 7.0317 6.9033
1.37113.5_1.6_17 55389.35959469679801 g 14.1278 0.0151 23.5000 13.5506 1.6050 6.7284 7.0317 6.9033
1.37113.5_1.6_17 55389.34789377079869 g 14.1365 0.0151 23.5000 13.5506 1.6050 6.7284 7.0317 6.9033
1.37113.5_1.6_17 55751.46854943590006 g 14.8642 0.0149 23.5000 13.5506 1.6050 6.7284 7.0317 6.9033
1.37113.5_1.6_17 55361.47444091879879 g 13.6946 0.0152 23.5000 13.5506 1.6050 6.7284 7.0317 6.9033
1.37113.5_1.6_17 55751.47818196580192 g 14.8605 0.0149 23.5000 13.5506 1.6050 6.7284 7.0317 6.9033
1.37113.5_1.6_17 56457.53239160539670 g 14.8646 0.0149 23.5000 13.5506 1.6050 6.7284 7.0317 6.9033
1.37113.5_1.6_17 56457.54286877949926 g 14.8677 0.0149 23.5000 13.5506 1.6050 6.7284 7.0317 6.9033
1.37113.5_1.6_17 56455.50771040520340 g 14.8349 0.0149 23.5000 13.5506 1.6050 6.7284 7.0317 6.9033
1.38013.5_1.6_17 56148.35737108159810 g 14.1919 0.0151 24.0000 13.5506 1.6050 6.7004 7.0044 6.8753
1.38013.5_1.6_17 56148.34644904409652 g 14.1875 0.0151 24.0000 13.5506 1.6050 6.7004 7.0044 6.8753
1.38013.5_1.6_17 55361.48643927429657 g 13.8247 0.0152 24.0000 13.5506 1.6050 6.7004 7.0044 6.8753
1.38013.5_1.6_17 55014.44820719180279 g 14.8147 0.0149 24.0000 13.5506 1.6050 6.7004 7.0044 6.8753
1.38013.5_1.6_17 55389.35959469679801 g 14.2044 0.0151 24.0000 13.5506 1.6050 6.7004 7.0044 6.8753
1.38013.5_1.6_17 55389.34789377079869 g 14.1683 0.0151 24.0000 13.5506 1.6050 6.7004 7.0044 6.8753
1.38013.5_1.6_17 55751.46854943590006 g 14.3822 0.0150 24.0000 13.5506 1.6050 6.7004 7.0044 6.8753
1.38013.5_1.6_17 55361.47444091879879 g 13.7999 0.0152 24.0000 13.5506 1.6050 6.7004 7.0044 6.8753
1.38013.5_1.6_17 55751.47818196580192 g 14.3695 0.0150 24.0000 13.5506 1.6050 6.7004 7.0044 6.8753
1.38013.5_1.6_17 56457.53239160539670 g 14.6302 0.0149 24.0000 13.5506 1.6050 6.7004 7.0044 6.8753
1.38013.5_1.6_17 56457.54286877949926 g 14.6345 0.0149 24.0000 13.5506 1.6050 6.7004 7.0044 6.8753
1.38013.5_1.6_17 56455.50771040520340 g 14.8240 0.0149 24.0000 13.5506 1.6050 6.7004 7.0044 6.8753
1.38913.5_1.6_17 56148.35737108159810 g 14.1366 0.0151 24.5000 13.5506 1.6050 6.6729 6.9777 6.8479
1.38913.5_1.6_17 56148.34644904409652 g 14.1627 0.0151 24.5000 13.5506 1.6050 6.6729 6.9777 6.8479
1.38913.5_1.6_17 55361.48643927429657 g 13.8314 0.0152 24.5000 13.5506 1.6050 6.6729 6.9777 6.8479
1.38913.5_1.6_17 55742.45593677880242 g 14.8100 0.0149 24.5000 13.5506 1.6050 6.6729 6.9777 6.8479
1.38913.5_1.6_17 55742.46622221360303 g 14.8238 0.0149 24.5000 13.5506 1.6050 6.6729 6.9777 6.8479
1.38913.5_1.6_17 55389.35959469679801 g 14.1700 0.0151 24.5000 13.5506 1.6050 6.6729 6.9777 6.8479
1.38913.5_1.6_17 55389.34789377079869 g 14.1617 0.0151 24.5000 13.5506 1.6050 6.6729 6.9777 6.8479
1.38913.5_1.6_17 55751.46854943590006 g 13.6519 0.0153 24.5000 13.5506 1.6050 6.6729 6.9777 6.8479
1.38913.5_1.6_17 55361.47444091879879 g 13.8455 0.0152 24.5000 13.5506 1.6050 6.6729 6.9777 6.8479
1.38913.5_1.6_17 55751.47818196580192 g 13.6768 0.0152 24.5000 13.5506 1.6050 6.6729 6.9777 6.8479
1.38913.5_1.6_17 56457.53239160539670 g 14.4834 0.0150 24.5000 13.5506 1.6050 6.6729 6.9777 6.8479
1.38913.5_1.6_17 56457.54286877949926 g 14.5183 0.0150 24.5000 13.5506 1.6050 6.6729 6.9777 6.8479
1.38913.5_1.6_17 56455.50771040520340 g 14.6105 0.0149 24.5000 13.5506 1.6050 6.6729 6.9777 6.8479
1.39713.5_1.6_17 56148.35737108159810 g 14.8004 0.0149 25.0000 13.5506 1.6050 6.6460 6.9515 6.8210
1.39713.5_1.6_17 56148.34644904409652 g 14.7842 0.0149 25.0000 13.5506 1.6050 6.6460 6.9515 6.8210
1.39713.5_1.6_17 55361.48643927429657 g 13.7597 0.0152 25.0000 13.5506 1.6050 6.6460 6.9515 6.8210
1.39713.5_1.6_17 55742.45593677880242 g 14.3065 0.0151 25.0000 13.5506 1.6050 6.6460 6.9515 6.8210
1.39713.5_1.6_17 55742.46622221360303 g 14.2968 0.0151 25.0000 13.5506 1.6050 6.6460 6.9515 6.8210
1.39713.5_1.6_17 55014.44820719180279 g 14.0737 0.0151 25.0000 13.5506 1.6050 6.6460 6.9515 6.8210
1.39713.5_1.6_17 55389.35959469679801 g 14.0650 0.0151 25.0000 13.5506 1.6050 6.6460 6.9515 6.8210
1.39713.5_1.6_17 55389.34789377079869 g 14.0317 0.0152 25.0000 13.5506 1.6050 6.6460 6.9515 6.8210
1.39713.5_1.6_17 55751.46854943590006 g 14.8109 0.0149 25.0000 13.5506 1.6050 6.6460 6.9515 6.8210
1.39713.5_1.6_17 55361.47444091879879 g 13.7512 0.0152 25.0000 13.5506 1.6050 6.6460 6.9515 6.8210
1.39713.5_1.6_17 55751.47818196580192 g 14.8083 0.0149 25.0000 13.5506 1.6050 6.6460 6.9515 6.8210
1.39713.5_1.6_17 56457.54286877949926 g 13.5296 0.0153 25.0000 13.5506 1.6050 6.6460 6.9515 6.8210
1.39713.5_1.6_17 56455.50771040520340 g 14.4858 0.0150 25.0000 13.5506 1.6050 6.6460 6.9515 6.8210
1.40613.5_1.6_17 56148.35737108159810 g 14.0569 0.0151 25.5000 13.5506 1.6050 6.6196 6.9258 6.7947
1.40613.5_1.6_17 56148.34644904409652 g 14.0555 0.0151 25.5000 13.5506 1.6050 6.6196 6.9258 6.7947
1.40613.5_1.6_17 55361.48643927429657 g 13.6441 0.0153 25.5000 13.5506 1.6050 6.6196 6.9258 6.7947
1.40613.5_1.6_17 55014.44820719180279 g 14.5138 0.0150 25.5000 13.5506 1.6050 6.6196 6.9258 6.7947
1.40613.5_1.6_17 55389.35959469679801 g 13.8499 0.0152 25.5000 13.5506 1.6050 6.6196 6.9258 6.7947
1.40613.5_1.6_17 55389.34789377079869 g 13.8308 0.0152 25.5000 13.5506 1.6050 6.6196 6.9258 6.7947
1.40613.5_1.6_17 55751.46854943590006 g 14.2653 0.0151 25.5000 13.5506 1.6050 6.6196 6.9258 6.7947
1.40613.5_1.6_17 55361.47444091879879 g 13.6341 0.0153 25.5000 13.5506 1.6050 6.6196 6.9258 6.7947
1.40613.5_1.6_17 55751.47818196580192 g 14.2687 0.0151 25.5000 13.5506 1.6050 6.6196 6.9258 6.7947
1.40613.5_1.6_17 56457.53239160539670 g 13.5420 0.0153 25.5000 13.5506 1.6050 6.6196 6.9258 6.7947
1.40613.5_1.6_17 56457.54286877949926 g 13.5523 0.0153 25.5000 13.5506 1.6050 6.6196 6.9258 6.7947
1.40613.5_1.6_17 56455.50771040520340 g 13.5204 0.0153 25.5000 13.5506 1.6050 6.6196 6.9258 6.7947
1.41413.5_1.6_17 56148.35737108159810 g 13.9926 0.0152 26.0000 13.5506 1.6050 6.5937 6.9006 6.7688
1.41413.5_1.6_17 56148.34644904409652 g 13.9866 0.0152 26.0000 13.5506 1.6050 6.5937 6.9006 6.7688
1.41413.5_1.6_17 55361.48643927429657 g 13.5046 0.0153 26.0000 13.5506 1.6050 6.5937 6.9006 6.7688
1.41413.5_1.6_17 55742.45593677880242 g 14.7525 0.0149 26.0000 13.5506 1.6050 6.5937 6.9006 6.7688
1.41413.5_1.6_17 55742.46622221360303 g 14.7735 0.0149 26.0000 13.5506 1.6050 6.5937 6.9006 6.7688
1.41413.5_1.6_17 55014.44820719180279 g 14.7751 0.0149 26.0000 13.5506 1.6050 6.5937 6.9006 6.7688
1.41413.5_1.6_17 55361.47444091879879 g 13.5020 0.0153 26.0000 13.5506 1.6050 6.5937 6.9006 6.7688
1.41413.5_1.6_17 56457.53239160539670 g 13.7165 0.0152 26.0000 13.5506 1.6050 6.5937 6.9006 6.7688
1.41413.5_1.6_17 56457.54286877949926 g 13.7426 0.0152 26.0000 13.5506 1.6050 6.5937 6.9006 6.7688
1.41413.5_1.6_17 56455.50771040520340 g 13.5309 0.0153 26.0000 13.5506 1.6050 6.5937 6.9006 6.7688
1.42313.5_1.6_17 56148.35737108159810 g 14.5897 0.0149 26.5000 13.5506 1.6050 6.5683 6.8759 6.7435
1.42313.5_1.6_17 56148.34644904409652 g 14.6116 0.0149 26.5000 13.5506 1.6050 6.5683 6.8759 6.7435
1.42313.5_1.6_17 55361.48643927429657 g 14.5716 0.0150 26.5000 13.5506 1.6050 6.5683 6.8759 6.7435
1.42313.5_1.6_17 55742.45593677880242 g 13.9518 0.0152 26.5000 13.5506 1.6050 6.5683 6.8759 6.7435
1.42313.5_1.6_17 55742.46622221360303 g 13.9462 0.0152 26.5000 13.5506 1.6050 6.5683 6.8759 6.7435
1.42313.5_1.6_17 55014.44820719180279 g 14.7103 0.0149 26.5000 13.5506 1.6050 6.5683 6.8759 6.7435
1.42313.5_1.6_17 55389.35959469679801 g 14.4407 0.0150 26.5000 13.5506 1.6050 6.5683 6.8759 6.7435
1.42313.5_1.6_17 55389.34789377079869 g 14.4339 0.0150 26.5000 13.5506 1.6050 6.5683 6.8759 6.7435
1.42313.5_1.6_17 55751.46854943590006 g 14.6435 0.0149 26.5000 13.5506 1.6050 6.5683 6.8759 6.7435
1.42313.5_1.6_17 55361.47444091879879 g 14.5310 0.0150 26.5000 13.5506 1.6050 6.5683 6.8759 6.7435
1.42313.5_1.6_17 55751.47818196580192 g 14.6337 0.0149 26.5000 13.5506 1.6050 6.5683 6.8759 6.7435
1.42313.5_1.6_17 56457.53239160539670 g 13.8993 0.0152 26.5000 13.5506 1.6050 6.5683 6.8759 6.7435
1.42313.5_1.6_17 56457.54286877949926 g 13.9140 0.0152 26.5000 13.5506 1.6050 6.5683 6.8759 6.7435
1.42313.5_1.6_17 56455.50771040520340 g 13.7089 0.0152 26.5000 13.5506 1.6050 6.5683 6.8759 6.7435
1.43113.5_1.6_17 56148.35737108159810 g 14.5362 0.0150 27.0000 13.5506 1.6050 6.5434 6.8517 6.7186
1.43113.5_1.6_17 56148.34644904409652 g 14.5497 0.0150 27.0000 13.5506 1.6050 6.5434 6.8517 6.7186
1.43113.5_1.6_17 55361.48643927429657 g 14.7374 0.0149 27.0000 13.5506 1.6050 6.5434 6.8517 6.7186
1.43113.5_1.6_17 55742.45593677880242 g 14.5731 0.0150 27.0000 13.5506 1.6050 6.5434 6.8517 6.7186
1.43113.5_1.6_17 55742.46622221360303 g 14.5360 0.0150 27.0000 13.5506 1.6050 6.5434 6.8517 6.7186
1.43113.5_1.6_17 55014.44820719180279 g 14.5586 0.0150 27.0000 13.5506 1.6050 6.5434 6.8517 6.7186
1.43113.5_1.6_17 55389.35959469679801 g 14.7608 0.0149 27.0000 13.5506 1.6050 6.5434 6.8517 6.7186
1.43113.5_1.6_17 55389.34789377079869 g 14.7532 0.0149 27.0000 13.5506 1.6050 6.5434 6.8517 6.7186
1.43113.5_1.6_17 55751.46854943590006 g 13.6615 0.0152 27.0000 13.5506 1.6050 6.5434 6.8517 6.7186
1.43113.5_1.6_17 55361.47444091879879 g 14.7558 0.0149 27.0000 13.5506 1.6050 6.5434 6.8517 6.7186
1.43113.5_1.6_17 55751.47818196580192 g 13.6658 0.0152 27.0000 13.5506 1.6050 6.5434 6.8517 6.7186
1.43113.5_1.6_17 56457.53239160539670 g 14.0209 0.0152 27.0000 13.5506 1.6050 6.5434 6.8517 6.7186
1.43113.5_1.6_17 56457.54286877949926 g 14.0301 0.0152 27.0000 13.5506 1.6050 6.5434 6.8517 6.7186
1.43113.5_1.6_17 56455.50771040520340 g 13.9051 0.0152 27.0000 13.5506 1.6050 6.5434 6.8517 6.7186
1.43913.5_1.6_17 56148.35737108159810 g 13.6182 0.0153 27.5000 13.5506 1.6050 6.5190 6.8279 6.6942
1.43913.5_1.6_17 56148.34644904409652 g 13.6240 0.0153 27.5000 13.5506 1.6050 6.5190 6.8279 6.6942
1.43913.5_1.6_17 55361.48643927429657 g 14.4930 0.0150 27.5000 13.5506 1.6050 6.5190 6.8279 6.6942
1.43913.5_1.6_17 55742.45593677880242 g 14.2123 0.0151 27.5000 13.5506 1.6050 6.5190 6.8279 6.6942
1.43913.5_1.6_17 55742.46622221360303 g 14.1954 0.0151 27.5000 13.5506 1.6050 6.5190 6.8279 6.6942
1.43913.5_1.6_17 55014.44820719180279 g 14.5332 0.0150 27.5000 13.5506 1.6050 6.5190 6.8279 6.6942
1.43913.5_1.6_17 55389.35959469679801 g 14.4977 0.0150 27.5000 13.5506 1.6050 6.5190 6.8279 6.6942
1.43913.5_1.6_17 55389.34789377079869 g 14.4815 0.0150 27.5000 13.5506 1.6050 6.5190 6.8279 6.6942
1.43913.5_1.6_17 55751.46854943590006 g 14.7130 0.0149 27.5000 13.5506 1.6050 6.5190 6.8279 6.6942
1.43913.5_1.6_17 55361.47444091879879 g 14.4604 0.0150 27.5000 13.5506 1.6050 6.5190 6.8279 6.6942
1.43913.5_1.6_17 55751.47818196580192 g 14.7510 0.0149 27.5000 13.5506 1.6050 6.5190 6.8279 6.6942
1.43913.5_1.6_17 56457.53239160539670 g 14.1955 0.0151 27.5000 13.5506 1.6050 6.5190 6.8279 6.6942
1.43913.5_1.6_17 56457.54286877949926 g 14.1827 0.0151 27.5000 13.5506 1.6050 6.5190 6.8279 6.6942
1.43913.5_1.6_17 56455.50771040520340 g 13.9766 0.0152 27.5000 13.5506 1.6050 6.5190 6.8279 6.6942
1.44713.5_1.6_17 56148.35737108159810 g 14.2166 0.0151 28.0000 13.5506 1.6050 6.4949 6.8045 6.6703
1.44713.5_1.6_17 56148.34644904409652 g 14.1989 0.0151 28.0000 13.5506 1.6050 6.4949 6.8045 6.6703
1.44713.5_1.6_17 55361.48643927429657 g 13.9760 0.0152 28.0000 13.5506 1.6050 6.4949 6.8045 6.6703
1.44713.5_1.6_17 55742.45593677880242 g 14.4954 0.0150 28.0000 13.5506 1.6050 6.4949 6.8045 6.6703
1.44713.5_1.6_17 55742.46622221360303 g 14.5278 0.0150 28.0000 13.5506 1.6050 6.4949 6.8045 6.6703
1.44713.5_1.6_17 55014.44820719180279 g 14.4953 0.0150 28.0000 13.5506 1.6050 6.4949 6.8045 6.6703
1.44713.5_1.6_17 55389.35959469679801 g 14.0067 0.0152 28.0000 13.5506 1.6050 6.4949 6.8045 6.6703
1.44713.5_1.6_17 55389.34789377079869 g 13.9960 0.0152 28.0000 13.5506 1.6050 6.4949 6.8045 6.6703
1.44713.5_1.6_17 55751.46854943590006 g 13.8359 0.0152 28.0000 13.5506 1.6050 6.4949 6.8045 6.6703
1.44713.5_1.6_17 55361.47444091879879 g 13.9787 0.0152 28.0000 13.5506 1.6050 6.4949 6.8045 6.6703
1.44713.5_1.6_17 55751.47818196580192 g 13.8414 0.0152 28.0000 13.5506 1.6050 6.4949 6.8045 6.6703
1.44713.5_1.6_17 56457.53239160539670 g 14.2730 0.0151 28.0000 13.5506 1.6050 6.4949 6.8045 6.6703
1.44713.5_1.6_17 56457.54286877949926 g 14.2781 0.0151 28.0000 13.5506 1.6050 6.4949 6.8045 6.6703
1.44713.5_1.6_17 56455.50771040520340 g 14.1314 0.0151 28.0000 13.5506 1.6050 6.4949 6.8045 6.6703
1.45413.5_1.6_17 56148.35737108159810 g 14.6838 0.0149 28.5000 13.5506 1.6050 6.4714 6.7816 6.6467
1.45413.5_1.6_17 56148.34644904409652 g 14.7024 0.0149 28.5000 13.5506 1.6050 6.4714 6.7816 6.6467
1.45413.5_1.6_17 55742.45593677880242 g 14.2096 0.0151 28.5000 13.5506 1.6050 6.4714 6.7816 6.6467
1.45413.5_1.6_17 55742.46622221360303 g 14.2191 0.0151 28.5000 13.5506 1.6050 6.4714 6.7816 6.6467
1.45413.5_1.6_17 55014.44820719180279 g 14.4912 0.0150 28.5000 13.5506 1.6050 6.4714 6.7816 6.6467
1.45413.5_1.6_17 55751.46854943590006 g 14.7006 0.0149 28.5000 13.5506 1.6050 6.4714 6.7816 6.6467
1.45413.5_1.6_17 55751.47818196580192 g 14.7186 0.0149 28.5000 13.5506 1.6050 6.4714 6.7816 6.6467
1.45413.5_1.6_17 56457.53239160539670 g 14.4257 0.0150 28.5000 13.5506 1.6050 6.4714 6.7816 6.6467
1.45413.5_1.6_17 56457.54286877949926 g 14.4068 0.0150 28.5000 13.5506 1.6050 6.4714 6.7816 6.6467
1.45413.5_1.6_17 56455.50771040520340 g 14.2417 0.0151 28.5000 13.5506 1.6050 6.4714 6.7816 6.6467
1.46213.5_1.6_17 56148.35737108159810 g 14.4826 0.0150 29.0000 13.5506 1.6050 6.4482 6.7590 6.6236
1.46213.5_1.6_17 56148.34644904409652 g 14.4661 0.0150 29.0000 13.5506 1.6050 6.4482 6.7590 6.6236
1.46213.5_1.6_17 55361.48643927429657 g 14.6701 0.0149 29.0000 13.5506 1.6050 6.4482 6.7590 6.6236
1.46213.5_1.6_17 55742.45593677880242 g 14.4712 0.0150 29.0000 13.5506 1.6050 6.4482 6.7590 6.6236
1.46213.5_1.6_17 55742.46622221360303 g 14.4853 0.0150 29.0000 13.5506 1.6050 6.4482 6.7590 6.6236
1.46213.5_1.6_17 55014.44820719180279 g 14.5852 0.0149 29.0000 13.5506 1.6050 6.4482 6.7590 6.6236
1.46213.5_1.6_17 55389.35959469679801 g 14.7140 0.0149 29.0000 13.5506 1.6050 6.4482 6.7590 6.6236
1.46213.5_1.6_17 55389.34789377079869 g 14.6937 0.0149 29.0000 13.5506 1.6050 6.4482 6.7590 6.6236
1.46213.5_1.6_17 55751.46854943590006 g 13.7724 0.0152 29.0000 13.5506 1.6050 6.4482 6.7590 6.6236
1.46213.5_1.6_17 55361.47444091879879 g 14.6704 0.0149 29.0000 13.5506 1.6050 6.4482 6.7590 6.6236
1.46213.5_1.6_17 55751.47818196580192 g 13.7927 0.0152 29.0000 13.5506 1.6050 6.4482 6.7590 6.6236
1.46213.5_1.6_17 56457.53239160539670 g 14.5040 0.0150 29.0000 13.5506 1.6050 6.4482 6.7590 6.6236
1.46213.5_1.6_17 56457.54286877949926 g 14.5249 0.0150 29.0000 13.5506 1.6050 6.4482 6.7590 6.6236
1.46213.5_1.6_17 56455.50771040520340 g 14.3810 0.0150 29.0000 13.5506 1.6050 6.4482 6.7590 6.6236
1.46913.5_1.6_17 56148.35737108159810 g 13.5746 0.0153 29.5000 13.5506 1.6050 6.4254 6.7369 6.6009
1.46913.5_1.6_17 56148.34644904409652 g 13.5988 0.0153 29.5000 13.5506 1.6050 6.4254 6.7369 6.6009
1.46913.5_1.6_17 55361.48643927429657 g 14.3106 0.0151 29.5000 13.5506 1.6050 6.4254 6.7369 6.6009
1.46913.5_1.6_17 55742.45593677880242 g 14.1396 0.0151 29.5000 13.5506 1.6050 6.4254 6.7369 6.6009
1.46913.5_1.6_17 55742.46622221360303 g 14.1574 0.0151 29.5000 13.5506 1.6050 6.4254 6.7369 6.6009
1.46913.5_1.6_17 55014.44820719180279 g 14.6645 0.0149 29.5000 13.5506 1.6050 6.4254 6.7369 6.6009
1.46913.5_1.6_17 55389.35959469679801 g 14.2035 0.0151 29.5000 13.5506 1.6050 6.4254 6.7369 6.6009
1.46913.5_1.6_17 55389.34789377079869 g 14.1860 0.0151 29.5000 13.5506 1.6050 6.4254 6.7369 6.6009
1.46913.5_1.6_17 55751.46854943590006 g 14.6251 0.0149 29.5000 13.5506 1.6050 6.4254 6.7369 6.6009
1.46913.5_1.6_17 55361.47444091879879 g 14.3136 0.0150 29.5000 13.5506 1.6050 6.4254 6.7369 6.6009
1.46913.5_1.6_17 55751.47818196580192 g 14.6476 0.0149 29.5000 13.5506 1.6050 6.4254 6.7369 6.6009
1.46913.5_1.6_17 56457.53239160539670 g 14.6056 0.0149 29.5000 13.5506 1.6050 6.4254 6.7369 6.6009
1.46913.5_1.6_17 56457.54286877949926 g 14.6463 0.0149 29.5000 13.5506 1.6050 6.4254 6.7369 6.6009
1.46913.5_1.6_17 56455.50771040520340 g 14.4459 0.0150 29.5000 13.5506 1.6050 6.4254 6.7369 6.6009
1.47713.5_1.6_17 56148.35737108159810 g 14.0964 0.0151 30.0000 13.5506 1.6050 6.4030 6.7151 6.5785
1.47713.5_1.6_17 56148.34644904409652 g 14.1117 0.0151 30.0000 13.5506 1.6050 6.4030 6.7151 6.5785
1.47713.5_1.6_17 55361.48643927429657 g 13.5881 0.0153 30.0000 13.5506 1.6050 6.4030 6.7151 6.5785
1.47713.5_1.6_17 55742.45593677880242 g 14.4677 0.0150 30.0000 13.5506 1.6050 6.4030 6.7151 6.5785
1.47713.5_1.6_17 55742.46622221360303 g 14.4437 0.0150 30.0000 13.5506 1.6050 6.4030 6.7151 6.5785
1.47713.5_1.6_17 55014.44820719180279 g 14.5271 0.0150 30.0000 13.5506 1.6050 6.4030 6.7151 6.5785
1.47713.5_1.6_17 55751.46854943590006 g 13.5673 0.0153 30.0000 13.5506 1.6050 6.4030 6.7151 6.5785
1.47713.5_1.6_17 55361.47444091879879 g 13.5841 0.0153 30.0000 13.5506 1.6050 6.4030 6.7151 6.5785
1.47713.5_1.6_17 55751.47818196580192 g 13.5760 0.0153 30.0000 13.5506 1.6050 6.4030 6.7151 6.5785
1.47713.5_1.6_17 56457.53239160539670 g 14.6617 0.0149 30.0000 13.5506 1.6050 6.4030 6.7151 6.5785
1.47713.5_1.6_17 56457.54286877949926 g 14.6616 0.0149 30.0000 13.5506 1.6050 6.4030 6.7151 6.5785
1.47713.5_1.6_17 56455.50771040520340 g 14.5959 0.0149 30.0000 13.5506 1.6050 6.4030 6.7151 6.5785
