# Name Epoch Band Mag eMag period DM E(B-V) KMEAN  W1MEAN W2MEAN
0.47713.6_0.62_2 56485.39700656430068 g 13.5064 0.0153 3.0000 13.6860 0.6243 9.6418 9.8357 9.6838
0.47713.6_0.62_2 56485.38706116429967 g 13.5002 0.0153 3.0000 13.6860 0.6243 9.6418 9.8357 9.6838
0.47713.7_0.62_2 56485.39700656430068 g 13.5572 0.0153 3.0000 13.7641 0.6243 9.7221 9.9119 9.7525
0.47713.7_0.62_2 56485.38706116429967 g 13.5954 0.0153 3.0000 13.7641 0.6243 9.7221 9.9119 9.7525
0.47713.7_0.62_2 55714.45772457410203 g 13.5661 0.0153 3.0000 13.7641 0.6243 9.7221 9.9119 9.7525
0.47713.7_0.62_2 55714.44665413950133 g 13.5774 0.0153 3.0000 13.7641 0.6243 9.7221 9.9119 9.7525
0.47713.8_0.62_2 56485.39700656430068 g 13.7054 0.0152 3.0000 13.8908 0.6243 9.8581 10.0415  9.8962
0.47713.8_0.62_2 56485.38706116429967 g 13.7157 0.0152 3.0000 13.8908 0.6243 9.8581 10.0415  9.8962
0.47713.8_0.62_2 55714.45772457410203 g 13.6784 0.0152 3.0000 13.8908 0.6243 9.8581 10.0415  9.8962
0.47713.8_0.62_2 55714.44665413950133 g 13.6908 0.0152 3.0000 13.8908 0.6243 9.8581 10.0415  9.8962
0.47714.0_0.62_2 56485.39700656430068 g 13.8532 0.0152 3.0000 14.0512 0.6243 10.0304 10.2016 10.0588
0.47714.0_0.62_2 56485.38706116429967 g 13.8427 0.0152 3.0000 14.0512 0.6243 10.0304 10.2016 10.0588
0.47714.0_0.62_2 55714.45772457410203 g 13.8254 0.0152 3.0000 14.0512 0.6243 10.0304 10.2016 10.0588
0.47714.0_0.62_2 55714.44665413950133 g 13.8637 0.0152 3.0000 14.0512 0.6243 10.0304 10.2016 10.0588
0.47714.0_0.62_2 56067.54943448390259 g 13.6066 0.0153 3.0000 14.0512 0.6243 10.0304 10.2016 10.0588
0.47714.3_0.62_2 56485.39700656430068 g 14.1001 0.0151 3.0000 14.3017 0.6243 10.2799 10.4586 10.2934
0.47714.3_0.62_2 56485.38706116429967 g 14.1049 0.0151 3.0000 14.3017 0.6243 10.2799 10.4586 10.2934
0.47714.3_0.62_2 55714.45772457410203 g 14.0905 0.0151 3.0000 14.3017 0.6243 10.2799 10.4586 10.2934
0.47714.3_0.62_2 55714.44665413950133 g 14.1211 0.0151 3.0000 14.3017 0.6243 10.2799 10.4586 10.2934
0.47714.3_0.62_2 56067.54943448390259 g 13.8460 0.0152 3.0000 14.3017 0.6243 10.2799 10.4586 10.2934
0.47714.4_0.62_2 56485.39700656430068 g 14.2842 0.0151 3.0000 14.4605 0.6243 10.4437 10.6144 10.4772
0.47714.4_0.62_2 56485.38706116429967 g 14.2651 0.0151 3.0000 14.4605 0.6243 10.4437 10.6144 10.4772
0.47714.4_0.62_2 55714.45772457410203 g 14.2539 0.0151 3.0000 14.4605 0.6243 10.4437 10.6144 10.4772
0.47714.4_0.62_2 55714.44665413950133 g 14.2598 0.0151 3.0000 14.4605 0.6243 10.4437 10.6144 10.4772
0.47714.4_0.62_2 56067.54943448390259 g 14.0054 0.0152 3.0000 14.4605 0.6243 10.4437 10.6144 10.4772
0.47714.6_0.62_2 56485.39700656430068 g 14.5121 0.0150 3.0000 14.6851 0.6243 10.6617 10.8489 10.6854
0.47714.6_0.62_2 56485.38706116429967 g 14.4596 0.0150 3.0000 14.6851 0.6243 10.6617 10.8489 10.6854
0.47714.6_0.62_2 55714.45772457410203 g 14.4765 0.0150 3.0000 14.6851 0.6243 10.6617 10.8489 10.6854
0.47714.6_0.62_2 55714.44665413950133 g 14.5028 0.0150 3.0000 14.6851 0.6243 10.6617 10.8489 10.6854
0.47714.6_0.62_2 55358.46486461099994 g 13.5296 0.0153 3.0000 14.6851 0.6243 10.6617 10.8489 10.6854
0.47714.6_0.62_2 56477.38528537980164 g 13.5141 0.0153 3.0000 14.6851 0.6243 10.6617 10.8489 10.6854
0.47714.6_0.62_2 56477.37482374440151 g 13.5586 0.0153 3.0000 14.6851 0.6243 10.6617 10.8489 10.6854
0.47714.6_0.62_2 56067.54943448390259 g 14.2270 0.0151 3.0000 14.6851 0.6243 10.6617 10.8489 10.6854
0.47714.9_0.62_2 56485.39700656430068 g 14.7791 0.0149 3.0000 14.9561 0.6243 10.9373 11.1159 10.9503
0.47714.9_0.62_2 56485.38706116429967 g 14.7646 0.0149 3.0000 14.9561 0.6243 10.9373 11.1159 10.9503
0.47714.9_0.62_2 55714.45772457410203 g 14.7602 0.0149 3.0000 14.9561 0.6243 10.9373 11.1159 10.9503
0.47714.9_0.62_2 55714.44665413950133 g 14.7727 0.0149 3.0000 14.9561 0.6243 10.9373 11.1159 10.9503
0.47714.9_0.62_2 55358.46486461099994 g 13.8205 0.0152 3.0000 14.9561 0.6243 10.9373 11.1159 10.9503
0.47714.9_0.62_2 56477.38528537980164 g 13.7824 0.0152 3.0000 14.9561 0.6243 10.9373 11.1159 10.9503
0.47714.9_0.62_2 56477.37482374440151 g 13.7571 0.0152 3.0000 14.9561 0.6243 10.9373 11.1159 10.9503
0.47714.9_0.62_2 56067.54943448390259 g 14.4827 0.0150 3.0000 14.9561 0.6243 10.9373 11.1159 10.9503
0.47714.9_0.62_2 55714.48042891630030 r 13.7034 0.0012 3.0000 14.9561 0.6243 10.9373 11.1159 10.9503
0.47714.9_0.62_2 55714.46985567160300 r 13.7019 0.0012 3.0000 14.9561 0.6243 10.9373 11.1159 10.9503
0.47714.9_0.62_2 55351.51477819209686 i 13.5108 0.0154 3.0000 14.9561 0.6243 10.9373 11.1159 10.9503
0.47714.9_0.62_2 56470.45537646849698 i 13.5322 0.0154 3.0000 14.9561 0.6243 10.9373 11.1159 10.9503
0.47714.9_0.62_2 56470.44441284990171 i 13.5502 0.0154 3.0000 14.9561 0.6243 10.9373 11.1159 10.9503
0.47715.2_0.62_2 56485.39700656430068 g 15.0899 0.0148 3.0000 15.2845 0.6243 11.2564 11.4376 11.2909
0.47715.2_0.62_2 56485.38706116429967 g 15.0905 0.0148 3.0000 15.2845 0.6243 11.2564 11.4376 11.2909
0.47715.2_0.62_2 55714.45772457410203 g 15.1020 0.0148 3.0000 15.2845 0.6243 11.2564 11.4376 11.2909
0.47715.2_0.62_2 55714.44665413950133 g 15.0894 0.0148 3.0000 15.2845 0.6243 11.2564 11.4376 11.2909
0.47715.2_0.62_2 55358.46486461099994 g 14.1392 0.0151 3.0000 15.2845 0.6243 11.2564 11.4376 11.2909
0.47715.2_0.62_2 56477.38528537980164 g 14.1026 0.0151 3.0000 15.2845 0.6243 11.2564 11.4376 11.2909
0.47715.2_0.62_2 56477.37482374440151 g 14.1110 0.0151 3.0000 15.2845 0.6243 11.2564 11.4376 11.2909
0.47715.2_0.62_2 56067.54943448390259 g 14.8575 0.0149 3.0000 15.2845 0.6243 11.2564 11.4376 11.2909
0.47715.2_0.62_2 55714.48042891630030 r 14.0328 0.0014 3.0000 15.2845 0.6243 11.2564 11.4376 11.2909
0.47715.2_0.62_2 55714.46985567160300 r 14.0302 0.0014 3.0000 15.2845 0.6243 11.2564 11.4376 11.2909
0.47715.2_0.62_2 55704.51029329709854 i 13.5899 0.0153 3.0000 15.2845 0.6243 11.2564 11.4376 11.2909
0.47715.2_0.62_2 55704.49864966979658 i 13.5840 0.0153 3.0000 15.2845 0.6243 11.2564 11.4376 11.2909
0.47715.2_0.62_2 56058.58072858690139 i 13.5604 0.0154 3.0000 15.2845 0.6243 11.2564 11.4376 11.2909
0.47715.2_0.62_2 55351.51477819209686 i 13.8687 0.0151 3.0000 15.2845 0.6243 11.2564 11.4376 11.2909
0.47715.2_0.62_2 55351.50361259360216 i 13.9202 0.0150 3.0000 15.2845 0.6243 11.2564 11.4376 11.2909
0.47715.2_0.62_2 56058.55460897449666 i 13.6555 0.0153 3.0000 15.2845 0.6243 11.2564 11.4376 11.2909
0.47715.2_0.62_2 56470.45537646849698 i 13.8446 0.0151 3.0000 15.2845 0.6243 11.2564 11.4376 11.2909
0.47715.2_0.62_2 56470.44441284990171 i 13.8237 0.0151 3.0000 15.2845 0.6243 11.2564 11.4376 11.2909
0.54414.3_0.62_2 56485.39700656430068 g 13.5651 0.0153 3.5000 14.3017 0.6243 10.0708 10.2439 10.0892
0.54414.3_0.62_2 56485.38706116429967 g 13.5587 0.0153 3.5000 14.3017 0.6243 10.0708 10.2439 10.0892
0.54414.3_0.62_2 55358.46486461099994 g 13.5833 0.0153 3.5000 14.3017 0.6243 10.0708 10.2439 10.0892
0.54414.4_0.62_2 56485.39700656430068 g 13.7244 0.0152 3.5000 14.4605 0.6243 10.2177 10.3962 10.2431
0.54414.4_0.62_2 56485.38706116429967 g 13.7304 0.0152 3.5000 14.4605 0.6243 10.2177 10.3962 10.2431
0.54414.4_0.62_2 55358.46486461099994 g 13.7627 0.0152 3.5000 14.4605 0.6243 10.2177 10.3962 10.2431
0.54414.6_0.62_2 56485.39700656430068 g 13.9533 0.0152 3.5000 14.6851 0.6243 10.4306 10.6061 10.4625
0.54414.6_0.62_2 56485.38706116429967 g 13.9494 0.0152 3.5000 14.6851 0.6243 10.4306 10.6061 10.4625
0.54414.6_0.62_2 55358.46486461099994 g 13.9913 0.0152 3.5000 14.6851 0.6243 10.4306 10.6061 10.4625
0.54414.6_0.62_2 56067.54943448390259 g 13.6861 0.0152 3.5000 14.6851 0.6243 10.4306 10.6061 10.4625
0.54414.9_0.62_2 56485.39700656430068 g 14.2115 0.0151 3.5000 14.9561 0.6243 10.7346 10.8981 10.7359
0.54414.9_0.62_2 56485.38706116429967 g 14.2247 0.0151 3.5000 14.9561 0.6243 10.7346 10.8981 10.7359
0.54414.9_0.62_2 55714.45772457410203 g 13.6587 0.0152 3.5000 14.9561 0.6243 10.7346 10.8981 10.7359
0.54414.9_0.62_2 55714.44665413950133 g 13.6622 0.0152 3.5000 14.9561 0.6243 10.7346 10.8981 10.7359
0.54414.9_0.62_2 55358.46486461099994 g 14.2701 0.0151 3.5000 14.9561 0.6243 10.7346 10.8981 10.7359
0.54414.9_0.62_2 56477.38528537980164 g 13.6655 0.0152 3.5000 14.9561 0.6243 10.7346 10.8981 10.7359
0.54414.9_0.62_2 56477.37482374440151 g 13.6500 0.0153 3.5000 14.9561 0.6243 10.7346 10.8981 10.7359
0.54414.9_0.62_2 56067.54943448390259 g 13.9860 0.0152 3.5000 14.9561 0.6243 10.7346 10.8981 10.7359
0.54415.2_0.62_2 56485.39700656430068 g 14.5467 0.0150 3.5000 15.2845 0.6243 11.0249 11.2154 11.0782
0.54415.2_0.62_2 56485.38706116429967 g 14.5516 0.0150 3.5000 15.2845 0.6243 11.0249 11.2154 11.0782
0.54415.2_0.62_2 55714.45772457410203 g 14.0481 0.0151 3.5000 15.2845 0.6243 11.0249 11.2154 11.0782
0.54415.2_0.62_2 55714.44665413950133 g 14.0343 0.0152 3.5000 15.2845 0.6243 11.0249 11.2154 11.0782
0.54415.2_0.62_2 55358.46486461099994 g 14.5682 0.0150 3.5000 15.2845 0.6243 11.0249 11.2154 11.0782
0.54415.2_0.62_2 56477.38528537980164 g 13.9768 0.0152 3.5000 15.2845 0.6243 11.0249 11.2154 11.0782
0.54415.2_0.62_2 56477.37482374440151 g 13.9796 0.0152 3.5000 15.2845 0.6243 11.0249 11.2154 11.0782
0.54415.2_0.62_2 56067.54943448390259 g 14.3087 0.0151 3.5000 15.2845 0.6243 11.0249 11.2154 11.0782
0.54415.2_0.62_2 55355.42506678740028 r 13.7017 0.0012 3.5000 15.2845 0.6243 11.0249 11.2154 11.0782
0.54415.2_0.62_2 55355.41307293540012 r 13.6971 0.0012 3.5000 15.2845 0.6243 11.0249 11.2154 11.0782
0.54415.2_0.62_2 56489.36250384189771 r 13.6847 0.0012 3.5000 15.2845 0.6243 11.0249 11.2154 11.0782
0.54415.2_0.62_2 56489.37217629249790 r 13.6891 0.0012 3.5000 15.2845 0.6243 11.0249 11.2154 11.0782
0.54415.2_0.62_2 56489.35142612960044 i 13.5088 0.0154 3.5000 15.2845 0.6243 11.0249 11.2154 11.0782
0.54415.2_0.62_2 56489.33776753630082 i 13.5364 0.0154 3.5000 15.2845 0.6243 11.0249 11.2154 11.0782
0.54415.2_0.62_2 55397.30097118629783 i 13.5080 0.0154 3.5000 15.2845 0.6243 11.0249 11.2154 11.0782
0.54415.2_0.62_2 55397.28911718200106 i 13.5288 0.0154 3.5000 15.2845 0.6243 11.0249 11.2154 11.0782
0.60214.0_0.62_2 56067.54943448390259 g 13.5309 0.0153 4.0000 14.0512 0.6243 9.6416 9.7890 9.6561
0.60214.3_0.62_2 56067.54943448390259 g 13.8026 0.0152 4.0000 14.3017 0.6243 9.8897 10.0295  9.8934
0.60214.4_0.62_2 55714.45772457410203 g 13.5824 0.0153 4.0000 14.4605 0.6243 10.0448 10.2088 10.0608
0.60214.4_0.62_2 55714.44665413950133 g 13.5548 0.0153 4.0000 14.4605 0.6243 10.0448 10.2088 10.0608
0.60214.4_0.62_2 55358.46486461099994 g 13.5512 0.0153 4.0000 14.4605 0.6243 10.0448 10.2088 10.0608
0.60214.4_0.62_2 56067.54943448390259 g 13.9170 0.0152 4.0000 14.4605 0.6243 10.0448 10.2088 10.0608
0.60214.6_0.62_2 55714.45772457410203 g 13.8284 0.0152 4.0000 14.6851 0.6243 10.2772 10.4340 10.2698
0.60214.6_0.62_2 55714.44665413950133 g 13.8219 0.0152 4.0000 14.6851 0.6243 10.2772 10.4340 10.2698
0.60214.6_0.62_2 55358.46486461099994 g 13.8124 0.0152 4.0000 14.6851 0.6243 10.2772 10.4340 10.2698
0.60214.6_0.62_2 56067.54943448390259 g 14.1724 0.0151 4.0000 14.6851 0.6243 10.2772 10.4340 10.2698
0.60214.9_0.62_2 56485.39700656430068 g 13.5647 0.0153 4.0000 14.9561 0.6243 10.5348 10.7016 10.5807
0.60214.9_0.62_2 56485.38706116429967 g 13.5897 0.0153 4.0000 14.9561 0.6243 10.5348 10.7016 10.5807
0.60214.9_0.62_2 55714.45772457410203 g 14.0516 0.0151 4.0000 14.9561 0.6243 10.5348 10.7016 10.5807
0.60214.9_0.62_2 55714.44665413950133 g 14.0727 0.0151 4.0000 14.9561 0.6243 10.5348 10.7016 10.5807
0.60214.9_0.62_2 55358.46486461099994 g 14.0655 0.0151 4.0000 14.9561 0.6243 10.5348 10.7016 10.5807
0.60214.9_0.62_2 56477.38528537980164 g 13.5657 0.0153 4.0000 14.9561 0.6243 10.5348 10.7016 10.5807
0.60214.9_0.62_2 56477.37482374440151 g 13.5519 0.0153 4.0000 14.9561 0.6243 10.5348 10.7016 10.5807
0.60214.9_0.62_2 56067.54943448390259 g 14.4295 0.0150 4.0000 14.9561 0.6243 10.5348 10.7016 10.5807
0.60215.2_0.62_2 56485.39700656430068 g 13.8806 0.0152 4.0000 15.2845 0.6243 10.8730 11.0310 10.8859
0.60215.2_0.62_2 56485.38706116429967 g 13.8758 0.0152 4.0000 15.2845 0.6243 10.8730 11.0310 10.8859
0.60215.2_0.62_2 55714.45772457410203 g 14.3954 0.0150 4.0000 15.2845 0.6243 10.8730 11.0310 10.8859
0.60215.2_0.62_2 55714.44665413950133 g 14.4257 0.0150 4.0000 15.2845 0.6243 10.8730 11.0310 10.8859
0.60215.2_0.62_2 55358.46486461099994 g 14.3905 0.0150 4.0000 15.2845 0.6243 10.8730 11.0310 10.8859
0.60215.2_0.62_2 56477.38528537980164 g 13.8868 0.0152 4.0000 15.2845 0.6243 10.8730 11.0310 10.8859
0.60215.2_0.62_2 56477.37482374440151 g 13.8923 0.0152 4.0000 15.2845 0.6243 10.8730 11.0310 10.8859
0.60215.2_0.62_2 56067.54943448390259 g 14.7744 0.0149 4.0000 15.2845 0.6243 10.8730 11.0310 10.8859
0.60215.2_0.62_2 55355.42506678740028 r 13.6256 0.0012 4.0000 15.2845 0.6243 10.8730 11.0310 10.8859
0.60215.2_0.62_2 55355.41307293540012 r 13.6222 0.0012 4.0000 15.2845 0.6243 10.8730 11.0310 10.8859
0.65314.3_0.62_2 56485.39700656430068 g 13.7184 0.0152 4.5000 14.3017 0.6243 9.7425 9.8724 9.7538
0.65314.3_0.62_2 56485.38706116429967 g 13.7203 0.0152 4.5000 14.3017 0.6243 9.7425 9.8724 9.7538
0.65314.3_0.62_2 55714.45772457410203 g 13.6271 0.0153 4.5000 14.3017 0.6243 9.7425 9.8724 9.7538
0.65314.3_0.62_2 55714.44665413950133 g 13.6429 0.0153 4.5000 14.3017 0.6243 9.7425 9.8724 9.7538
0.65314.4_0.62_2 56485.39700656430068 g 13.8609 0.0152 4.5000 14.4605 0.6243 9.8871 10.0197  9.8942
0.65314.4_0.62_2 56485.38706116429967 g 13.8802 0.0152 4.5000 14.4605 0.6243 9.8871 10.0197  9.8942
0.65314.4_0.62_2 55714.45772457410203 g 13.7543 0.0152 4.5000 14.4605 0.6243 9.8871 10.0197  9.8942
0.65314.4_0.62_2 55714.44665413950133 g 13.7752 0.0152 4.5000 14.4605 0.6243 9.8871 10.0197  9.8942
0.65314.4_0.62_2 55358.46486461099994 g 13.6203 0.0153 4.5000 14.4605 0.6243 9.8871 10.0197  9.8942
0.65314.6_0.62_2 56485.39700656430068 g 14.0832 0.0151 4.5000 14.6851 0.6243 10.1116 10.2510 10.1035
0.65314.6_0.62_2 56485.38706116429967 g 14.1136 0.0151 4.5000 14.6851 0.6243 10.1116 10.2510 10.1035
0.65314.6_0.62_2 55714.45772457410203 g 13.9976 0.0152 4.5000 14.6851 0.6243 10.1116 10.2510 10.1035
0.65314.6_0.62_2 55714.44665413950133 g 13.9905 0.0152 4.5000 14.6851 0.6243 10.1116 10.2510 10.1035
0.65314.6_0.62_2 55358.46486461099994 g 13.8254 0.0152 4.5000 14.6851 0.6243 10.1116 10.2510 10.1035
0.65314.9_0.62_2 56485.39700656430068 g 14.3782 0.0150 4.5000 14.9561 0.6243 10.3863 10.5403 10.4027
0.65314.9_0.62_2 56485.38706116429967 g 14.3892 0.0150 4.5000 14.9561 0.6243 10.3863 10.5403 10.4027
0.65314.9_0.62_2 55714.45772457410203 g 14.2652 0.0151 4.5000 14.9561 0.6243 10.3863 10.5403 10.4027
0.65314.9_0.62_2 55714.44665413950133 g 14.2674 0.0151 4.5000 14.9561 0.6243 10.3863 10.5403 10.4027
0.65314.9_0.62_2 55358.46486461099994 g 14.1242 0.0151 4.5000 14.9561 0.6243 10.3863 10.5403 10.4027
0.65314.9_0.62_2 56067.54943448390259 g 13.6817 0.0152 4.5000 14.9561 0.6243 10.3863 10.5403 10.4027
0.65315.2_0.62_2 56485.39700656430068 g 14.6788 0.0149 4.5000 15.2845 0.6243 10.7087 10.8416 10.7061
0.65315.2_0.62_2 56485.38706116429967 g 14.7099 0.0149 4.5000 15.2845 0.6243 10.7087 10.8416 10.7061
0.65315.2_0.62_2 55714.45772457410203 g 14.5939 0.0149 4.5000 15.2845 0.6243 10.7087 10.8416 10.7061
0.65315.2_0.62_2 55714.44665413950133 g 14.5891 0.0149 4.5000 15.2845 0.6243 10.7087 10.8416 10.7061
0.65315.2_0.62_2 55358.46486461099994 g 14.4794 0.0150 4.5000 15.2845 0.6243 10.7087 10.8416 10.7061
0.65315.2_0.62_2 56477.38528537980164 g 13.7635 0.0152 4.5000 15.2845 0.6243 10.7087 10.8416 10.7061
0.65315.2_0.62_2 56477.37482374440151 g 13.8007 0.0152 4.5000 15.2845 0.6243 10.7087 10.8416 10.7061
0.65315.2_0.62_2 56067.54943448390259 g 13.9605 0.0152 4.5000 15.2845 0.6243 10.7087 10.8416 10.7061
0.65315.2_0.62_2 55355.42506678740028 r 13.6128 0.0012 4.5000 15.2845 0.6243 10.7087 10.8416 10.7061
0.65315.2_0.62_2 55355.41307293540012 r 13.6121 0.0012 4.5000 15.2845 0.6243 10.7087 10.8416 10.7061
0.65315.2_0.62_2 56489.36250384189771 r 13.6071 0.0012 4.5000 15.2845 0.6243 10.7087 10.8416 10.7061
0.65315.2_0.62_2 56489.37217629249790 r 13.6096 0.0012 4.5000 15.2845 0.6243 10.7087 10.8416 10.7061
0.69814.3_0.62_2 56485.39700656430068 g 13.6382 0.0153 5.0000 14.3017 0.6243 9.6070 9.7216 9.5753
0.69814.3_0.62_2 56485.38706116429967 g 13.6444 0.0153 5.0000 14.3017 0.6243 9.6070 9.7216 9.5753
0.69814.4_0.62_2 56485.39700656430068 g 13.8219 0.0152 5.0000 14.4605 0.6243 9.7285 9.8905 9.7436
0.69814.4_0.62_2 56485.38706116429967 g 13.7976 0.0152 5.0000 14.4605 0.6243 9.7285 9.8905 9.7436
0.69814.4_0.62_2 55714.45772457410203 g 13.6281 0.0153 5.0000 14.4605 0.6243 9.7285 9.8905 9.7436
0.69814.4_0.62_2 55714.44665413950133 g 13.6232 0.0153 5.0000 14.4605 0.6243 9.7285 9.8905 9.7436
0.69814.6_0.62_2 56485.39700656430068 g 14.0530 0.0151 5.0000 14.6851 0.6243 9.9599 10.0867  9.9910
0.69814.6_0.62_2 56485.38706116429967 g 14.0326 0.0152 5.0000 14.6851 0.6243 9.9599 10.0867  9.9910
0.69814.6_0.62_2 55714.45772457410203 g 13.8309 0.0152 5.0000 14.6851 0.6243 9.9599 10.0867  9.9910
0.69814.6_0.62_2 55714.44665413950133 g 13.8421 0.0152 5.0000 14.6851 0.6243 9.9599 10.0867  9.9910
0.69814.6_0.62_2 55358.46486461099994 g 13.5094 0.0153 5.0000 14.6851 0.6243 9.9599 10.0867  9.9910
0.69814.9_0.62_2 56485.39700656430068 g 14.2969 0.0151 5.0000 14.9561 0.6243 10.2465 10.3683 10.2394
0.69814.9_0.62_2 56485.38706116429967 g 14.3068 0.0151 5.0000 14.9561 0.6243 10.2465 10.3683 10.2394
0.69814.9_0.62_2 55714.45772457410203 g 14.1097 0.0151 5.0000 14.9561 0.6243 10.2465 10.3683 10.2394
0.69814.9_0.62_2 55714.44665413950133 g 14.1162 0.0151 5.0000 14.9561 0.6243 10.2465 10.3683 10.2394
0.69814.9_0.62_2 55358.46486461099994 g 13.8235 0.0152 5.0000 14.9561 0.6243 10.2465 10.3683 10.2394
0.69815.2_0.62_2 56485.39700656430068 g 14.6373 0.0149 5.0000 15.2845 0.6243 10.5873 10.6959 10.5790
0.69815.2_0.62_2 56485.38706116429967 g 14.6209 0.0149 5.0000 15.2845 0.6243 10.5873 10.6959 10.5790
0.69815.2_0.62_2 55714.45772457410203 g 14.4462 0.0150 5.0000 15.2845 0.6243 10.5873 10.6959 10.5790
0.69815.2_0.62_2 55714.44665413950133 g 14.4229 0.0150 5.0000 15.2845 0.6243 10.5873 10.6959 10.5790
0.69815.2_0.62_2 55358.46486461099994 g 14.0834 0.0151 5.0000 15.2845 0.6243 10.5873 10.6959 10.5790
0.69815.2_0.62_2 56477.38528537980164 g 13.7080 0.0152 5.0000 15.2845 0.6243 10.5873 10.6959 10.5790
0.69815.2_0.62_2 56477.37482374440151 g 13.7205 0.0152 5.0000 15.2845 0.6243 10.5873 10.6959 10.5790
0.69815.2_0.62_2 56067.54943448390259 g 13.7286 0.0152 5.0000 15.2845 0.6243 10.5873 10.6959 10.5790
0.74014.3_0.62_2 55358.46486461099994 g 13.5419 0.0153 5.5000 14.3017 0.6243 9.4933 9.5862 9.4620
0.74014.4_0.62_2 56485.39700656430068 g 13.5864 0.0153 5.5000 14.4605 0.6243 9.6267 9.7368 9.6158
0.74014.4_0.62_2 56485.38706116429967 g 13.5799 0.0153 5.5000 14.4605 0.6243 9.6267 9.7368 9.6158
0.74014.4_0.62_2 55358.46486461099994 g 13.7067 0.0152 5.5000 14.4605 0.6243 9.6267 9.7368 9.6158
0.74014.4_0.62_2 56067.54943448390259 g 13.6227 0.0153 5.5000 14.4605 0.6243 9.6267 9.7368 9.6158
0.74014.6_0.62_2 56485.39700656430068 g 13.7885 0.0152 5.5000 14.6851 0.6243 9.8352 9.9563 9.8480
0.74014.6_0.62_2 56485.38706116429967 g 13.7757 0.0152 5.5000 14.6851 0.6243 9.8352 9.9563 9.8480
0.74014.6_0.62_2 55714.45772457410203 g 13.5370 0.0153 5.5000 14.6851 0.6243 9.8352 9.9563 9.8480
0.74014.6_0.62_2 55714.44665413950133 g 13.5558 0.0153 5.5000 14.6851 0.6243 9.8352 9.9563 9.8480
0.74014.6_0.62_2 55358.46486461099994 g 13.9582 0.0152 5.5000 14.6851 0.6243 9.8352 9.9563 9.8480
0.74014.6_0.62_2 56067.54943448390259 g 13.8531 0.0152 5.5000 14.6851 0.6243 9.8352 9.9563 9.8480
0.74014.9_0.62_2 56485.39700656430068 g 14.0474 0.0152 5.5000 14.9561 0.6243 10.1219 10.2382 10.1143
0.74014.9_0.62_2 56485.38706116429967 g 14.0428 0.0152 5.5000 14.9561 0.6243 10.1219 10.2382 10.1143
0.74014.9_0.62_2 55714.45772457410203 g 13.8206 0.0152 5.5000 14.9561 0.6243 10.1219 10.2382 10.1143
0.74014.9_0.62_2 55714.44665413950133 g 13.8329 0.0152 5.5000 14.9561 0.6243 10.1219 10.2382 10.1143
0.74014.9_0.62_2 55358.46486461099994 g 14.2263 0.0151 5.5000 14.9561 0.6243 10.1219 10.2382 10.1143
0.74014.9_0.62_2 56067.54943448390259 g 14.0933 0.0151 5.5000 14.9561 0.6243 10.1219 10.2382 10.1143
0.74015.2_0.62_2 56485.39700656430068 g 14.3551 0.0150 5.5000 15.2845 0.6243 10.4444 10.5795 10.4292
0.74015.2_0.62_2 56485.38706116429967 g 14.3882 0.0150 5.5000 15.2845 0.6243 10.4444 10.5795 10.4292
0.74015.2_0.62_2 55714.45772457410203 g 14.1731 0.0151 5.5000 15.2845 0.6243 10.4444 10.5795 10.4292
0.74015.2_0.62_2 55714.44665413950133 g 14.1787 0.0151 5.5000 15.2845 0.6243 10.4444 10.5795 10.4292
0.74015.2_0.62_2 55358.46486461099994 g 14.5247 0.0150 5.5000 15.2845 0.6243 10.4444 10.5795 10.4292
0.74015.2_0.62_2 56477.38528537980164 g 13.6416 0.0153 5.5000 15.2845 0.6243 10.4444 10.5795 10.4292
0.74015.2_0.62_2 56477.37482374440151 g 13.6562 0.0152 5.5000 15.2845 0.6243 10.4444 10.5795 10.4292
0.74015.2_0.62_2 56067.54943448390259 g 14.4172 0.0150 5.5000 15.2845 0.6243 10.4444 10.5795 10.4292
0.77814.3_0.62_2 56067.54943448390259 g 13.6157 0.0153 6.0000 14.3017 0.6243 9.3638 9.4795 9.3330
0.77814.4_0.62_2 55358.46486461099994 g 13.5784 0.0153 6.0000 14.4605 0.6243 9.5007 9.6048 9.4967
0.77814.4_0.62_2 56067.54943448390259 g 13.7476 0.0152 6.0000 14.4605 0.6243 9.5007 9.6048 9.4967
0.77814.6_0.62_2 56485.39700656430068 g 13.5543 0.0153 6.0000 14.6851 0.6243 9.7418 9.8478 9.7363
0.77814.6_0.62_2 56485.38706116429967 g 13.5551 0.0153 6.0000 14.6851 0.6243 9.7418 9.8478 9.7363
0.77814.6_0.62_2 55714.45772457410203 g 13.5785 0.0153 6.0000 14.6851 0.6243 9.7418 9.8478 9.7363
0.77814.6_0.62_2 55714.44665413950133 g 13.5625 0.0153 6.0000 14.6851 0.6243 9.7418 9.8478 9.7363
0.77814.6_0.62_2 55358.46486461099994 g 13.8368 0.0152 6.0000 14.6851 0.6243 9.7418 9.8478 9.7363
0.77814.6_0.62_2 56067.54943448390259 g 13.9578 0.0152 6.0000 14.6851 0.6243 9.7418 9.8478 9.7363
0.77814.9_0.62_2 56485.39700656430068 g 13.8391 0.0152 6.0000 14.9561 0.6243 9.9882 10.1029  9.9925
0.77814.9_0.62_2 56485.38706116429967 g 13.8213 0.0152 6.0000 14.9561 0.6243 9.9882 10.1029  9.9925
0.77814.9_0.62_2 55714.45772457410203 g 13.8304 0.0152 6.0000 14.9561 0.6243 9.9882 10.1029  9.9925
0.77814.9_0.62_2 55714.44665413950133 g 13.8445 0.0152 6.0000 14.9561 0.6243 9.9882 10.1029  9.9925
0.77814.9_0.62_2 55358.46486461099994 g 14.0958 0.0151 6.0000 14.9561 0.6243 9.9882 10.1029  9.9925
0.77814.9_0.62_2 56067.54943448390259 g 14.2458 0.0151 6.0000 14.9561 0.6243 9.9882 10.1029  9.9925
0.77815.2_0.62_2 56485.39700656430068 g 14.1531 0.0151 6.0000 15.2845 0.6243 10.3161 10.4226 10.3219
0.77815.2_0.62_2 56485.38706116429967 g 14.1340 0.0151 6.0000 15.2845 0.6243 10.3161 10.4226 10.3219
0.77815.2_0.62_2 55714.45772457410203 g 14.1772 0.0151 6.0000 15.2845 0.6243 10.3161 10.4226 10.3219
0.77815.2_0.62_2 55714.44665413950133 g 14.1931 0.0151 6.0000 15.2845 0.6243 10.3161 10.4226 10.3219
0.77815.2_0.62_2 55358.46486461099994 g 14.3893 0.0150 6.0000 15.2845 0.6243 10.3161 10.4226 10.3219
0.77815.2_0.62_2 56477.38528537980164 g 13.5977 0.0153 6.0000 15.2845 0.6243 10.3161 10.4226 10.3219
0.77815.2_0.62_2 56477.37482374440151 g 13.5951 0.0153 6.0000 15.2845 0.6243 10.3161 10.4226 10.3219
0.77815.2_0.62_2 56067.54943448390259 g 14.5499 0.0150 6.0000 15.2845 0.6243 10.3161 10.4226 10.3219
0.81214.3_0.62_2 55714.44665413950133 g 13.5212 0.0153 6.5000 14.3017 0.6243 9.2581 9.3445 9.2267
0.81214.4_0.62_2 55714.45772457410203 g 13.6472 0.0153 6.5000 14.4605 0.6243 9.4008 9.4963 9.3670
0.81214.4_0.62_2 55714.44665413950133 g 13.6502 0.0153 6.5000 14.4605 0.6243 9.4008 9.4963 9.3670
0.81214.6_0.62_2 55714.45772457410203 g 13.8779 0.0152 6.5000 14.6851 0.6243 9.6096 9.7244 9.5958
0.81214.6_0.62_2 55714.44665413950133 g 13.8549 0.0152 6.5000 14.6851 0.6243 9.6096 9.7244 9.5958
0.81214.9_0.62_2 56485.39700656430068 g 13.6156 0.0153 6.5000 14.9561 0.6243 9.9135 9.9911 9.8939
0.81214.9_0.62_2 56485.38706116429967 g 13.5899 0.0153 6.5000 14.9561 0.6243 9.9135 9.9911 9.8939
0.81214.9_0.62_2 55714.45772457410203 g 14.1492 0.0151 6.5000 14.9561 0.6243 9.9135 9.9911 9.8939
0.81214.9_0.62_2 55714.44665413950133 g 14.1314 0.0151 6.5000 14.9561 0.6243 9.9135 9.9911 9.8939
0.81214.9_0.62_2 55358.46486461099994 g 13.7329 0.0152 6.5000 14.9561 0.6243 9.9135 9.9911 9.8939
0.81215.2_0.62_2 56485.39700656430068 g 13.9674 0.0152 6.5000 15.2845 0.6243 10.2203 10.3214 10.2143
0.81215.2_0.62_2 56485.38706116429967 g 13.9244 0.0152 6.5000 15.2845 0.6243 10.2203 10.3214 10.2143
0.81215.2_0.62_2 55714.45772457410203 g 14.4570 0.0150 6.5000 15.2845 0.6243 10.2203 10.3214 10.2143
0.81215.2_0.62_2 55714.44665413950133 g 14.4721 0.0150 6.5000 15.2845 0.6243 10.2203 10.3214 10.2143
0.81215.2_0.62_2 55358.46486461099994 g 14.0832 0.0151 6.5000 15.2845 0.6243 10.2203 10.3214 10.2143
0.81215.2_0.62_2 56477.38528537980164 g 13.5283 0.0153 6.5000 15.2845 0.6243 10.2203 10.3214 10.2143
0.81215.2_0.62_2 56067.54943448390259 g 13.5992 0.0153 6.5000 15.2845 0.6243 10.2203 10.3214 10.2143
0.84514.6_0.62_2 56067.54943448390259 g 13.6004 0.0153 7.0000 14.6851 0.6243 9.5168 9.6082 9.5033
0.84514.9_0.62_2 56067.54943448390259 g 13.8855 0.0152 7.0000 14.9561 0.6243 9.7972 9.8779 9.7670
0.84515.2_0.62_2 56485.39700656430068 g 13.7288 0.0152 7.0000 15.2845 0.6243 10.1158 10.2183 10.0852
0.84515.2_0.62_2 56485.38706116429967 g 13.7198 0.0152 7.0000 15.2845 0.6243 10.1158 10.2183 10.0852
0.84515.2_0.62_2 55358.46486461099994 g 13.7263 0.0152 7.0000 15.2845 0.6243 10.1158 10.2183 10.0852
0.84515.2_0.62_2 56067.54943448390259 g 14.1838 0.0151 7.0000 15.2845 0.6243 10.1158 10.2183 10.0852
0.87514.6_0.62_2 55358.46486461099994 g 13.5297 0.0153 7.5000 14.6851 0.6243 9.4229 9.5072 9.4029
0.87514.9_0.62_2 55358.46486461099994 g 13.8180 0.0152 7.5000 14.9561 0.6243 9.7143 9.7793 9.6960
0.87514.9_0.62_2 56067.54943448390259 g 13.6343 0.0153 7.5000 14.9561 0.6243 9.7143 9.7793 9.6960
0.87515.2_0.62_2 56485.39700656430068 g 13.5582 0.0153 7.5000 15.2845 0.6243 10.0286 10.1113 10.0177
0.87515.2_0.62_2 56485.38706116429967 g 13.5527 0.0153 7.5000 15.2845 0.6243 10.0286 10.1113 10.0177
0.87515.2_0.62_2 55714.45772457410203 g 13.7671 0.0152 7.5000 15.2845 0.6243 10.0286 10.1113 10.0177
0.87515.2_0.62_2 55714.44665413950133 g 13.8033 0.0152 7.5000 15.2845 0.6243 10.0286 10.1113 10.0177
0.87515.2_0.62_2 55358.46486461099994 g 14.1331 0.0151 7.5000 15.2845 0.6243 10.0286 10.1113 10.0177
0.87515.2_0.62_2 56067.54943448390259 g 13.9754 0.0152 7.5000 15.2845 0.6243 10.0286 10.1113 10.0177
0.90314.4_0.62_2 55714.45772457410203 g 13.5635 0.0153 8.0000 14.4605 0.6243 9.1268 9.2100 9.1062
0.90314.4_0.62_2 55714.44665413950133 g 13.5246 0.0153 8.0000 14.4605 0.6243 9.1268 9.2100 9.1062
0.90314.6_0.62_2 55714.45772457410203 g 13.7512 0.0152 8.0000 14.6851 0.6243 9.3486 9.4345 9.3283
0.90314.6_0.62_2 55714.44665413950133 g 13.7831 0.0152 8.0000 14.6851 0.6243 9.3486 9.4345 9.3283
0.90314.6_0.62_2 56067.54943448390259 g 13.6594 0.0152 8.0000 14.6851 0.6243 9.3486 9.4345 9.3283
0.90314.9_0.62_2 55714.45772457410203 g 14.0200 0.0152 8.0000 14.9561 0.6243 9.6207 9.6941 9.5889
0.90314.9_0.62_2 55714.44665413950133 g 14.0458 0.0152 8.0000 14.9561 0.6243 9.6207 9.6941 9.5889
0.90314.9_0.62_2 56067.54943448390259 g 13.9077 0.0152 8.0000 14.9561 0.6243 9.6207 9.6941 9.5889
0.90315.2_0.62_2 55714.45772457410203 g 14.3380 0.0150 8.0000 15.2845 0.6243 9.9604 10.0221  9.9334
0.90315.2_0.62_2 55714.44665413950133 g 14.3385 0.0150 8.0000 15.2845 0.6243 9.9604 10.0221  9.9334
0.90315.2_0.62_2 55358.46486461099994 g 13.6055 0.0153 8.0000 15.2845 0.6243 9.9604 10.0221  9.9334
0.90315.2_0.62_2 56067.54943448390259 g 14.1914 0.0151 8.0000 15.2845 0.6243 9.9604 10.0221  9.9334
0.92914.6_0.62_2 56067.54943448390259 g 13.5310 0.0153 8.5000 14.6851 0.6243 9.2472 9.3363 9.2245
0.92914.9_0.62_2 55358.46486461099994 g 13.5684 0.0153 8.5000 14.9561 0.6243 9.5345 9.6183 9.4992
0.92914.9_0.62_2 56067.54943448390259 g 13.8183 0.0152 8.5000 14.9561 0.6243 9.5345 9.6183 9.4992
0.92915.2_0.62_2 55714.45772457410203 g 13.6557 0.0152 8.5000 15.2845 0.6243 9.8657 9.9338 9.8349
0.92915.2_0.62_2 55714.44665413950133 g 13.6530 0.0153 8.5000 15.2845 0.6243 9.8657 9.9338 9.8349
0.92915.2_0.62_2 55358.46486461099994 g 13.8818 0.0152 8.5000 15.2845 0.6243 9.8657 9.9338 9.8349
0.92915.2_0.62_2 56067.54943448390259 g 14.1420 0.0151 8.5000 15.2845 0.6243 9.8657 9.9338 9.8349
0.95414.6_0.62_2 55358.46486461099994 g 13.6635 0.0152 9.0000 14.6851 0.6243 9.2007 9.2651 9.1418
0.95414.9_0.62_2 55358.46486461099994 g 13.9645 0.0152 9.0000 14.9561 0.6243 9.4543 9.5388 9.4201
0.95414.9_0.62_2 56067.54943448390259 g 13.7082 0.0152 9.0000 14.9561 0.6243 9.4543 9.5388 9.4201
0.95415.2_0.62_2 56485.39700656430068 g 13.6350 0.0153 9.0000 15.2845 0.6243 9.7997 9.8608 9.7272
0.95415.2_0.62_2 56485.38706116429967 g 13.6322 0.0153 9.0000 15.2845 0.6243 9.7997 9.8608 9.7272
0.95415.2_0.62_2 55714.45772457410203 g 13.6072 0.0153 9.0000 15.2845 0.6243 9.7997 9.8608 9.7272
0.95415.2_0.62_2 55714.44665413950133 g 13.5776 0.0153 9.0000 15.2845 0.6243 9.7997 9.8608 9.7272
0.95415.2_0.62_2 55358.46486461099994 g 14.2848 0.0151 9.0000 15.2845 0.6243 9.7997 9.8608 9.7272
0.95415.2_0.62_2 56067.54943448390259 g 14.0235 0.0152 9.0000 15.2845 0.6243 9.7997 9.8608 9.7272
0.97714.6_0.62_2 55714.45772457410203 g 13.6443 0.0153 9.5000 14.6851 0.6243 9.1119 9.1822 9.0819
0.97714.6_0.62_2 55714.44665413950133 g 13.6273 0.0153 9.5000 14.6851 0.6243 9.1119 9.1822 9.0819
0.97714.9_0.62_2 55714.45772457410203 g 13.9056 0.0152 9.5000 14.9561 0.6243 9.4014 9.4392 9.3356
0.97714.9_0.62_2 55714.44665413950133 g 13.9076 0.0152 9.5000 14.9561 0.6243 9.4014 9.4392 9.3356
0.97715.2_0.62_2 56485.39700656430068 g 13.8062 0.0152 9.5000 15.2845 0.6243 9.7116 9.7763 9.6835
0.97715.2_0.62_2 56485.38706116429967 g 13.8283 0.0152 9.5000 15.2845 0.6243 9.7116 9.7763 9.6835
0.97715.2_0.62_2 55714.45772457410203 g 14.2090 0.0151 9.5000 15.2845 0.6243 9.7116 9.7763 9.6835
0.97715.2_0.62_2 55714.44665413950133 g 14.2273 0.0151 9.5000 15.2845 0.6243 9.7116 9.7763 9.6835
0.97715.2_0.62_2 55358.46486461099994 g 13.5498 0.0153 9.5000 15.2845 0.6243 9.7116 9.7763 9.6835
0.97715.2_0.62_2 56067.54943448390259 g 13.7372 0.0152 9.5000 15.2845 0.6243 9.7116 9.7763 9.6835
1.04114.6_0.62_2 55714.45772457410203 g 13.5570 0.0153 11.0000 14.6851 0.6243 8.9253 8.9690 8.8588
1.04114.6_0.62_2 55714.44665413950133 g 13.5677 0.0153 11.0000 14.6851 0.6243 8.9253 8.9690 8.8588
1.04114.9_0.62_2 56485.39700656430068 g 13.5299 0.0153 11.0000 14.9561 0.6243 9.1903 9.2406 9.1546
1.04114.9_0.62_2 56485.38706116429967 g 13.5130 0.0153 11.0000 14.9561 0.6243 9.1903 9.2406 9.1546
1.04114.9_0.62_2 55714.45772457410203 g 13.8184 0.0152 11.0000 14.9561 0.6243 9.1903 9.2406 9.1546
1.04114.9_0.62_2 55714.44665413950133 g 13.8597 0.0152 11.0000 14.9561 0.6243 9.1903 9.2406 9.1546
1.04115.2_0.62_2 56485.39700656430068 g 13.8508 0.0152 11.0000 15.2845 0.6243 9.5136 9.5636 9.4585
1.04115.2_0.62_2 56485.38706116429967 g 13.8451 0.0152 11.0000 15.2845 0.6243 9.5136 9.5636 9.4585
1.04115.2_0.62_2 55714.45772457410203 g 14.1542 0.0151 11.0000 15.2845 0.6243 9.5136 9.5636 9.4585
1.04115.2_0.62_2 55714.44665413950133 g 14.1603 0.0151 11.0000 15.2845 0.6243 9.5136 9.5636 9.4585
1.04115.2_0.62_2 55358.46486461099994 g 13.6734 0.0152 11.0000 15.2845 0.6243 9.5136 9.5636 9.4585
1.04115.2_0.62_2 56067.54943448390259 g 13.7972 0.0152 11.0000 15.2845 0.6243 9.5136 9.5636 9.4585
1.06014.9_0.62_2 56485.39700656430068 g 13.6014 0.0153 11.5000 14.9561 0.6243 9.1460 9.1714 9.0952
1.06014.9_0.62_2 56485.38706116429967 g 13.6072 0.0153 11.5000 14.9561 0.6243 9.1460 9.1714 9.0952
1.06014.9_0.62_2 55714.45772457410203 g 13.7282 0.0152 11.5000 14.9561 0.6243 9.1460 9.1714 9.0952
1.06014.9_0.62_2 55714.44665413950133 g 13.7324 0.0152 11.5000 14.9561 0.6243 9.1460 9.1714 9.0952
1.06014.9_0.62_2 55358.46486461099994 g 13.5690 0.0153 11.5000 14.9561 0.6243 9.1460 9.1714 9.0952
1.06014.9_0.62_2 56067.54943448390259 g 13.5052 0.0153 11.5000 14.9561 0.6243 9.1460 9.1714 9.0952
1.06015.2_0.62_2 56485.39700656430068 g 13.9655 0.0152 11.5000 15.2845 0.6243 9.4754 9.5192 9.3897
1.06015.2_0.62_2 56485.38706116429967 g 13.9215 0.0152 11.5000 15.2845 0.6243 9.4754 9.5192 9.3897
1.06015.2_0.62_2 55714.45772457410203 g 14.0432 0.0152 11.5000 15.2845 0.6243 9.4754 9.5192 9.3897
1.06015.2_0.62_2 55714.44665413950133 g 14.0923 0.0151 11.5000 15.2845 0.6243 9.4754 9.5192 9.3897
1.06015.2_0.62_2 55358.46486461099994 g 13.8969 0.0152 11.5000 15.2845 0.6243 9.4754 9.5192 9.3897
1.06015.2_0.62_2 56067.54943448390259 g 13.8720 0.0152 11.5000 15.2845 0.6243 9.4754 9.5192 9.3897
1.07914.9_0.62_2 56485.39700656430068 g 13.6537 0.0153 12.0000 14.9561 0.6243 9.0818 9.1175 9.0222
1.07914.9_0.62_2 56485.38706116429967 g 13.6693 0.0152 12.0000 14.9561 0.6243 9.0818 9.1175 9.0222
1.07914.9_0.62_2 55714.45772457410203 g 13.6319 0.0153 12.0000 14.9561 0.6243 9.0818 9.1175 9.0222
1.07914.9_0.62_2 55714.44665413950133 g 13.6141 0.0153 12.0000 14.9561 0.6243 9.0818 9.1175 9.0222
1.07915.2_0.62_2 56485.39700656430068 g 14.0100 0.0152 12.0000 15.2845 0.6243 9.4194 9.4390 9.3601
1.07915.2_0.62_2 56485.38706116429967 g 13.9689 0.0152 12.0000 15.2845 0.6243 9.4194 9.4390 9.3601
1.07915.2_0.62_2 55714.45772457410203 g 13.9453 0.0152 12.0000 15.2845 0.6243 9.4194 9.4390 9.3601
1.07915.2_0.62_2 55714.44665413950133 g 13.9229 0.0152 12.0000 15.2845 0.6243 9.4194 9.4390 9.3601
1.07915.2_0.62_2 55358.46486461099994 g 13.6678 0.0152 12.0000 15.2845 0.6243 9.4194 9.4390 9.3601
1.09614.9_0.62_2 56485.39700656430068 g 13.7395 0.0152 12.5000 14.9561 0.6243 9.0290 9.0668 8.9632
1.09614.9_0.62_2 56485.38706116429967 g 13.6970 0.0152 12.5000 14.9561 0.6243 9.0290 9.0668 8.9632
1.09614.9_0.62_2 55358.46486461099994 g 13.7495 0.0152 12.5000 14.9561 0.6243 9.0290 9.0668 8.9632
1.09615.2_0.62_2 56485.39700656430068 g 14.0509 0.0151 12.5000 15.2845 0.6243 9.3643 9.3957 9.3015
1.09615.2_0.62_2 56485.38706116429967 g 14.0456 0.0152 12.5000 15.2845 0.6243 9.3643 9.3957 9.3015
1.09615.2_0.62_2 55358.46486461099994 g 14.0461 0.0152 12.5000 15.2845 0.6243 9.3643 9.3957 9.3015
1.1138.77_0.28_2 56477.42999819979741 r 14.1195 0.0015 13.0000  8.7794 0.2813 2.6558 2.7521 2.6755
1.11314.6_0.62_2 56485.38706116429967 g 13.5132 0.0153 13.0000 14.6851 0.6243 8.6971 8.7373 8.6459
1.11314.9_0.62_2 56485.39700656430068 g 13.7249 0.0152 13.0000 14.9561 0.6243 8.9564 8.9944 8.9261
1.11314.9_0.62_2 56485.38706116429967 g 13.7046 0.0152 13.0000 14.9561 0.6243 8.9564 8.9944 8.9261
1.11314.9_0.62_2 56067.54943448390259 g 13.6860 0.0152 13.0000 14.9561 0.6243 8.9564 8.9944 8.9261
1.11315.2_0.62_2 56485.39700656430068 g 14.0519 0.0151 13.0000 15.2845 0.6243 9.2895 9.3248 9.2389
1.11315.2_0.62_2 56485.38706116429967 g 14.0640 0.0151 13.0000 15.2845 0.6243 9.2895 9.3248 9.2389
1.11315.2_0.62_2 55714.45772457410203 g 13.5689 0.0153 13.0000 15.2845 0.6243 9.2895 9.3248 9.2389
1.11315.2_0.62_2 55714.44665413950133 g 13.5974 0.0153 13.0000 15.2845 0.6243 9.2895 9.3248 9.2389
1.11315.2_0.62_2 56067.54943448390259 g 13.9911 0.0152 13.0000 15.2845 0.6243 9.2895 9.3248 9.2389
1.13014.9_0.62_2 56485.39700656430068 g 13.7494 0.0152 13.5000 14.9561 0.6243 8.9235 8.9449 8.8742
1.13014.9_0.62_2 56485.38706116429967 g 13.7521 0.0152 13.5000 14.9561 0.6243 8.9235 8.9449 8.8742
1.13014.9_0.62_2 55714.45772457410203 g 13.6754 0.0152 13.5000 14.9561 0.6243 8.9235 8.9449 8.8742
1.13014.9_0.62_2 55714.44665413950133 g 13.6726 0.0152 13.5000 14.9561 0.6243 8.9235 8.9449 8.8742
1.13014.9_0.62_2 56067.54943448390259 g 13.6377 0.0153 13.5000 14.9561 0.6243 8.9235 8.9449 8.8742
1.13015.2_0.62_2 56485.39700656430068 g 14.0650 0.0151 13.5000 15.2845 0.6243 9.2547 9.2670 9.1912
1.13015.2_0.62_2 56485.38706116429967 g 14.0709 0.0151 13.5000 15.2845 0.6243 9.2547 9.2670 9.1912
1.13015.2_0.62_2 55714.45772457410203 g 13.9842 0.0152 13.5000 15.2845 0.6243 9.2547 9.2670 9.1912
1.13015.2_0.62_2 55714.44665413950133 g 14.0003 0.0152 13.5000 15.2845 0.6243 9.2547 9.2670 9.1912
1.13015.2_0.62_2 56067.54943448390259 g 13.9703 0.0152 13.5000 15.2845 0.6243 9.2547 9.2670 9.1912
1.14614.9_0.62_2 56485.39700656430068 g 13.6536 0.0153 14.0000 14.9561 0.6243 8.8733 8.9009 8.8067
1.14614.9_0.62_2 56485.38706116429967 g 13.6562 0.0152 14.0000 14.9561 0.6243 8.8733 8.9009 8.8067
1.14614.9_0.62_2 55714.45772457410203 g 13.5803 0.0153 14.0000 14.9561 0.6243 8.8733 8.9009 8.8067
1.14614.9_0.62_2 55714.44665413950133 g 13.5643 0.0153 14.0000 14.9561 0.6243 8.8733 8.9009 8.8067
1.14614.9_0.62_2 56067.54943448390259 g 13.5395 0.0153 14.0000 14.9561 0.6243 8.8733 8.9009 8.8067
1.14615.2_0.62_2 56485.39700656430068 g 14.0009 0.0152 14.0000 15.2845 0.6243 9.1970 9.2173 9.1162
1.14615.2_0.62_2 56485.38706116429967 g 13.9525 0.0152 14.0000 15.2845 0.6243 9.1970 9.2173 9.1162
1.14615.2_0.62_2 55714.45772457410203 g 13.8822 0.0152 14.0000 15.2845 0.6243 9.1970 9.2173 9.1162
1.14615.2_0.62_2 55714.44665413950133 g 13.8949 0.0152 14.0000 15.2845 0.6243 9.1970 9.2173 9.1162
1.14615.2_0.62_2 56067.54943448390259 g 13.8778 0.0152 14.0000 15.2845 0.6243 9.1970 9.2173 9.1162
1.16114.9_0.62_2 56485.39700656430068 g 13.5856 0.0153 14.5000 14.9561 0.6243 8.8438 8.8460 8.7695
1.16114.9_0.62_2 56485.38706116429967 g 13.6147 0.0153 14.5000 14.9561 0.6243 8.8438 8.8460 8.7695
1.16115.2_0.62_2 56485.39700656430068 g 13.9327 0.0152 14.5000 15.2845 0.6243 9.1494 9.1847 9.0881
1.16115.2_0.62_2 56485.38706116429967 g 13.9157 0.0152 14.5000 15.2845 0.6243 9.1494 9.1847 9.0881
1.16115.2_0.62_2 55714.45772457410203 g 13.5661 0.0153 14.5000 15.2845 0.6243 9.1494 9.1847 9.0881
1.16115.2_0.62_2 55714.44665413950133 g 13.5770 0.0153 14.5000 15.2845 0.6243 9.1494 9.1847 9.0881
1.16115.2_0.62_2 55358.46486461099994 g 13.5020 0.0153 14.5000 15.2845 0.6243 9.1494 9.1847 9.0881
1.16115.2_0.62_2 56067.54943448390259 g 13.8449 0.0152 14.5000 15.2845 0.6243 9.1494 9.1847 9.0881
1.1768.77_0.28_2 56477.42003534550167 r 22.0429 0.3178 15.0000  8.7794 0.2813 2.4761 2.5535 2.5037
1.17614.9_0.62_2 56485.39700656430068 g 13.5286 0.0153 15.0000 14.9561 0.6243 8.7891 8.8067 8.6951
1.17614.9_0.62_2 56485.38706116429967 g 13.5242 0.0153 15.0000 14.9561 0.6243 8.7891 8.8067 8.6951
1.17614.9_0.62_2 56067.54943448390259 g 13.5932 0.0153 15.0000 14.9561 0.6243 8.7891 8.8067 8.6951
1.17615.2_0.62_2 56485.39700656430068 g 13.8654 0.0152 15.0000 15.2845 0.6243 9.1125 9.1179 9.0338
1.17615.2_0.62_2 56485.38706116429967 g 13.8450 0.0152 15.0000 15.2845 0.6243 9.1125 9.1179 9.0338
1.17615.2_0.62_2 55358.46486461099994 g 13.6029 0.0153 15.0000 15.2845 0.6243 9.1125 9.1179 9.0338
1.17615.2_0.62_2 56067.54943448390259 g 13.9408 0.0152 15.0000 15.2845 0.6243 9.1125 9.1179 9.0338
1.1908.77_0.28_2 56477.42999819979741 r 20.3984 0.0857 15.5000  8.7794 0.2813 2.3995 2.5016 2.4352
1.19014.9_0.62_2 56067.54943448390259 g 13.6045 0.0153 15.5000 14.9561 0.6243 8.7386 8.7333 8.6759
1.19015.2_0.62_2 56485.39700656430068 g 13.8030 0.0152 15.5000 15.2845 0.6243 9.0577 9.0843 9.0098
1.19015.2_0.62_2 56485.38706116429967 g 13.8157 0.0152 15.5000 15.2845 0.6243 9.0577 9.0843 9.0098
1.19015.2_0.62_2 55714.45772457410203 g 13.5596 0.0153 15.5000 15.2845 0.6243 9.0577 9.0843 9.0098
1.19015.2_0.62_2 55714.44665413950133 g 13.5654 0.0153 15.5000 15.2845 0.6243 9.0577 9.0843 9.0098
1.19015.2_0.62_2 56067.54943448390259 g 13.8808 0.0152 15.5000 15.2845 0.6243 9.0577 9.0843 9.0098
1.20415.2_0.62_2 56485.39700656430068 g 13.7222 0.0152 16.0000 15.2845 0.6243 9.0351 9.0492 8.9540
1.20415.2_0.62_2 56485.38706116429967 g 13.7238 0.0152 16.0000 15.2845 0.6243 9.0351 9.0492 8.9540
1.2178.77_0.28_2 56477.42999819979741 r 15.0855 0.0024 16.5000  8.7794 0.2813 2.3437 2.4261 2.3594
1.21715.2_0.62_2 56485.39700656430068 g 13.6796 0.0152 16.5000 15.2845 0.6243 8.9728 8.9852 8.9020
1.21715.2_0.62_2 56485.38706116429967 g 13.6724 0.0152 16.5000 15.2845 0.6243 8.9728 8.9852 8.9020
1.21715.2_0.62_2 55714.45772457410203 g 13.6423 0.0153 16.5000 15.2845 0.6243 8.9728 8.9852 8.9020
1.21715.2_0.62_2 55714.44665413950133 g 13.6231 0.0153 16.5000 15.2845 0.6243 8.9728 8.9852 8.9020
1.2308.77_0.28_2 56477.42999819979741 r 21.1353 0.1530 17.0000  8.7794 0.2813 2.3160 2.3522 2.3102
1.23015.2_0.62_2 56485.39700656430068 g 13.6549 0.0153 17.0000 15.2845 0.6243 8.9401 8.9210 8.8778
1.23015.2_0.62_2 56485.38706116429967 g 13.6658 0.0152 17.0000 15.2845 0.6243 8.9401 8.9210 8.8778
1.24315.2_0.62_2 56485.39700656430068 g 13.5836 0.0153 17.5000 15.2845 0.6243 8.9237 8.9038 8.8265
1.24315.2_0.62_2 56485.38706116429967 g 13.5571 0.0153 17.5000 15.2845 0.6243 8.9237 8.9038 8.8265
1.24315.2_0.62_2 56067.54943448390259 g 13.8203 0.0152 17.5000 15.2845 0.6243 8.9237 8.9038 8.8265
1.25515.2_0.62_2 56485.39700656430068 g 13.5290 0.0153 18.0000 15.2845 0.6243 8.8635 8.8494 8.8071
1.25515.2_0.62_2 56485.38706116429967 g 13.5234 0.0153 18.0000 15.2845 0.6243 8.8635 8.8494 8.8071
1.25515.2_0.62_2 55714.45772457410203 g 13.7853 0.0152 18.0000 15.2845 0.6243 8.8635 8.8494 8.8071
1.25515.2_0.62_2 55714.44665413950133 g 13.8002 0.0152 18.0000 15.2845 0.6243 8.8635 8.8494 8.8071
1.2678.77_0.28_2 56477.42003534550167 r 13.5743 0.0012 18.5000  8.7794 0.2813 2.1787 2.2578 2.1993
1.26715.2_0.62_2 55714.45772457410203 g 13.5678 0.0153 18.5000 15.2845 0.6243 8.8129 8.8092 8.7380
1.26715.2_0.62_2 55714.44665413950133 g 13.5730 0.0153 18.5000 15.2845 0.6243 8.8129 8.8092 8.7380
1.26715.2_0.62_2 55358.46486461099994 g 13.6402 0.0153 18.5000 15.2845 0.6243 8.8129 8.8092 8.7380
1.29015.2_0.62_2 55358.46486461099994 g 13.7417 0.0152 19.5000 15.2845 0.6243 8.7672 8.7579 8.7015
1.30115.2_0.62_2 56067.54943448390259 g 13.5480 0.0153 20.0000 15.2845 0.6243 8.7310 8.7069 8.6595
1.3118.77_0.28_2 55355.42506678740028 r 14.8459 0.0021 20.5000  8.7794 0.2813 2.0612 2.1093 2.0546
1.31115.2_0.62_2 55714.45772457410203 g 13.5049 0.0153 20.5000 15.2845 0.6243 8.7025 8.6676 8.6132
1.31115.2_0.62_2 55714.44665413950133 g 13.5025 0.0153 20.5000 15.2845 0.6243 8.7025 8.6676 8.6132
1.32215.2_0.62_2 55714.45772457410203 g 13.6595 0.0152 21.0000 15.2845 0.6243 8.6546 8.6553 8.5715
1.32215.2_0.62_2 55714.44665413950133 g 13.6581 0.0152 21.0000 15.2845 0.6243 8.6546 8.6553 8.5715
1.32215.2_0.62_2 55358.46486461099994 g 13.6289 0.0153 21.0000 15.2845 0.6243 8.6546 8.6553 8.5715
1.3428.77_0.28_2 55355.42506678740028 r 20.9356 0.1306 22.0000  8.7794 0.2813 1.9642 1.9970 1.9446
1.3808.77_0.28_2 55714.46985567160300 r 21.1104 0.1500 24.0000  8.7794 0.2813 1.8588 1.8595 1.8499
1.3808.77_0.28_2 55355.42506678740028 r 14.2007 0.0015 24.0000  8.7794 0.2813 1.8588 1.8595 1.8499
1.3978.77_0.28_2 55714.46985567160300 r 18.7549 0.0248 25.0000  8.7794 0.2813 1.7718 1.8218 1.7678
1.41415.2_0.62_2 55714.45772457410203 g 13.5066 0.0153 26.0000 15.2845 0.6243 8.3879 8.3188 8.2732
1.41415.2_0.62_2 55714.44665413950133 g 13.5097 0.0153 26.0000 15.2845 0.6243 8.3879 8.3188 8.2732
1.4398.77_0.28_2 55355.41307293540012 r 18.0428 0.0149 27.5000  8.7794 0.2813 1.6505 1.6693 1.6369
