# Name Epoch Band Mag eMag period DM E(B-V) KMEAN  W1MEAN W2MEAN
1.2179.19_0.15_2 55009.53616551779851 r 17.2293 0.0086 16.5000  9.1942 0.1500 2.7176 2.8067 2.7419
1.2909.19_0.15_2 55724.54129750990251 r 15.2830 0.0026 19.5000  9.1942 0.1500 2.4778 2.5633 2.5225
1.3229.19_0.15_2 55724.54129750990251 r 14.2924 0.0016 21.0000  9.1942 0.1500 2.3842 2.4614 2.4131
1.3429.19_0.15_2 56137.39080680289771 r 20.9579 0.1329 22.0000  9.1942 0.1500 2.3250 2.3873 2.3538
1.3529.19_0.15_2 55724.54129750990251 r 14.3895 0.0017 22.5000  9.1942 0.1500 2.3004 2.3469 2.3162
1.3809.19_0.15_2 55724.55509358659765 r 19.2568 0.0359 24.0000  9.1942 0.1500 2.2240 2.2548 2.2126
1.4149.19_0.15_2 56137.40107133849961 r 21.4991 0.2047 26.0000  9.1942 0.1500 2.1022 2.1521 2.1241
1.4239.19_0.15_2 56472.48703182389727 r 18.0318 0.0148 26.5000  9.1942 0.1500 2.0805 2.0972 2.0850
1.4319.19_0.15_2 55724.55509358659765 r 17.4026 0.0096 27.0000  9.1942 0.1500 2.0497 2.1064 2.0534
1.4319.19_0.15_2 55724.54129750990251 r 15.3556 0.0027 27.0000  9.1942 0.1500 2.0497 2.1064 2.0534
1.4399.19_0.15_2 56470.48872251949797 r 17.9879 0.0144 27.5000  9.1942 0.1500 2.0326 2.0528 2.0351
1.4629.19_0.15_2 56470.48872251949797 r 15.7983 0.0035 29.0000  9.1942 0.1500 1.9536 1.9865 1.9548
1.4699.19_0.15_2 56470.49826265309821 r 15.5213 0.0030 29.5000  9.1942 0.1500 1.9385 1.9785 1.9374
1.4699.19_0.15_2 55714.58357419430104 r 18.1955 0.0166 29.5000  9.1942 0.1500 1.9385 1.9785 1.9374
1.4779.19_0.15_2 56137.39080680289771 r 16.2590 0.0046 30.0000  9.1942 0.1500 1.8911 1.9363 1.8974
1.4779.19_0.15_2 55724.55509358659765 r 13.9097 0.0013 30.0000  9.1942 0.1500 1.8911 1.9363 1.8974
