# Name Epoch Band Mag eMag period DM E(B-V) KMEAN  W1MEAN W2MEAN
0.47714.9_0.26_3 56453.56681912350177 g 13.5308 0.0153 3.0000 14.9023 0.2679 10.7387 10.9917 10.8517
0.47714.9_0.26_3 55358.50648805920355 g 13.5246 0.0153 3.0000 14.9023 0.2679 10.7387 10.9917 10.8517
0.47714.9_0.26_3 55745.43819184989843 g 13.5146 0.0153 3.0000 14.9023 0.2679 10.7387 10.9917 10.8517
1.3019.13_0.23_3 56462.55123749750055 r 15.3267 0.0027 20.0000  9.1304 0.2358 2.4321 2.4982 2.4382
1.3119.13_0.23_3 55353.57264707940340 r 15.3029 0.0027 20.5000  9.1304 0.2358 2.3848 2.4614 2.4170
1.3719.13_0.23_3 56462.55123749750055 r 21.6650 0.2339 23.5000  9.1304 0.2358 2.2002 2.2450 2.2020
1.3899.13_0.23_3 56462.56129047510331 r 16.7287 0.0062 24.5000  9.1304 0.2358 2.1509 2.1793 2.1581
1.3979.13_0.23_3 55009.44622405259724 r 15.7590 0.0034 25.0000  9.1304 0.2358 2.1292 2.1509 2.1054
1.4069.13_0.23_3 56462.56129047510331 r 21.8658 0.2752 25.5000  9.1304 0.2358 2.0914 2.1174 2.0932
1.4149.13_0.23_3 55009.44622405259724 r 15.0678 0.0023 26.0000  9.1304 0.2358 2.0777 2.1130 2.0548
1.4149.13_0.23_3 56462.55123749750055 r 15.9277 0.0038 26.0000  9.1304 0.2358 2.0777 2.1130 2.0548
1.4239.13_0.23_3 55353.57264707940340 r 19.6801 0.0494 26.5000  9.1304 0.2358 2.0486 2.0802 2.0387
1.4319.13_0.23_3 56462.55123749750055 r 14.1947 0.0015 27.0000  9.1304 0.2358 2.0251 2.0323 2.0168
1.4399.13_0.23_3 55009.43467541460268 r 17.7204 0.0119 27.5000  9.1304 0.2358 1.9962 2.0349 1.9756
1.4399.13_0.23_3 56462.55123749750055 r 21.2165 0.1632 27.5000  9.1304 0.2358 1.9962 2.0349 1.9756
1.4629.13_0.23_3 55009.44622405259724 r 16.4478 0.0052 29.0000  9.1304 0.2358 1.9320 1.9371 1.9206
1.4779.13_0.23_3 55378.46219660520001 r 19.4695 0.0421 30.0000  9.1304 0.2358 1.8762 1.8839 1.8806
