# Name Epoch Band Mag eMag period DM E(B-V) KMEAN  W1MEAN W2MEAN
0.47713.3_0.71_7 56516.34748139359726 g 13.5167 0.0153 3.0000 13.3091 0.7181 9.3306 9.4962 9.4454
0.47713.3_0.71_7 56516.35833328869921 g 13.5153 0.0153 3.0000 13.3091 0.7181 9.3306 9.4962 9.4454
0.47713.9_0.71_7 56516.34748139359726 g 14.1487 0.0151 3.0000 13.9863 0.7181 9.9948 10.1835 10.1074
0.47713.9_0.71_7 56516.35833328869921 g 14.1489 0.0151 3.0000 13.9863 0.7181 9.9948 10.1835 10.1074
0.47713.9_0.71_7 55417.38800190419715 g 13.8080 0.0152 3.0000 13.9863 0.7181 9.9948 10.1835 10.1074
0.47713.9_0.71_7 55417.51185927070037 g 13.8762 0.0152 3.0000 13.9863 0.7181 9.9948 10.1835 10.1074
0.47713.9_0.71_7 55417.49999291219865 g 13.8664 0.0152 3.0000 13.9863 0.7181 9.9948 10.1835 10.1074
0.47713.9_0.71_7 55417.37614375210251 g 13.8086 0.0152 3.0000 13.9863 0.7181 9.9948 10.1835 10.1074
0.47713.9_0.71_7 56164.46459103470261 g 13.8526 0.0152 3.0000 13.9863 0.7181 9.9948 10.1835 10.1074
0.47713.9_0.71_7 56164.47581334789720 g 13.8718 0.0152 3.0000 13.9863 0.7181 9.9948 10.1835 10.1074
0.54413.9_0.71_7 55803.29892055880191 g 14.0244 0.0152 3.5000 13.9863 0.7181 9.7872 9.9813 9.9094
0.54413.9_0.71_7 55803.31044613300037 g 14.0138 0.0152 3.5000 13.9863 0.7181 9.7872 9.9813 9.9094
0.54413.9_0.71_7 56516.34748139359726 g 13.7695 0.0152 3.5000 13.9863 0.7181 9.7872 9.9813 9.9094
0.54413.9_0.71_7 56516.35833328869921 g 13.7850 0.0152 3.5000 13.9863 0.7181 9.7872 9.9813 9.9094
0.54413.9_0.71_7 55417.38800190419715 g 13.8138 0.0152 3.5000 13.9863 0.7181 9.7872 9.9813 9.9094
0.54413.9_0.71_7 55417.51185927070037 g 13.8660 0.0152 3.5000 13.9863 0.7181 9.7872 9.9813 9.9094
0.54413.9_0.71_7 55417.49999291219865 g 13.8744 0.0152 3.5000 13.9863 0.7181 9.7872 9.9813 9.9094
0.54413.9_0.71_7 55417.37614375210251 g 13.7723 0.0152 3.5000 13.9863 0.7181 9.7872 9.9813 9.9094
0.60213.9_0.71_7 55803.29892055880191 g 13.6998 0.0152 4.0000 13.9863 0.7181 9.5986 9.7988 9.7299
0.60213.9_0.71_7 55803.31044613300037 g 13.7199 0.0152 4.0000 13.9863 0.7181 9.5986 9.7988 9.7299
0.60213.9_0.71_7 56508.39415591539728 g 13.8156 0.0152 4.0000 13.9863 0.7181 9.5986 9.7988 9.7299
0.60213.9_0.71_7 56516.34748139359726 g 13.8282 0.0152 4.0000 13.9863 0.7181 9.5986 9.7988 9.7299
0.60213.9_0.71_7 56516.35833328869921 g 13.8404 0.0152 4.0000 13.9863 0.7181 9.5986 9.7988 9.7299
0.60213.9_0.71_7 56508.38327196610044 g 13.8183 0.0152 4.0000 13.9863 0.7181 9.5986 9.7988 9.7299
0.60213.9_0.71_7 56164.46459103470261 g 13.7876 0.0152 4.0000 13.9863 0.7181 9.5986 9.7988 9.7299
0.60213.9_0.71_7 56164.47581334789720 g 13.7550 0.0152 4.0000 13.9863 0.7181 9.5986 9.7988 9.7299
0.65313.9_0.71_7 56516.34748139359726 g 13.6612 0.0152 4.5000 13.9863 0.7181 9.4414 9.6589 9.5715
0.65313.9_0.71_7 56516.35833328869921 g 13.6892 0.0152 4.5000 13.9863 0.7181 9.4414 9.6589 9.5715
0.65313.9_0.71_7 55417.38800190419715 g 13.6938 0.0152 4.5000 13.9863 0.7181 9.4414 9.6589 9.5715
0.65313.9_0.71_7 55417.51185927070037 g 13.7042 0.0152 4.5000 13.9863 0.7181 9.4414 9.6589 9.5715
0.65313.9_0.71_7 55417.49999291219865 g 13.7266 0.0152 4.5000 13.9863 0.7181 9.4414 9.6589 9.5715
0.65313.9_0.71_7 55417.37614375210251 g 13.6859 0.0152 4.5000 13.9863 0.7181 9.4414 9.6589 9.5715
0.65313.9_0.71_7 56164.46459103470261 g 13.7134 0.0152 4.5000 13.9863 0.7181 9.4414 9.6589 9.5715
0.65313.9_0.71_7 56164.47581334789720 g 13.7058 0.0152 4.5000 13.9863 0.7181 9.4414 9.6589 9.5715
0.69813.9_0.71_7 56516.34748139359726 g 13.5682 0.0153 5.0000 13.9863 0.7181 9.3233 9.5163 9.4305
0.69813.9_0.71_7 56516.35833328869921 g 13.5863 0.0153 5.0000 13.9863 0.7181 9.3233 9.5163 9.4305
0.74013.9_0.71_7 56516.34748139359726 g 13.6649 0.0152 5.5000 13.9863 0.7181 9.1927 9.3938 9.3039
0.74013.9_0.71_7 56516.35833328869921 g 13.6448 0.0153 5.5000 13.9863 0.7181 9.1927 9.3938 9.3039
0.74013.9_0.71_7 56164.46459103470261 g 13.6067 0.0153 5.5000 13.9863 0.7181 9.1927 9.3938 9.3039
0.74013.9_0.71_7 56164.47581334789720 g 13.6436 0.0153 5.5000 13.9863 0.7181 9.1927 9.3938 9.3039
0.77813.9_0.71_7 55417.38800190419715 g 13.5695 0.0153 6.0000 13.9863 0.7181 9.0602 9.2779 9.1728
0.77813.9_0.71_7 55417.51185927070037 g 13.5549 0.0153 6.0000 13.9863 0.7181 9.0602 9.2779 9.1728
0.77813.9_0.71_7 55417.49999291219865 g 13.5332 0.0153 6.0000 13.9863 0.7181 9.0602 9.2779 9.1728
0.77813.9_0.71_7 55417.37614375210251 g 13.5649 0.0153 6.0000 13.9863 0.7181 9.0602 9.2779 9.1728
1.4069.13_0.34_7 55416.40889660420362 r 19.9023 0.0584 25.5000  9.1304 0.3483 2.1414 2.4786 2.3610
1.4399.13_0.34_7 55416.40889660420362 r 19.3232 0.0377 27.5000  9.1304 0.3483 2.0486 2.3665 2.2718
1.4479.13_0.34_7 55409.58188978760154 r 17.4552 0.0100 28.0000  9.1304 0.3483 2.0128 2.3763 2.2261
1.4699.13_0.34_7 56508.41545975639747 r 17.5463 0.0106 29.5000  9.1304 0.3483 1.9617 2.2866 2.1656
1.4699.13_0.34_7 55416.40889660420362 r 21.3113 0.1761 29.5000  9.1304 0.3483 1.9617 2.2866 2.1656
1.4779.13_0.34_7 55409.58188978760154 r 21.4560 0.1977 30.0000  9.1304 0.3483 1.9243 2.2775 2.1368
