# Name Epoch Band Mag eMag period DM E(B-V) KMEAN  W1MEAN W2MEAN
lc_3.0_14.1_0.73 56453.58769365990156 g 13.9069 0.0152 3.0000 14.1206 0.7311  9.9378 10.2181 10.1706
lc_3.5_14.1_0.73 55390.41216705179977 g 13.9781 0.0152 3.5000 14.1206 0.7311  9.7324 10.0182  9.9656
lc_3.5_14.1_0.73 56453.58769365990156 g 13.6975 0.0152 3.5000 14.1206 0.7311  9.7324 10.0182  9.9656
lc_4.0_14.1_0.73 55390.41216705179977 g 13.9747 0.0152 4.0000 14.1206 0.7311  9.5544  9.8451  9.7880
lc_4.0_14.1_0.73 56453.58769365990156 g 13.8297 0.0152 4.0000 14.1206 0.7311  9.5544  9.8451  9.7880
lc_5.0_14.1_0.73 56453.58769365990156 g 13.5630 0.0153 5.0000 14.1206 0.7311  9.2570  9.5558  9.4913
lc_6.0_14.1_0.73 56453.58769365990156 g 13.6447 0.0153 6.0000 14.1206 0.7311  9.0140  9.3194  9.2488
lc_28._8.77_0.60 56443.50622669100267 r 13.6833 0.001228.5000  8.7794 0.6050  1.5811  1.9504  1.8295
lc_30._8.77_0.60 55010.39357701999688 r 16.6401 0.005930.0000  8.7794 0.6050  1.5128  1.8839  1.7613
