# Name Epoch Band Mag eMag period DM E(B-V) KMEAN  W1MEAN W2MEAN
0.47713.6_0.73_7 56156.40041091849707 g 13.7896 0.0152 3.0000 13.6049 0.7368 9.6178 9.7989 9.7187
0.47713.6_0.73_7 56156.38894022160093 g 13.8276 0.0152 3.0000 13.6049 0.7368 9.6178 9.7989 9.7187
0.47713.6_0.73_7 55777.48596784289839 g 13.5076 0.0153 3.0000 13.6049 0.7368 9.6178 9.7989 9.7187
0.47713.6_0.73_7 55034.41660329519800 g 13.7818 0.0152 3.0000 13.6049 0.7368 9.6178 9.7989 9.7187
0.47713.6_0.73_7 55034.42695102890139 g 13.7958 0.0152 3.0000 13.6049 0.7368 9.6178 9.7989 9.7187
0.47713.6_0.73_7 56543.37146319560270 g 13.7702 0.0152 3.0000 13.6049 0.7368 9.6178 9.7989 9.7187
0.47713.6_0.73_7 56543.36425906939985 g 13.7579 0.0152 3.0000 13.6049 0.7368 9.6178 9.7989 9.7187
0.54413.6_0.73_7 56156.40041091849707 g 13.6517 0.0153 3.5000 13.6049 0.7368 9.4058 9.6136 9.5292
0.54413.6_0.73_7 56156.38894022160093 g 13.6803 0.0152 3.5000 13.6049 0.7368 9.4058 9.6136 9.5292
0.60213.6_0.73_7 55034.41660329519800 g 13.5498 0.0153 4.0000 13.6049 0.7368 9.2276 9.4121 9.3441
0.60213.6_0.73_7 55034.42695102890139 g 13.5549 0.0153 4.0000 13.6049 0.7368 9.2276 9.4121 9.3441
