# Name Epoch Band Mag eMag period DM E(B-V) KMEAN  W1MEAN W2MEAN
0.47713.6_0.72_2 56148.34214222899755 g 13.7963 0.0152 3.0000 13.6860 0.7234 9.6977 9.8936 9.8273
0.47713.6_0.72_2 56460.57482560320204 g 13.8405 0.0152 3.0000 13.6860 0.7234 9.6977 9.8936 9.8273
0.47713.6_0.72_2 56148.32321404940012 g 13.7852 0.0152 3.0000 13.6860 0.7234 9.6977 9.8936 9.8273
0.47713.6_0.72_2 55014.46064327559725 g 13.8014 0.0152 3.0000 13.6860 0.7234 9.6977 9.8936 9.8273
0.47713.6_0.72_2 56453.58194443870161 g 13.5032 0.0153 3.0000 13.6860 0.7234 9.6977 9.8936 9.8273
0.47713.6_0.72_2 56453.59215427670279 g 13.5034 0.0153 3.0000 13.6860 0.7234 9.6977 9.8936 9.8273
0.47713.6_0.72_2 56460.58560543460044 g 13.8514 0.0152 3.0000 13.6860 0.7234 9.6977 9.8936 9.8273
0.54413.6_0.72_2 56460.57482560320204 g 13.5336 0.0153 3.5000 13.6860 0.7234 9.5077 9.6869 9.6021
0.54413.6_0.72_2 55390.40397532760107 g 13.7456 0.0152 3.5000 13.6860 0.7234 9.5077 9.6869 9.6021
0.54413.6_0.72_2 56453.58194443870161 g 13.5363 0.0153 3.5000 13.6860 0.7234 9.5077 9.6869 9.6021
0.54413.6_0.72_2 56453.59215427670279 g 13.5287 0.0153 3.5000 13.6860 0.7234 9.5077 9.6869 9.6021
0.54413.6_0.72_2 56460.58560543460044 g 13.5437 0.0153 3.5000 13.6860 0.7234 9.5077 9.6869 9.6021
0.60213.6_0.72_2 56148.34214222899755 g 13.5584 0.0153 4.0000 13.6860 0.7234 9.3051 9.5164 9.4320
0.60213.6_0.72_2 56460.57482560320204 g 13.5055 0.0153 4.0000 13.6860 0.7234 9.3051 9.5164 9.4320
0.60213.6_0.72_2 56148.32321404940012 g 13.5493 0.0153 4.0000 13.6860 0.7234 9.3051 9.5164 9.4320
0.60213.6_0.72_2 56460.58560543460044 g 13.5141 0.0153 4.0000 13.6860 0.7234 9.3051 9.5164 9.4320
