# Name Epoch Band Mag eMag period DM E(B-V) KMEAN  W1MEAN W2MEAN
0.47714.8_0.32_3 56455.47585775570042 g 13.6223 0.0153 3.0000 14.8447 0.3215 10.7127 10.9354 10.8102
0.47714.8_0.32_3 56455.46561881229718 g 13.6410 0.0153 3.0000 14.8447 0.3215 10.7127 10.9354 10.8102
0.9548.26_0.22_3 55353.52709163579857 r 15.2240 0.0025 9.0000  8.2661 0.2224 2.6130 2.7592 2.6978
1.0968.26_0.22_3 55353.52501961949747 r 20.2761 0.0779 12.5000  8.2661 0.2224 2.1877 2.2802 2.2120
1.1468.26_0.22_3 56087.41323629060207 r 13.5856 0.0012 14.0000  8.2661 0.2224 2.0330 2.1262 2.0474
1.1468.26_0.22_3 56087.42242452919891 r 16.5970 0.0057 14.0000  8.2661 0.2224 2.0330 2.1262 2.0474
1.2178.26_0.22_3 55745.37400565340067 r 15.8737 0.0037 16.5000  8.2661 0.2224 1.8194 1.9006 1.8191
1.2308.26_0.22_3 56545.26721668249957 r 13.8481 0.0013 17.0000  8.2661 0.2224 1.7772 1.8409 1.7955
1.2308.26_0.22_3 55745.37400565340067 r 22.1160 0.3373 17.0000  8.2661 0.2224 1.7772 1.8409 1.7955
1.2438.26_0.22_3 56087.42242452919891 r 18.7091 0.0240 17.5000  8.2661 0.2224 1.7187 1.8238 1.7462
1.2438.26_0.22_3 55745.37400565340067 r 19.9905 0.0625 17.5000  8.2661 0.2224 1.7187 1.8238 1.7462
1.2558.26_0.22_3 55353.53993912260194 r 16.4632 0.0052 18.0000  8.2661 0.2224 1.6954 1.7720 1.7113
1.2678.26_0.22_3 55353.53993912260194 r 20.6713 0.1061 18.5000  8.2661 0.2224 1.6689 1.7223 1.6754
1.2678.26_0.22_3 55353.52709163579857 r 19.0436 0.0307 18.5000  8.2661 0.2224 1.6689 1.7223 1.6754
1.2678.26_0.22_3 55353.52501961949747 r 16.6252 0.0058 18.5000  8.2661 0.2224 1.6689 1.7223 1.6754
1.2908.26_0.22_3 56087.41323629060207 r 14.3484 0.0016 19.5000  8.2661 0.2224 1.6076 1.6640 1.5966
1.3228.26_0.22_3 55353.53993912260194 r 22.4822 0.4552 21.0000  8.2661 0.2224 1.4820 1.5341 1.4848
1.3328.26_0.22_3 56545.26721668249957 r 19.6100 0.0468 21.5000  8.2661 0.2224 1.4680 1.5106 1.4881
1.3428.26_0.22_3 55353.52709163579857 r 15.5350 0.0030 22.0000  8.2661 0.2224 1.4370 1.4768 1.4609
1.3528.26_0.22_3 55353.52709163579857 r 17.4755 0.0101 22.5000  8.2661 0.2224 1.4116 1.4420 1.3995
1.3718.26_0.22_3 55745.36385779549892 r 15.2818 0.0026 23.5000  8.2661 0.2224 1.3650 1.3854 1.3434
1.3978.26_0.22_3 55745.36385779549892 r 16.3090 0.0048 25.0000  8.2661 0.2224 1.2430 1.2912 1.2583
1.4068.26_0.22_3 55745.36385779549892 r 16.1897 0.0044 25.5000  8.2661 0.2224 1.2250 1.2905 1.2292
1.4238.26_0.22_3 56087.41323629060207 r 20.9730 0.1345 26.5000  8.2661 0.2224 1.1848 1.2058 1.1625
1.4698.26_0.22_3 56087.42242452919891 r 19.0529 0.0309 29.5000  8.2661 0.2224 1.0349 1.0463 1.0217
