# Name Epoch Band Mag eMag period DM E(B-V) KMEAN  W1MEAN W2MEAN
0.47713.7_0.62_7 55770.45358178950119 g 13.6657 0.0152 3.0000 13.7448 0.6296 9.7175 9.9049 9.8427
0.47713.7_0.62_7 55770.46591355650162 g 13.6300 0.0153 3.0000 13.7448 0.6296 9.7175 9.9049 9.8427
0.47713.7_0.62_7 56571.27893770339870 g 13.6588 0.0152 3.0000 13.7448 0.6296 9.7175 9.9049 9.8427
0.47713.7_0.62_7 56571.27242061650031 g 13.6247 0.0153 3.0000 13.7448 0.6296 9.7175 9.9049 9.8427
0.47713.7_0.62_7 56535.35640268769930 g 13.6431 0.0153 3.0000 13.7448 0.6296 9.7175 9.9049 9.8427
0.47713.7_0.62_7 56535.34981759980292 g 13.6431 0.0153 3.0000 13.7448 0.6296 9.7175 9.9049 9.8427
0.47714.0_0.62_7 56156.39212135600246 g 13.6097 0.0153 3.0000 14.0812 0.6296 10.0523 10.2531 10.2031
0.47714.0_0.62_7 55770.45358178950119 g 13.9875 0.0152 3.0000 14.0812 0.6296 10.0523 10.2531 10.2031
0.47714.0_0.62_7 55770.46591355650162 g 13.9881 0.0152 3.0000 14.0812 0.6296 10.0523 10.2531 10.2031
0.47714.0_0.62_7 56571.27893770339870 g 13.9606 0.0152 3.0000 14.0812 0.6296 10.0523 10.2531 10.2031
0.47714.0_0.62_7 56571.27242061650031 g 13.9231 0.0152 3.0000 14.0812 0.6296 10.0523 10.2531 10.2031
0.47714.0_0.62_7 56535.35640268769930 g 13.9602 0.0152 3.0000 14.0812 0.6296 10.0523 10.2531 10.2031
0.47714.0_0.62_7 56535.34981759980292 g 13.9765 0.0152 3.0000 14.0812 0.6296 10.0523 10.2531 10.2031
0.47714.0_0.62_7 56156.40358633270080 g 13.5991 0.0153 3.0000 14.0812 0.6296 10.0523 10.2531 10.2031
0.47714.6_0.62_7 56156.39212135600246 g 14.1737 0.0151 3.0000 14.6110 0.6296 10.5740 10.7859 10.7241
0.47714.6_0.62_7 55770.45358178950119 g 14.5115 0.0150 3.0000 14.6110 0.6296 10.5740 10.7859 10.7241
0.47714.6_0.62_7 55770.46591355650162 g 14.5800 0.0150 3.0000 14.6110 0.6296 10.5740 10.7859 10.7241
0.47714.6_0.62_7 56571.27893770339870 g 14.5120 0.0150 3.0000 14.6110 0.6296 10.5740 10.7859 10.7241
0.47714.6_0.62_7 56571.27242061650031 g 14.5222 0.0150 3.0000 14.6110 0.6296 10.5740 10.7859 10.7241
0.47714.6_0.62_7 56535.35640268769930 g 14.5229 0.0150 3.0000 14.6110 0.6296 10.5740 10.7859 10.7241
0.47714.6_0.62_7 56535.34981759980292 g 14.5225 0.0150 3.0000 14.6110 0.6296 10.5740 10.7859 10.7241
0.47714.6_0.62_7 56156.40358633270080 g 14.1406 0.0151 3.0000 14.6110 0.6296 10.5740 10.7859 10.7241
0.54414.0_0.62_7 56156.39212135600246 g 13.5526 0.0153 3.5000 14.0812 0.6296 9.8546 10.0207 9.9853
0.54414.0_0.62_7 56535.35640268769930 g 13.7637 0.0152 3.5000 14.0812 0.6296 9.8546 10.0207 9.9853
0.54414.0_0.62_7 56535.34981759980292 g 13.7557 0.0152 3.5000 14.0812 0.6296 9.8546 10.0207 9.9853
0.54414.0_0.62_7 56156.40358633270080 g 13.5813 0.0153 3.5000 14.0812 0.6296 9.8546 10.0207 9.9853
0.54414.6_0.62_7 56156.39212135600246 g 14.1073 0.0151 3.5000 14.6110 0.6296 10.3795 10.6012 10.5092
0.54414.6_0.62_7 55417.49145806040178 g 13.9848 0.0152 3.5000 14.6110 0.6296 10.3795 10.6012 10.5092
0.54414.6_0.62_7 55417.50330049829790 g 13.9805 0.0152 3.5000 14.6110 0.6296 10.3795 10.6012 10.5092
0.54414.6_0.62_7 55770.45358178950119 g 13.6421 0.0153 3.5000 14.6110 0.6296 10.3795 10.6012 10.5092
0.54414.6_0.62_7 55770.46591355650162 g 13.7123 0.0152 3.5000 14.6110 0.6296 10.3795 10.6012 10.5092
0.54414.6_0.62_7 56535.35640268769930 g 14.3271 0.0150 3.5000 14.6110 0.6296 10.3795 10.6012 10.5092
0.54414.6_0.62_7 56535.34981759980292 g 14.3050 0.0151 3.5000 14.6110 0.6296 10.3795 10.6012 10.5092
0.54414.6_0.62_7 56156.40358633270080 g 14.1480 0.0151 3.5000 14.6110 0.6296 10.3795 10.6012 10.5092
0.54414.6_0.62_7 55777.49942950499826 g 13.6925 0.0152 3.5000 14.6110 0.6296 10.3795 10.6012 10.5092
0.54414.6_0.62_7 55777.48852662219724 g 13.6780 0.0152 3.5000 14.6110 0.6296 10.3795 10.6012 10.5092
0.60214.0_0.62_7 55770.45358178950119 g 13.5433 0.0153 4.0000 14.0812 0.6296 9.6970 9.8752 9.7986
0.60214.0_0.62_7 55770.46591355650162 g 13.5824 0.0153 4.0000 14.0812 0.6296 9.6970 9.8752 9.7986
0.60214.0_0.62_7 56571.27893770339870 g 13.6482 0.0153 4.0000 14.0812 0.6296 9.6970 9.8752 9.7986
0.60214.0_0.62_7 56571.27242061650031 g 13.6710 0.0152 4.0000 14.0812 0.6296 9.6970 9.8752 9.7986
0.60214.0_0.62_7 56535.35640268769930 g 13.6616 0.0152 4.0000 14.0812 0.6296 9.6970 9.8752 9.7986
0.60214.0_0.62_7 56535.34981759980292 g 13.6723 0.0152 4.0000 14.0812 0.6296 9.6970 9.8752 9.7986
0.60214.6_0.62_7 55417.49145806040178 g 13.7703 0.0152 4.0000 14.6110 0.6296 10.1870 10.4270 10.3437
0.60214.6_0.62_7 55417.50330049829790 g 13.8024 0.0152 4.0000 14.6110 0.6296 10.1870 10.4270 10.3437
0.60214.6_0.62_7 55770.45358178950119 g 14.0295 0.0152 4.0000 14.6110 0.6296 10.1870 10.4270 10.3437
0.60214.6_0.62_7 55770.46591355650162 g 14.1040 0.0151 4.0000 14.6110 0.6296 10.1870 10.4270 10.3437
0.60214.6_0.62_7 56571.27893770339870 g 14.1355 0.0151 4.0000 14.6110 0.6296 10.1870 10.4270 10.3437
0.60214.6_0.62_7 56571.27242061650031 g 14.1297 0.0151 4.0000 14.6110 0.6296 10.1870 10.4270 10.3437
0.60214.6_0.62_7 56535.35640268769930 g 14.0963 0.0151 4.0000 14.6110 0.6296 10.1870 10.4270 10.3437
0.60214.6_0.62_7 56535.34981759980292 g 14.1270 0.0151 4.0000 14.6110 0.6296 10.1870 10.4270 10.3437
0.60214.6_0.62_7 55777.49942950499826 g 13.8125 0.0152 4.0000 14.6110 0.6296 10.1870 10.4270 10.3437
0.60214.6_0.62_7 55777.48852662219724 g 13.8035 0.0152 4.0000 14.6110 0.6296 10.1870 10.4270 10.3437
0.65314.6_0.62_7 56156.39212135600246 g 13.5602 0.0153 4.5000 14.6110 0.6296 10.0498 10.2793 10.1728
0.65314.6_0.62_7 55770.45358178950119 g 13.9563 0.0152 4.5000 14.6110 0.6296 10.0498 10.2793 10.1728
0.65314.6_0.62_7 55770.46591355650162 g 13.9559 0.0152 4.5000 14.6110 0.6296 10.0498 10.2793 10.1728
0.65314.6_0.62_7 56571.27893770339870 g 13.8715 0.0152 4.5000 14.6110 0.6296 10.0498 10.2793 10.1728
0.65314.6_0.62_7 56571.27242061650031 g 13.8525 0.0152 4.5000 14.6110 0.6296 10.0498 10.2793 10.1728
0.65314.6_0.62_7 56535.35640268769930 g 13.9183 0.0152 4.5000 14.6110 0.6296 10.0498 10.2793 10.1728
0.65314.6_0.62_7 56535.34981759980292 g 13.9521 0.0152 4.5000 14.6110 0.6296 10.0498 10.2793 10.1728
0.65314.6_0.62_7 56156.40358633270080 g 13.6145 0.0153 4.5000 14.6110 0.6296 10.0498 10.2793 10.1728
0.69814.0_0.62_7 55417.49145806040178 g 13.5114 0.0153 5.0000 14.0812 0.6296 9.3641 9.5872 9.5021
0.69814.0_0.62_7 55417.50330049829790 g 13.5296 0.0153 5.0000 14.0812 0.6296 9.3641 9.5872 9.5021
0.69814.0_0.62_7 55777.49942950499826 g 13.5187 0.0153 5.0000 14.0812 0.6296 9.3641 9.5872 9.5021
0.69814.6_0.62_7 56156.39212135600246 g 13.8635 0.0152 5.0000 14.6110 0.6296 9.9040 10.1330 10.0431
0.69814.6_0.62_7 55417.49145806040178 g 14.0927 0.0151 5.0000 14.6110 0.6296 9.9040 10.1330 10.0431
0.69814.6_0.62_7 55417.50330049829790 g 14.0523 0.0151 5.0000 14.6110 0.6296 9.9040 10.1330 10.0431
0.69814.6_0.62_7 56571.27893770339870 g 13.7860 0.0152 5.0000 14.6110 0.6296 9.9040 10.1330 10.0431
0.69814.6_0.62_7 56571.27242061650031 g 13.7987 0.0152 5.0000 14.6110 0.6296 9.9040 10.1330 10.0431
0.69814.6_0.62_7 56156.40358633270080 g 13.8567 0.0152 5.0000 14.6110 0.6296 9.9040 10.1330 10.0431
0.69814.6_0.62_7 55777.49942950499826 g 14.0388 0.0152 5.0000 14.6110 0.6296 9.9040 10.1330 10.0431
0.69814.6_0.62_7 55777.48852662219724 g 14.0824 0.0151 5.0000 14.6110 0.6296 9.9040 10.1330 10.0431
0.74014.6_0.62_7 56156.39212135600246 g 13.7324 0.0152 5.5000 14.6110 0.6296 9.7618 9.9807 9.9203
0.74014.6_0.62_7 55770.45358178950119 g 13.5058 0.0153 5.5000 14.6110 0.6296 9.7618 9.9807 9.9203
0.74014.6_0.62_7 55770.46591355650162 g 13.5098 0.0153 5.5000 14.6110 0.6296 9.7618 9.9807 9.9203
0.74014.6_0.62_7 56535.35640268769930 g 13.6354 0.0153 5.5000 14.6110 0.6296 9.7618 9.9807 9.9203
0.74014.6_0.62_7 56535.34981759980292 g 13.6165 0.0153 5.5000 14.6110 0.6296 9.7618 9.9807 9.9203
0.74014.6_0.62_7 56156.40358633270080 g 13.7728 0.0152 5.5000 14.6110 0.6296 9.7618 9.9807 9.9203
0.74014.6_0.62_7 55777.49942950499826 g 13.9274 0.0152 5.5000 14.6110 0.6296 9.7618 9.9807 9.9203
0.74014.6_0.62_7 55777.48852662219724 g 13.9186 0.0152 5.5000 14.6110 0.6296 9.7618 9.9807 9.9203
0.77814.6_0.62_7 56156.39212135600246 g 13.8447 0.0152 6.0000 14.6110 0.6296 9.6537 9.8924 9.7932
0.77814.6_0.62_7 55417.49145806040178 g 13.7234 0.0152 6.0000 14.6110 0.6296 9.6537 9.8924 9.7932
0.77814.6_0.62_7 55417.50330049829790 g 13.7185 0.0152 6.0000 14.6110 0.6296 9.6537 9.8924 9.7932
0.77814.6_0.62_7 55770.45358178950119 g 13.5080 0.0153 6.0000 14.6110 0.6296 9.6537 9.8924 9.7932
0.77814.6_0.62_7 55770.46591355650162 g 13.5027 0.0153 6.0000 14.6110 0.6296 9.6537 9.8924 9.7932
0.77814.6_0.62_7 56571.27893770339870 g 13.5977 0.0153 6.0000 14.6110 0.6296 9.6537 9.8924 9.7932
0.77814.6_0.62_7 56571.27242061650031 g 13.5805 0.0153 6.0000 14.6110 0.6296 9.6537 9.8924 9.7932
0.77814.6_0.62_7 56535.35640268769930 g 13.5456 0.0153 6.0000 14.6110 0.6296 9.6537 9.8924 9.7932
0.77814.6_0.62_7 56535.34981759980292 g 13.5647 0.0153 6.0000 14.6110 0.6296 9.6537 9.8924 9.7932
0.77814.6_0.62_7 56156.40358633270080 g 13.8696 0.0152 6.0000 14.6110 0.6296 9.6537 9.8924 9.7932
0.77814.6_0.62_7 55777.49942950499826 g 13.7272 0.0152 6.0000 14.6110 0.6296 9.6537 9.8924 9.7932
0.77814.6_0.62_7 55777.48852662219724 g 13.7405 0.0152 6.0000 14.6110 0.6296 9.6537 9.8924 9.7932
0.81214.6_0.62_7 56156.39212135600246 g 13.7021 0.0152 6.5000 14.6110 0.6296 9.5608 9.7815 9.7107
0.81214.6_0.62_7 56156.40358633270080 g 13.7044 0.0152 6.5000 14.6110 0.6296 9.5608 9.7815 9.7107
0.84514.6_0.62_7 56156.39212135600246 g 13.8079 0.0152 7.0000 14.6110 0.6296 9.4457 9.6810 9.5694
0.84514.6_0.62_7 55770.45358178950119 g 13.7551 0.0152 7.0000 14.6110 0.6296 9.4457 9.6810 9.5694
0.84514.6_0.62_7 55770.46591355650162 g 13.7457 0.0152 7.0000 14.6110 0.6296 9.4457 9.6810 9.5694
0.84514.6_0.62_7 56156.40358633270080 g 13.8122 0.0152 7.0000 14.6110 0.6296 9.4457 9.6810 9.5694
0.84514.6_0.62_7 55777.49942950499826 g 13.7714 0.0152 7.0000 14.6110 0.6296 9.4457 9.6810 9.5694
0.84514.6_0.62_7 55777.48852662219724 g 13.7368 0.0152 7.0000 14.6110 0.6296 9.4457 9.6810 9.5694
0.87514.6_0.62_7 55770.45358178950119 g 13.5631 0.0153 7.5000 14.6110 0.6296 9.3736 9.6000 9.4938
0.87514.6_0.62_7 55770.46591355650162 g 13.5627 0.0153 7.5000 14.6110 0.6296 9.3736 9.6000 9.4938
0.87514.6_0.62_7 56535.35640268769930 g 13.5732 0.0153 7.5000 14.6110 0.6296 9.3736 9.6000 9.4938
0.87514.6_0.62_7 56535.34981759980292 g 13.5543 0.0153 7.5000 14.6110 0.6296 9.3736 9.6000 9.4938
0.90314.6_0.62_7 55417.49145806040178 g 13.6427 0.0153 8.0000 14.6110 0.6296 9.2909 9.4999 9.4228
0.90314.6_0.62_7 55417.50330049829790 g 13.6127 0.0153 8.0000 14.6110 0.6296 9.2909 9.4999 9.4228
0.90314.6_0.62_7 55770.45358178950119 g 13.5105 0.0153 8.0000 14.6110 0.6296 9.2909 9.4999 9.4228
0.90314.6_0.62_7 55770.46591355650162 g 13.5157 0.0153 8.0000 14.6110 0.6296 9.2909 9.4999 9.4228
0.90314.6_0.62_7 55777.49942950499826 g 13.6271 0.0153 8.0000 14.6110 0.6296 9.2909 9.4999 9.4228
0.90314.6_0.62_7 55777.48852662219724 g 13.5932 0.0153 8.0000 14.6110 0.6296 9.2909 9.4999 9.4228
0.92914.6_0.62_7 56156.39212135600246 g 13.5713 0.0153 8.5000 14.6110 0.6296 9.1950 9.4500 9.3400
0.92914.6_0.62_7 56571.27893770339870 g 13.6372 0.0153 8.5000 14.6110 0.6296 9.1950 9.4500 9.3400
0.92914.6_0.62_7 56571.27242061650031 g 13.6393 0.0153 8.5000 14.6110 0.6296 9.1950 9.4500 9.3400
0.92914.6_0.62_7 56156.40358633270080 g 13.5874 0.0153 8.5000 14.6110 0.6296 9.1950 9.4500 9.3400
0.97714.6_0.62_7 56571.27893770339870 g 13.5112 0.0153 9.5000 14.6110 0.6296 9.0480 9.2893 9.1819
1.04114.6_0.62_7 55417.50330049829790 g 13.5183 0.0153 11.0000 14.6110 0.6296 8.8608 9.1138 8.9983
