# Name Epoch Band Mag eMag period DM E(B-V) KMEAN  W1MEAN W2MEAN
lc_3.0_13.3_1.07 56455.53687332069967 g 13.5890 0.0153 3.0000 13.3835 1.0797  9.2421  9.5018  9.4495
lc_3.0_13.4_1.07 56455.53687332069967 g 13.7053 0.0152 3.0000 13.4774 1.0797  9.3361  9.5958  9.5434
lc_3.0_13.6_1.07 56455.53687332069967 g 13.8399 0.0152 3.0000 13.6214 1.0797  9.4800  9.7397  9.6874
lc_3.0_13.7_1.07 56455.53687332069967 g 13.9214 0.0152 3.0000 13.7018 1.0797  9.5605  9.8202  9.7678
lc_3.0_13.7_1.07 56455.53687332069967 g 13.9780 0.0152 3.0000 13.7832 1.0797  9.6418  9.9015  9.8492
lc_3.0_13.7_1.07 56463.50300065230113 r 13.5016 0.0011 3.0000 13.7832 1.0797  9.6418  9.9015  9.8492
lc_3.0_13.8_1.07 56455.53687332069967 g 14.0817 0.0151 3.0000 13.8908 1.0797  9.7494 10.0091  9.9568
lc_3.0_13.8_1.07 55353.53138918479817 r 13.5722 0.0012 3.0000 13.8908 1.0797  9.7494 10.0091  9.9568
lc_3.0_13.8_1.07 55353.54205362260109 r 13.5484 0.0012 3.0000 13.8908 1.0797  9.7494 10.0091  9.9568
lc_3.0_13.8_1.07 55353.52932373480144 r 13.5413 0.0011 3.0000 13.8908 1.0797  9.7494 10.0091  9.9568
lc_3.0_13.8_1.07 56463.50300065230113 r 13.5988 0.0012 3.0000 13.8908 1.0797  9.7494 10.0091  9.9568
lc_3.0_13.8_1.07 56463.49310437499662 r 13.5873 0.0012 3.0000 13.8908 1.0797  9.7494 10.0091  9.9568
lc_3.0_14.0_1.07 56455.53687332069967 g 14.2472 0.0151 3.0000 14.0512 1.0797  9.9098 10.1695 10.1172
lc_3.0_14.0_1.07 55353.53138918479817 r 13.7124 0.0012 3.0000 14.0512 1.0797  9.9098 10.1695 10.1172
lc_3.0_14.0_1.07 55353.54205362260109 r 13.7440 0.0012 3.0000 14.0512 1.0797  9.9098 10.1695 10.1172
lc_3.0_14.0_1.07 55353.52932373480144 r 13.7889 0.0013 3.0000 14.0512 1.0797  9.9098 10.1695 10.1172
lc_3.0_14.0_1.07 56463.50300065230113 r 13.7460 0.0012 3.0000 14.0512 1.0797  9.9098 10.1695 10.1172
lc_3.0_14.0_1.07 56463.49310437499662 r 13.7550 0.0013 3.0000 14.0512 1.0797  9.9098 10.1695 10.1172
lc_3.0_14.2_1.07 56455.53687332069967 g 14.3980 0.0150 3.0000 14.2130 1.0797 10.0717 10.3314 10.2791
lc_3.0_14.2_1.07 54995.52393502790073 r 13.6351 0.0012 3.0000 14.2130 1.0797 10.0717 10.3314 10.2791
lc_3.0_14.2_1.07 54995.51284356539691 r 13.5897 0.0012 3.0000 14.2130 1.0797 10.0717 10.3314 10.2791
lc_3.0_14.2_1.07 55353.53138918479817 r 13.9017 0.0013 3.0000 14.2130 1.0797 10.0717 10.3314 10.2791
lc_3.0_14.2_1.07 55353.54205362260109 r 13.8701 0.0013 3.0000 14.2130 1.0797 10.0717 10.3314 10.2791
lc_3.0_14.2_1.07 55353.52932373480144 r 13.9018 0.0013 3.0000 14.2130 1.0797 10.0717 10.3314 10.2791
lc_3.0_14.2_1.07 56463.50300065230113 r 13.9243 0.0013 3.0000 14.2130 1.0797 10.0717 10.3314 10.2791
lc_3.0_14.2_1.07 56463.49310437499662 r 13.9043 0.0013 3.0000 14.2130 1.0797 10.0717 10.3314 10.2791
lc_3.0_14.2_1.07 56545.26902519079886 r 13.5702 0.0012 3.0000 14.2130 1.0797 10.0717 10.3314 10.2791
lc_3.0_14.3_1.07 56455.53687332069967 g 14.6032 0.0149 3.0000 14.3897 1.0797 10.2484 10.5081 10.4558
lc_3.0_14.3_1.07 54995.52393502790073 r 13.7999 0.0013 3.0000 14.3897 1.0797 10.2484 10.5081 10.4558
lc_3.0_14.3_1.07 54995.51284356539691 r 13.7791 0.0013 3.0000 14.3897 1.0797 10.2484 10.5081 10.4558
lc_3.0_14.3_1.07 55353.53138918479817 r 14.0695 0.0014 3.0000 14.3897 1.0797 10.2484 10.5081 10.4558
lc_3.0_14.3_1.07 55353.54205362260109 r 14.0938 0.0014 3.0000 14.3897 1.0797 10.2484 10.5081 10.4558
lc_3.0_14.3_1.07 55353.52932373480144 r 14.0643 0.0014 3.0000 14.3897 1.0797 10.2484 10.5081 10.4558
lc_3.0_14.3_1.07 56463.50300065230113 r 14.1066 0.0015 3.0000 14.3897 1.0797 10.2484 10.5081 10.4558
lc_3.0_14.3_1.07 56463.49310437499662 r 14.0845 0.0014 3.0000 14.3897 1.0797 10.2484 10.5081 10.4558
lc_3.0_14.3_1.07 56545.26902519079886 r 13.7316 0.0012 3.0000 14.3897 1.0797 10.2484 10.5081 10.4558
lc_3.0_14.3_1.07 55017.44207226859726 i 13.6588 0.0153 3.0000 14.3897 1.0797 10.2484 10.5081 10.4558
lc_3.0_14.3_1.07 55017.45706023240200 i 13.7302 0.0152 3.0000 14.3897 1.0797 10.2484 10.5081 10.4558
lc_3.0_14.3_1.07 56463.48152677709732 i 13.6035 0.0153 3.0000 14.3897 1.0797 10.2484 10.5081 10.4558
lc_3.0_14.3_1.07 56463.47059995579912 i 13.6196 0.0153 3.0000 14.3897 1.0797 10.2484 10.5081 10.4558
lc_3.0_14.3_1.07 55704.49997902099858 i 13.6496 0.0153 3.0000 14.3897 1.0797 10.2484 10.5081 10.4558
lc_3.0_14.3_1.07 55704.51165645899891 i 13.6370 0.0153 3.0000 14.3897 1.0797 10.2484 10.5081 10.4558
lc_3.0_14.6_1.07 56455.53687332069967 g 14.8824 0.0149 3.0000 14.6598 1.0797 10.5185 10.7782 10.7259
lc_3.0_14.6_1.07 54995.52393502790073 r 14.0345 0.0014 3.0000 14.6598 1.0797 10.5185 10.7782 10.7259
lc_3.0_14.6_1.07 55714.47107718110055 r 13.7154 0.0012 3.0000 14.6598 1.0797 10.5185 10.7782 10.7259
lc_3.0_14.6_1.07 55714.48164867419837 r 13.7292 0.0012 3.0000 14.6598 1.0797 10.5185 10.7782 10.7259
lc_3.0_14.6_1.07 54995.51284356539691 r 14.0106 0.0014 3.0000 14.6598 1.0797 10.5185 10.7782 10.7259
lc_3.0_14.6_1.07 55353.53138918479817 r 14.3959 0.0017 3.0000 14.6598 1.0797 10.5185 10.7782 10.7259
lc_3.0_14.6_1.07 55353.54205362260109 r 14.3681 0.0016 3.0000 14.6598 1.0797 10.5185 10.7782 10.7259
lc_3.0_14.6_1.07 55353.52932373480144 r 14.3723 0.0016 3.0000 14.6598 1.0797 10.5185 10.7782 10.7259
lc_3.0_14.6_1.07 56463.50300065230113 r 14.3218 0.0016 3.0000 14.6598 1.0797 10.5185 10.7782 10.7259
lc_3.0_14.6_1.07 56463.49310437499662 r 14.3276 0.0016 3.0000 14.6598 1.0797 10.5185 10.7782 10.7259
lc_3.0_14.6_1.07 56545.26902519079886 r 14.0039 0.0014 3.0000 14.6598 1.0797 10.5185 10.7782 10.7259
lc_3.0_14.6_1.07 56455.54665100810234 r 13.6723 0.0012 3.0000 14.6598 1.0797 10.5185 10.7782 10.7259
lc_3.0_14.6_1.07 56455.53687332069967 r 13.6714 0.0012 3.0000 14.6598 1.0797 10.5185 10.7782 10.7259
lc_3.0_14.6_1.07 56470.45865895099996 i 13.5097 0.0154 3.0000 14.6598 1.0797 10.5185 10.7782 10.7259
lc_3.0_14.6_1.07 55762.43194050680177 i 13.5909 0.0153 3.0000 14.6598 1.0797 10.5185 10.7782 10.7259
lc_3.0_14.6_1.07 55762.44316653579881 i 13.5246 0.0154 3.0000 14.6598 1.0797 10.5185 10.7782 10.7259
lc_3.0_14.6_1.07 55396.29304339079681 i 13.6759 0.0153 3.0000 14.6598 1.0797 10.5185 10.7782 10.7259
lc_3.0_14.6_1.07 55396.30474804380356 i 13.6530 0.0153 3.0000 14.6598 1.0797 10.5185 10.7782 10.7259
lc_3.0_14.6_1.07 56087.55121163759759 i 13.5774 0.0153 3.0000 14.6598 1.0797 10.5185 10.7782 10.7259
lc_3.0_14.6_1.07 56087.54089198160364 i 13.5913 0.0153 3.0000 14.6598 1.0797 10.5185 10.7782 10.7259
lc_3.0_14.6_1.07 55017.44207226859726 i 13.8288 0.0151 3.0000 14.6598 1.0797 10.5185 10.7782 10.7259
lc_3.0_14.6_1.07 55017.45706023240200 i 13.9007 0.0151 3.0000 14.6598 1.0797 10.5185 10.7782 10.7259
lc_3.0_14.6_1.07 56463.48152677709732 i 13.9465 0.0150 3.0000 14.6598 1.0797 10.5185 10.7782 10.7259
lc_3.0_14.6_1.07 56463.47059995579912 i 13.8982 0.0151 3.0000 14.6598 1.0797 10.5185 10.7782 10.7259
lc_3.0_14.6_1.07 55704.49997902099858 i 13.8984 0.0151 3.0000 14.6598 1.0797 10.5185 10.7782 10.7259
lc_3.0_14.6_1.07 55704.51165645899891 i 13.8961 0.0151 3.0000 14.6598 1.0797 10.5185 10.7782 10.7259
lc_3.0_14.6_1.07 55351.51753095129970 i 13.5333 0.0154 3.0000 14.6598 1.0797 10.5185 10.7782 10.7259
lc_3.0_14.7_1.07 56455.53687332069967 g 15.0099 0.0148 3.0000 14.7976 1.0797 10.6562 10.9159 10.8636
lc_3.0_14.7_1.07 54995.52393502790073 r 14.2170 0.0015 3.0000 14.7976 1.0797 10.6562 10.9159 10.8636
lc_3.0_14.7_1.07 55714.47107718110055 r 13.8688 0.0013 3.0000 14.7976 1.0797 10.6562 10.9159 10.8636
lc_3.0_14.7_1.07 55714.48164867419837 r 13.8460 0.0013 3.0000 14.7976 1.0797 10.6562 10.9159 10.8636
lc_3.0_14.7_1.07 54995.51284356539691 r 14.1555 0.0015 3.0000 14.7976 1.0797 10.6562 10.9159 10.8636
lc_3.0_14.7_1.07 55353.53138918479817 r 14.4673 0.0017 3.0000 14.7976 1.0797 10.6562 10.9159 10.8636
lc_3.0_14.7_1.07 55353.54205362260109 r 14.4624 0.0017 3.0000 14.7976 1.0797 10.6562 10.9159 10.8636
lc_3.0_14.7_1.07 55353.52932373480144 r 14.4898 0.0017 3.0000 14.7976 1.0797 10.6562 10.9159 10.8636
lc_3.0_14.7_1.07 56463.50300065230113 r 14.5201 0.0018 3.0000 14.7976 1.0797 10.6562 10.9159 10.8636
lc_3.0_14.7_1.07 56463.49310437499662 r 14.4374 0.0017 3.0000 14.7976 1.0797 10.6562 10.9159 10.8636
lc_3.0_14.7_1.07 56545.26902519079886 r 14.0974 0.0015 3.0000 14.7976 1.0797 10.6562 10.9159 10.8636
lc_3.0_14.7_1.07 56455.54665100810234 r 13.8355 0.0013 3.0000 14.7976 1.0797 10.6562 10.9159 10.8636
lc_3.0_14.7_1.07 56455.53687332069967 r 13.8360 0.0013 3.0000 14.7976 1.0797 10.6562 10.9159 10.8636
lc_3.0_14.7_1.07 56470.45865895099996 i 13.7034 0.0152 3.0000 14.7976 1.0797 10.6562 10.9159 10.8636
lc_3.0_14.7_1.07 55762.43194050680177 i 13.6864 0.0152 3.0000 14.7976 1.0797 10.6562 10.9159 10.8636
lc_3.0_14.7_1.07 55762.44316653579881 i 13.6726 0.0153 3.0000 14.7976 1.0797 10.6562 10.9159 10.8636
lc_3.0_14.7_1.07 55396.29304339079681 i 13.7894 0.0152 3.0000 14.7976 1.0797 10.6562 10.9159 10.8636
lc_3.0_14.7_1.07 55396.30474804380356 i 13.8118 0.0151 3.0000 14.7976 1.0797 10.6562 10.9159 10.8636
lc_3.0_14.7_1.07 56087.55121163759759 i 13.7438 0.0152 3.0000 14.7976 1.0797 10.6562 10.9159 10.8636
lc_3.0_14.7_1.07 56087.54089198160364 i 13.8094 0.0151 3.0000 14.7976 1.0797 10.6562 10.9159 10.8636
lc_3.0_14.7_1.07 55017.44207226859726 i 14.0530 0.0149 3.0000 14.7976 1.0797 10.6562 10.9159 10.8636
lc_3.0_14.7_1.07 55017.45706023240200 i 14.0457 0.0149 3.0000 14.7976 1.0797 10.6562 10.9159 10.8636
lc_3.0_14.7_1.07 56463.48152677709732 i 14.0810 0.0149 3.0000 14.7976 1.0797 10.6562 10.9159 10.8636
lc_3.0_14.7_1.07 56463.47059995579912 i 14.0347 0.0149 3.0000 14.7976 1.0797 10.6562 10.9159 10.8636
lc_3.0_14.7_1.07 55704.49997902099858 i 14.0404 0.0149 3.0000 14.7976 1.0797 10.6562 10.9159 10.8636
lc_3.0_14.7_1.07 55704.51165645899891 i 14.0092 0.0150 3.0000 14.7976 1.0797 10.6562 10.9159 10.8636
lc_3.0_14.7_1.07 55351.50708743010182 i 13.6734 0.0153 3.0000 14.7976 1.0797 10.6562 10.9159 10.8636
lc_3.0_14.7_1.07 55351.50640510489757 i 13.6437 0.0153 3.0000 14.7976 1.0797 10.6562 10.9159 10.8636
lc_3.0_14.7_1.07 55351.51825281330093 i 13.6947 0.0152 3.0000 14.7976 1.0797 10.6562 10.9159 10.8636
lc_3.0_14.7_1.07 55351.51753095129970 i 13.6564 0.0153 3.0000 14.7976 1.0797 10.6562 10.9159 10.8636
lc_3.0_14.9_1.07 56455.53687332069967 g 15.1863 0.0148 3.0000 14.9782 1.0797 10.8368 11.0965 11.0442
lc_3.0_14.9_1.07 54995.52393502790073 r 14.3290 0.0016 3.0000 14.9782 1.0797 10.8368 11.0965 11.0442
lc_3.0_14.9_1.07 55714.47107718110055 r 14.0062 0.0014 3.0000 14.9782 1.0797 10.8368 11.0965 11.0442
lc_3.0_14.9_1.07 55714.48164867419837 r 14.0869 0.0014 3.0000 14.9782 1.0797 10.8368 11.0965 11.0442
lc_3.0_14.9_1.07 54995.51284356539691 r 14.3736 0.0016 3.0000 14.9782 1.0797 10.8368 11.0965 11.0442
lc_3.0_14.9_1.07 55353.53138918479817 r 14.6780 0.0019 3.0000 14.9782 1.0797 10.8368 11.0965 11.0442
lc_3.0_14.9_1.07 55353.54205362260109 r 14.6795 0.0019 3.0000 14.9782 1.0797 10.8368 11.0965 11.0442
lc_3.0_14.9_1.07 55353.52932373480144 r 14.6469 0.0019 3.0000 14.9782 1.0797 10.8368 11.0965 11.0442
lc_3.0_14.9_1.07 56463.50300065230113 r 14.7096 0.0019 3.0000 14.9782 1.0797 10.8368 11.0965 11.0442
lc_3.0_14.9_1.07 56463.49310437499662 r 14.6969 0.0019 3.0000 14.9782 1.0797 10.8368 11.0965 11.0442
lc_3.0_14.9_1.07 56545.26902519079886 r 14.3115 0.0016 3.0000 14.9782 1.0797 10.8368 11.0965 11.0442
lc_3.0_14.9_1.07 56455.54665100810234 r 14.0196 0.0014 3.0000 14.9782 1.0797 10.8368 11.0965 11.0442
lc_3.0_14.9_1.07 56455.53687332069967 r 13.9764 0.0014 3.0000 14.9782 1.0797 10.8368 11.0965 11.0442
lc_3.0_14.9_1.07 56470.45865895099996 i 13.9115 0.0150 3.0000 14.9782 1.0797 10.8368 11.0965 11.0442
lc_3.0_14.9_1.07 55762.43194050680177 i 13.8881 0.0151 3.0000 14.9782 1.0797 10.8368 11.0965 11.0442
lc_3.0_14.9_1.07 55762.44316653579881 i 13.9304 0.0150 3.0000 14.9782 1.0797 10.8368 11.0965 11.0442
lc_3.0_14.9_1.07 55396.29304339079681 i 14.0073 0.0150 3.0000 14.9782 1.0797 10.8368 11.0965 11.0442
lc_3.0_14.9_1.07 55396.30474804380356 i 13.9796 0.0150 3.0000 14.9782 1.0797 10.8368 11.0965 11.0442
lc_3.0_14.9_1.07 56087.55121163759759 i 13.9344 0.0150 3.0000 14.9782 1.0797 10.8368 11.0965 11.0442
lc_3.0_14.9_1.07 56087.54089198160364 i 13.9537 0.0150 3.0000 14.9782 1.0797 10.8368 11.0965 11.0442
lc_3.0_14.9_1.07 55017.44207226859726 i 14.2133 0.0148 3.0000 14.9782 1.0797 10.8368 11.0965 11.0442
lc_3.0_14.9_1.07 55017.45706023240200 i 14.2763 0.0148 3.0000 14.9782 1.0797 10.8368 11.0965 11.0442
lc_3.0_14.9_1.07 56463.48152677709732 i 14.2229 0.0148 3.0000 14.9782 1.0797 10.8368 11.0965 11.0442
lc_3.0_14.9_1.07 56463.47059995579912 i 14.2455 0.0148 3.0000 14.9782 1.0797 10.8368 11.0965 11.0442
lc_3.0_14.9_1.07 55704.49997902099858 i 14.2261 0.0148 3.0000 14.9782 1.0797 10.8368 11.0965 11.0442
lc_3.0_14.9_1.07 55704.51165645899891 i 14.2690 0.0148 3.0000 14.9782 1.0797 10.8368 11.0965 11.0442
lc_3.0_14.9_1.07 55351.50708743010182 i 13.8709 0.0151 3.0000 14.9782 1.0797 10.8368 11.0965 11.0442
lc_3.0_14.9_1.07 55351.50640510489757 i 13.8832 0.0151 3.0000 14.9782 1.0797 10.8368 11.0965 11.0442
lc_3.0_14.9_1.07 55351.51825281330093 i 13.8449 0.0151 3.0000 14.9782 1.0797 10.8368 11.0965 11.0442
lc_3.0_14.9_1.07 55351.51753095129970 i 13.7857 0.0152 3.0000 14.9782 1.0797 10.8368 11.0965 11.0442
lc_3.5_13.4_1.07 56455.53687332069967 g 13.5477 0.0153 3.5000 13.4774 1.0797  9.1306  9.3959  9.3384
lc_3.5_13.6_1.07 56455.53687332069967 g 13.7051 0.0152 3.5000 13.6214 1.0797  9.2746  9.5399  9.4824
lc_3.5_13.7_1.07 56455.53687332069967 g 13.7668 0.0152 3.5000 13.7018 1.0797  9.3550  9.6203  9.5628
lc_3.5_13.7_1.07 56455.53687332069967 g 13.8708 0.0152 3.5000 13.7832 1.0797  9.4364  9.7017  9.6442
lc_3.5_13.8_1.07 56455.53687332069967 g 13.9871 0.0152 3.5000 13.8908 1.0797  9.5440  9.8092  9.7518
lc_3.5_14.0_1.07 56455.53687332069967 g 14.1526 0.0151 3.5000 14.0512 1.0797  9.7044  9.9696  9.9122
lc_3.5_14.0_1.07 56545.26902519079886 r 13.5939 0.0012 3.5000 14.0512 1.0797  9.7044  9.9696  9.9122
lc_3.5_14.2_1.07 56455.53687332069967 g 14.3162 0.0150 3.5000 14.2130 1.0797  9.8663 10.1315 10.0741
lc_3.5_14.2_1.07 54995.52393502790073 r 13.6386 0.0012 3.5000 14.2130 1.0797  9.8663 10.1315 10.0741
lc_3.5_14.2_1.07 54995.51284356539691 r 13.7011 0.0012 3.5000 14.2130 1.0797  9.8663 10.1315 10.0741
lc_3.5_14.2_1.07 56545.26902519079886 r 13.7228 0.0012 3.5000 14.2130 1.0797  9.8663 10.1315 10.0741
lc_3.5_14.3_1.07 56455.53687332069967 g 14.4489 0.0150 3.5000 14.3897 1.0797 10.0429 10.3082 10.2508
lc_3.5_14.3_1.07 54995.52393502790073 r 13.7811 0.0013 3.5000 14.3897 1.0797 10.0429 10.3082 10.2508
lc_3.5_14.3_1.07 55714.47107718110055 r 13.5016 0.0011 3.5000 14.3897 1.0797 10.0429 10.3082 10.2508
lc_3.5_14.3_1.07 55714.48164867419837 r 13.5742 0.0012 3.5000 14.3897 1.0797 10.0429 10.3082 10.2508
lc_3.5_14.3_1.07 54995.51284356539691 r 13.7838 0.0013 3.5000 14.3897 1.0797 10.0429 10.3082 10.2508
lc_3.5_14.3_1.07 56463.50300065230113 r 13.5427 0.0011 3.5000 14.3897 1.0797 10.0429 10.3082 10.2508
lc_3.5_14.3_1.07 56463.49310437499662 r 13.6303 0.0012 3.5000 14.3897 1.0797 10.0429 10.3082 10.2508
lc_3.5_14.3_1.07 56545.26902519079886 r 13.8592 0.0013 3.5000 14.3897 1.0797 10.0429 10.3082 10.2508
lc_3.5_14.6_1.07 56455.53687332069967 g 14.7537 0.0149 3.5000 14.6598 1.0797 10.3130 10.5783 10.5209
lc_3.5_14.6_1.07 54995.52393502790073 r 14.1115 0.0015 3.5000 14.6598 1.0797 10.3130 10.5783 10.5209
lc_3.5_14.6_1.07 55714.47107718110055 r 13.8387 0.0013 3.5000 14.6598 1.0797 10.3130 10.5783 10.5209
lc_3.5_14.6_1.07 55714.48164867419837 r 13.8487 0.0013 3.5000 14.6598 1.0797 10.3130 10.5783 10.5209
lc_3.5_14.6_1.07 54995.51284356539691 r 14.0873 0.0014 3.5000 14.6598 1.0797 10.3130 10.5783 10.5209
lc_3.5_14.6_1.07 55353.53138918479817 r 13.6441 0.0012 3.5000 14.6598 1.0797 10.3130 10.5783 10.5209
lc_3.5_14.6_1.07 55353.54205362260109 r 13.6719 0.0012 3.5000 14.6598 1.0797 10.3130 10.5783 10.5209
lc_3.5_14.6_1.07 55353.52932373480144 r 13.6435 0.0012 3.5000 14.6598 1.0797 10.3130 10.5783 10.5209
lc_3.5_14.6_1.07 56463.50300065230113 r 13.8441 0.0013 3.5000 14.6598 1.0797 10.3130 10.5783 10.5209
lc_3.5_14.6_1.07 56463.49310437499662 r 13.8636 0.0013 3.5000 14.6598 1.0797 10.3130 10.5783 10.5209
lc_3.5_14.6_1.07 56545.26902519079886 r 14.2208 0.0015 3.5000 14.6598 1.0797 10.3130 10.5783 10.5209
lc_3.5_14.6_1.07 56455.54665100810234 r 13.5484 0.0012 3.5000 14.6598 1.0797 10.3130 10.5783 10.5209
lc_3.5_14.6_1.07 56455.53687332069967 r 13.5044 0.0011 3.5000 14.6598 1.0797 10.3130 10.5783 10.5209
lc_3.5_14.6_1.07 55396.29304339079681 i 13.5307 0.0154 3.5000 14.6598 1.0797 10.3130 10.5783 10.5209
lc_3.5_14.6_1.07 56087.55121163759759 i 13.5936 0.0153 3.5000 14.6598 1.0797 10.3130 10.5783 10.5209
lc_3.5_14.6_1.07 56087.54089198160364 i 13.5888 0.0153 3.5000 14.6598 1.0797 10.3130 10.5783 10.5209
lc_3.5_14.6_1.07 55704.49997902099858 i 13.6343 0.0153 3.5000 14.6598 1.0797 10.3130 10.5783 10.5209
lc_3.5_14.6_1.07 55704.51165645899891 i 13.5588 0.0154 3.5000 14.6598 1.0797 10.3130 10.5783 10.5209
lc_3.5_14.6_1.07 55351.50708743010182 i 13.7100 0.0152 3.5000 14.6598 1.0797 10.3130 10.5783 10.5209
lc_3.5_14.6_1.07 55351.50640510489757 i 13.7339 0.0152 3.5000 14.6598 1.0797 10.3130 10.5783 10.5209
lc_3.5_14.6_1.07 55351.51825281330093 i 13.6871 0.0152 3.5000 14.6598 1.0797 10.3130 10.5783 10.5209
lc_3.5_14.6_1.07 55351.51753095129970 i 13.6382 0.0153 3.5000 14.6598 1.0797 10.3130 10.5783 10.5209
lc_3.5_14.7_1.07 56455.53687332069967 g 14.8740 0.0149 3.5000 14.7976 1.0797 10.4508 10.7161 10.6586
lc_3.5_14.7_1.07 54995.52393502790073 r 14.2421 0.0016 3.5000 14.7976 1.0797 10.4508 10.7161 10.6586
lc_3.5_14.7_1.07 55714.47107718110055 r 13.9660 0.0014 3.5000 14.7976 1.0797 10.4508 10.7161 10.6586
lc_3.5_14.7_1.07 55714.48164867419837 r 13.9571 0.0014 3.5000 14.7976 1.0797 10.4508 10.7161 10.6586
lc_3.5_14.7_1.07 54995.51284356539691 r 14.2004 0.0015 3.5000 14.7976 1.0797 10.4508 10.7161 10.6586
lc_3.5_14.7_1.07 55353.53138918479817 r 13.8008 0.0013 3.5000 14.7976 1.0797 10.4508 10.7161 10.6586
lc_3.5_14.7_1.07 55353.54205362260109 r 13.8253 0.0013 3.5000 14.7976 1.0797 10.4508 10.7161 10.6586
lc_3.5_14.7_1.07 55353.52932373480144 r 13.7743 0.0013 3.5000 14.7976 1.0797 10.4508 10.7161 10.6586
lc_3.5_14.7_1.07 56463.50300065230113 r 13.9754 0.0014 3.5000 14.7976 1.0797 10.4508 10.7161 10.6586
lc_3.5_14.7_1.07 56463.49310437499662 r 13.9896 0.0014 3.5000 14.7976 1.0797 10.4508 10.7161 10.6586
lc_3.5_14.7_1.07 56545.26902519079886 r 14.3160 0.0016 3.5000 14.7976 1.0797 10.4508 10.7161 10.6586
lc_3.5_14.7_1.07 56455.54665100810234 r 13.6528 0.0012 3.5000 14.7976 1.0797 10.4508 10.7161 10.6586
lc_3.5_14.7_1.07 56455.53687332069967 r 13.6427 0.0012 3.5000 14.7976 1.0797 10.4508 10.7161 10.6586
lc_3.5_14.7_1.07 56470.45865895099996 i 13.5740 0.0153 3.5000 14.7976 1.0797 10.4508 10.7161 10.6586
lc_3.5_14.7_1.07 55762.43194050680177 i 13.5575 0.0154 3.5000 14.7976 1.0797 10.4508 10.7161 10.6586
lc_3.5_14.7_1.07 55762.44316653579881 i 13.5219 0.0154 3.5000 14.7976 1.0797 10.4508 10.7161 10.6586
lc_3.5_14.7_1.07 55396.29304339079681 i 13.6364 0.0153 3.5000 14.7976 1.0797 10.4508 10.7161 10.6586
lc_3.5_14.7_1.07 55396.30474804380356 i 13.6618 0.0153 3.5000 14.7976 1.0797 10.4508 10.7161 10.6586
lc_3.5_14.7_1.07 56087.55121163759759 i 13.7615 0.0152 3.5000 14.7976 1.0797 10.4508 10.7161 10.6586
lc_3.5_14.7_1.07 56087.54089198160364 i 13.7908 0.0152 3.5000 14.7976 1.0797 10.4508 10.7161 10.6586
lc_3.5_14.7_1.07 55017.44207226859726 i 13.5840 0.0153 3.5000 14.7976 1.0797 10.4508 10.7161 10.6586
lc_3.5_14.7_1.07 55017.45706023240200 i 13.5365 0.0154 3.5000 14.7976 1.0797 10.4508 10.7161 10.6586
lc_3.5_14.7_1.07 56463.48152677709732 i 13.5850 0.0153 3.5000 14.7976 1.0797 10.4508 10.7161 10.6586
lc_3.5_14.7_1.07 56463.47059995579912 i 13.6085 0.0153 3.5000 14.7976 1.0797 10.4508 10.7161 10.6586
lc_3.5_14.7_1.07 55704.49997902099858 i 13.7339 0.0152 3.5000 14.7976 1.0797 10.4508 10.7161 10.6586
lc_3.5_14.7_1.07 55704.51165645899891 i 13.7819 0.0152 3.5000 14.7976 1.0797 10.4508 10.7161 10.6586
lc_3.5_14.7_1.07 55351.50708743010182 i 13.8318 0.0151 3.5000 14.7976 1.0797 10.4508 10.7161 10.6586
lc_3.5_14.7_1.07 55351.50640510489757 i 13.8870 0.0151 3.5000 14.7976 1.0797 10.4508 10.7161 10.6586
lc_3.5_14.7_1.07 55351.51825281330093 i 13.8618 0.0151 3.5000 14.7976 1.0797 10.4508 10.7161 10.6586
lc_3.5_14.7_1.07 55351.51753095129970 i 13.8176 0.0151 3.5000 14.7976 1.0797 10.4508 10.7161 10.6586
lc_3.5_14.9_1.07 56455.53687332069967 g 15.0500 0.0148 3.5000 14.9782 1.0797 10.6314 10.8967 10.8392
lc_3.5_14.9_1.07 54995.52393502790073 r 14.4226 0.0017 3.5000 14.9782 1.0797 10.6314 10.8967 10.8392
lc_3.5_14.9_1.07 55714.47107718110055 r 14.1579 0.0015 3.5000 14.9782 1.0797 10.6314 10.8967 10.8392
lc_3.5_14.9_1.07 55714.48164867419837 r 14.1241 0.0015 3.5000 14.9782 1.0797 10.6314 10.8967 10.8392
lc_3.5_14.9_1.07 54995.51284356539691 r 14.4491 0.0017 3.5000 14.9782 1.0797 10.6314 10.8967 10.8392
lc_3.5_14.9_1.07 55353.53138918479817 r 13.9974 0.0014 3.5000 14.9782 1.0797 10.6314 10.8967 10.8392
lc_3.5_14.9_1.07 55353.54205362260109 r 13.9769 0.0014 3.5000 14.9782 1.0797 10.6314 10.8967 10.8392
lc_3.5_14.9_1.07 55353.52932373480144 r 13.9810 0.0014 3.5000 14.9782 1.0797 10.6314 10.8967 10.8392
lc_3.5_14.9_1.07 56463.50300065230113 r 14.1567 0.0015 3.5000 14.9782 1.0797 10.6314 10.8967 10.8392
lc_3.5_14.9_1.07 56463.49310437499662 r 14.1486 0.0015 3.5000 14.9782 1.0797 10.6314 10.8967 10.8392
lc_3.5_14.9_1.07 56545.26902519079886 r 14.4635 0.0017 3.5000 14.9782 1.0797 10.6314 10.8967 10.8392
lc_3.5_14.9_1.07 56455.54665100810234 r 13.8259 0.0013 3.5000 14.9782 1.0797 10.6314 10.8967 10.8392
lc_3.5_14.9_1.07 56455.53687332069967 r 13.8618 0.0013 3.5000 14.9782 1.0797 10.6314 10.8967 10.8392
lc_3.5_14.9_1.07 56470.45865895099996 i 13.7356 0.0152 3.5000 14.9782 1.0797 10.6314 10.8967 10.8392
lc_3.5_14.9_1.07 55762.43194050680177 i 13.7330 0.0152 3.5000 14.9782 1.0797 10.6314 10.8967 10.8392
lc_3.5_14.9_1.07 55762.44316653579881 i 13.6908 0.0152 3.5000 14.9782 1.0797 10.6314 10.8967 10.8392
lc_3.5_14.9_1.07 55396.29304339079681 i 13.7641 0.0152 3.5000 14.9782 1.0797 10.6314 10.8967 10.8392
lc_3.5_14.9_1.07 55396.30474804380356 i 13.7951 0.0151 3.5000 14.9782 1.0797 10.6314 10.8967 10.8392
lc_3.5_14.9_1.07 56087.55121163759759 i 13.9651 0.0150 3.5000 14.9782 1.0797 10.6314 10.8967 10.8392
lc_3.5_14.9_1.07 56087.54089198160364 i 13.8583 0.0151 3.5000 14.9782 1.0797 10.6314 10.8967 10.8392
lc_3.5_14.9_1.07 55017.44207226859726 i 13.7193 0.0152 3.5000 14.9782 1.0797 10.6314 10.8967 10.8392
lc_3.5_14.9_1.07 55017.45706023240200 i 13.7294 0.0152 3.5000 14.9782 1.0797 10.6314 10.8967 10.8392
lc_3.5_14.9_1.07 56463.48152677709732 i 13.7531 0.0152 3.5000 14.9782 1.0797 10.6314 10.8967 10.8392
lc_3.5_14.9_1.07 56463.47059995579912 i 13.7509 0.0152 3.5000 14.9782 1.0797 10.6314 10.8967 10.8392
lc_3.5_14.9_1.07 55704.49997902099858 i 13.8910 0.0151 3.5000 14.9782 1.0797 10.6314 10.8967 10.8392
lc_3.5_14.9_1.07 55704.51165645899891 i 13.8726 0.0151 3.5000 14.9782 1.0797 10.6314 10.8967 10.8392
lc_3.5_14.9_1.07 55351.50708743010182 i 14.0103 0.0150 3.5000 14.9782 1.0797 10.6314 10.8967 10.8392
lc_3.5_14.9_1.07 55351.50640510489757 i 14.0332 0.0149 3.5000 14.9782 1.0797 10.6314 10.8967 10.8392
lc_3.5_14.9_1.07 55351.51825281330093 i 14.0646 0.0149 3.5000 14.9782 1.0797 10.6314 10.8967 10.8392
lc_3.5_14.9_1.07 55351.51753095129970 i 14.0210 0.0150 3.5000 14.9782 1.0797 10.6314 10.8967 10.8392
lc_4.0_13.1_1.07 56455.53687332069967 g 13.5583 0.0153 4.0000 13.1470 1.0797  8.6223  8.8924  8.8305
lc_4.0_13.2_1.07 56455.53687332069967 g 13.6618 0.0152 4.0000 13.2661 1.0797  8.7413  9.0114  8.9495
lc_4.0_13.3_1.07 56455.53687332069967 g 13.7961 0.0152 4.0000 13.3835 1.0797  8.8587  9.1288  9.0669
lc_4.0_13.4_1.07 56455.53687332069967 g 13.8923 0.0152 4.0000 13.4774 1.0797  8.9527  9.2228  9.1608
lc_4.0_13.6_1.07 56455.53687332069967 g 14.0512 0.0151 4.0000 13.6214 1.0797  9.0966  9.3667  9.3048
lc_4.0_13.7_1.07 56455.53687332069967 g 14.1116 0.0151 4.0000 13.7018 1.0797  9.1771  9.4472  9.3853
lc_4.0_13.7_1.07 56455.53687332069967 g 14.2006 0.0151 4.0000 13.7832 1.0797  9.2584  9.5285  9.4666
lc_4.0_13.8_1.07 56455.53687332069967 g 14.3136 0.0150 4.0000 13.8908 1.0797  9.3660  9.6361  9.5742
lc_4.0_14.0_1.07 56455.53687332069967 g 14.4877 0.0150 4.0000 14.0512 1.0797  9.5264  9.7965  9.7346
lc_4.0_14.0_1.07 55353.53138918479817 r 13.5394 0.0011 4.0000 14.0512 1.0797  9.5264  9.7965  9.7346
lc_4.0_14.0_1.07 56545.26902519079886 r 13.5013 0.0011 4.0000 14.0512 1.0797  9.5264  9.7965  9.7346
lc_4.0_14.2_1.07 56455.53687332069967 g 14.6401 0.0149 4.0000 14.2130 1.0797  9.6883  9.9584  9.8965
lc_4.0_14.2_1.07 55353.53138918479817 r 13.6375 0.0012 4.0000 14.2130 1.0797  9.6883  9.9584  9.8965
lc_4.0_14.2_1.07 55353.54205362260109 r 13.6505 0.0012 4.0000 14.2130 1.0797  9.6883  9.9584  9.8965
lc_4.0_14.2_1.07 55353.52932373480144 r 13.6052 0.0012 4.0000 14.2130 1.0797  9.6883  9.9584  9.8965
lc_4.0_14.2_1.07 56545.26902519079886 r 13.6496 0.0012 4.0000 14.2130 1.0797  9.6883  9.9584  9.8965
lc_4.0_14.3_1.07 56455.53687332069967 g 14.7993 0.0149 4.0000 14.3897 1.0797  9.8650 10.1351 10.0732
lc_4.0_14.3_1.07 55353.53138918479817 r 13.8335 0.0013 4.0000 14.3897 1.0797  9.8650 10.1351 10.0732
lc_4.0_14.3_1.07 55353.54205362260109 r 13.8441 0.0013 4.0000 14.3897 1.0797  9.8650 10.1351 10.0732
lc_4.0_14.3_1.07 55353.52932373480144 r 13.8402 0.0013 4.0000 14.3897 1.0797  9.8650 10.1351 10.0732
lc_4.0_14.3_1.07 56545.26902519079886 r 13.7720 0.0013 4.0000 14.3897 1.0797  9.8650 10.1351 10.0732
lc_4.0_14.6_1.07 56455.53687332069967 g 15.0600 0.0148 4.0000 14.6598 1.0797 10.1351 10.4052 10.3433
lc_4.0_14.6_1.07 54995.52393502790073 r 13.6836 0.0012 4.0000 14.6598 1.0797 10.1351 10.4052 10.3433
lc_4.0_14.6_1.07 54995.51284356539691 r 13.6606 0.0012 4.0000 14.6598 1.0797 10.1351 10.4052 10.3433
lc_4.0_14.6_1.07 55353.53138918479817 r 14.1164 0.0015 4.0000 14.6598 1.0797 10.1351 10.4052 10.3433
lc_4.0_14.6_1.07 55353.54205362260109 r 14.0732 0.0014 4.0000 14.6598 1.0797 10.1351 10.4052 10.3433
lc_4.0_14.6_1.07 55353.52932373480144 r 14.1004 0.0015 4.0000 14.6598 1.0797 10.1351 10.4052 10.3433
lc_4.0_14.6_1.07 56463.50300065230113 r 13.6607 0.0012 4.0000 14.6598 1.0797 10.1351 10.4052 10.3433
lc_4.0_14.6_1.07 56463.49310437499662 r 13.6330 0.0012 4.0000 14.6598 1.0797 10.1351 10.4052 10.3433
lc_4.0_14.6_1.07 56545.26902519079886 r 14.0925 0.0014 4.0000 14.6598 1.0797 10.1351 10.4052 10.3433
lc_4.0_14.6_1.07 56455.54665100810234 r 13.6707 0.0012 4.0000 14.6598 1.0797 10.1351 10.4052 10.3433
lc_4.0_14.6_1.07 56455.53687332069967 r 13.6850 0.0012 4.0000 14.6598 1.0797 10.1351 10.4052 10.3433
lc_4.0_14.6_1.07 55396.29304339079681 i 13.5069 0.0154 4.0000 14.6598 1.0797 10.1351 10.4052 10.3433
lc_4.0_14.6_1.07 55017.44207226859726 i 13.6468 0.0153 4.0000 14.6598 1.0797 10.1351 10.4052 10.3433
lc_4.0_14.6_1.07 55017.45706023240200 i 13.7014 0.0152 4.0000 14.6598 1.0797 10.1351 10.4052 10.3433
lc_4.0_14.6_1.07 55704.51165645899891 i 13.5551 0.0154 4.0000 14.6598 1.0797 10.1351 10.4052 10.3433
lc_4.0_14.7_1.07 56455.53687332069967 g 15.1992 0.0148 4.0000 14.7976 1.0797 10.2728 10.5430 10.4810
lc_4.0_14.7_1.07 54995.52393502790073 r 13.8148 0.0013 4.0000 14.7976 1.0797 10.2728 10.5430 10.4810
lc_4.0_14.7_1.07 55714.47107718110055 r 13.5172 0.0011 4.0000 14.7976 1.0797 10.2728 10.5430 10.4810
lc_4.0_14.7_1.07 55714.48164867419837 r 13.5746 0.0012 4.0000 14.7976 1.0797 10.2728 10.5430 10.4810
lc_4.0_14.7_1.07 54995.51284356539691 r 13.7844 0.0013 4.0000 14.7976 1.0797 10.2728 10.5430 10.4810
lc_4.0_14.7_1.07 55353.53138918479817 r 14.2467 0.0016 4.0000 14.7976 1.0797 10.2728 10.5430 10.4810
lc_4.0_14.7_1.07 55353.54205362260109 r 14.2248 0.0015 4.0000 14.7976 1.0797 10.2728 10.5430 10.4810
lc_4.0_14.7_1.07 55353.52932373480144 r 14.2276 0.0015 4.0000 14.7976 1.0797 10.2728 10.5430 10.4810
lc_4.0_14.7_1.07 56463.50300065230113 r 13.7967 0.0013 4.0000 14.7976 1.0797 10.2728 10.5430 10.4810
lc_4.0_14.7_1.07 56463.49310437499662 r 13.7906 0.0013 4.0000 14.7976 1.0797 10.2728 10.5430 10.4810
lc_4.0_14.7_1.07 56545.26902519079886 r 14.1912 0.0015 4.0000 14.7976 1.0797 10.2728 10.5430 10.4810
lc_4.0_14.7_1.07 56455.54665100810234 r 13.8312 0.0013 4.0000 14.7976 1.0797 10.2728 10.5430 10.4810
lc_4.0_14.7_1.07 56455.53687332069967 r 13.8117 0.0013 4.0000 14.7976 1.0797 10.2728 10.5430 10.4810
lc_4.0_14.7_1.07 55396.29304339079681 i 13.6438 0.0153 4.0000 14.7976 1.0797 10.2728 10.5430 10.4810
lc_4.0_14.7_1.07 55396.30474804380356 i 13.6834 0.0152 4.0000 14.7976 1.0797 10.2728 10.5430 10.4810
lc_4.0_14.7_1.07 55017.44207226859726 i 13.7890 0.0152 4.0000 14.7976 1.0797 10.2728 10.5430 10.4810
lc_4.0_14.7_1.07 55017.45706023240200 i 13.7959 0.0151 4.0000 14.7976 1.0797 10.2728 10.5430 10.4810
lc_4.0_14.7_1.07 55704.49997902099858 i 13.6573 0.0153 4.0000 14.7976 1.0797 10.2728 10.5430 10.4810
lc_4.0_14.7_1.07 55704.51165645899891 i 13.6488 0.0153 4.0000 14.7976 1.0797 10.2728 10.5430 10.4810
lc_4.0_14.9_1.07 56455.53687332069967 g 15.3895 0.0149 4.0000 14.9782 1.0797 10.4534 10.7235 10.6616
lc_4.0_14.9_1.07 54995.52393502790073 r 13.9746 0.0014 4.0000 14.9782 1.0797 10.4534 10.7235 10.6616
lc_4.0_14.9_1.07 55714.47107718110055 r 13.7921 0.0013 4.0000 14.9782 1.0797 10.4534 10.7235 10.6616
lc_4.0_14.9_1.07 55714.48164867419837 r 13.7132 0.0012 4.0000 14.9782 1.0797 10.4534 10.7235 10.6616
lc_4.0_14.9_1.07 54995.51284356539691 r 13.9749 0.0014 4.0000 14.9782 1.0797 10.4534 10.7235 10.6616
lc_4.0_14.9_1.07 55353.53138918479817 r 14.3665 0.0016 4.0000 14.9782 1.0797 10.4534 10.7235 10.6616
lc_4.0_14.9_1.07 55353.54205362260109 r 14.4193 0.0017 4.0000 14.9782 1.0797 10.4534 10.7235 10.6616
lc_4.0_14.9_1.07 55353.52932373480144 r 14.3985 0.0017 4.0000 14.9782 1.0797 10.4534 10.7235 10.6616
lc_4.0_14.9_1.07 56463.50300065230113 r 14.0078 0.0014 4.0000 14.9782 1.0797 10.4534 10.7235 10.6616
lc_4.0_14.9_1.07 56463.49310437499662 r 13.9534 0.0014 4.0000 14.9782 1.0797 10.4534 10.7235 10.6616
lc_4.0_14.9_1.07 56545.26902519079886 r 14.3880 0.0017 4.0000 14.9782 1.0797 10.4534 10.7235 10.6616
lc_4.0_14.9_1.07 56455.54665100810234 r 13.9523 0.0014 4.0000 14.9782 1.0797 10.4534 10.7235 10.6616
lc_4.0_14.9_1.07 56455.53687332069967 r 13.9976 0.0014 4.0000 14.9782 1.0797 10.4534 10.7235 10.6616
lc_4.0_14.9_1.07 56470.45865895099996 i 13.5260 0.0154 4.0000 14.9782 1.0797 10.4534 10.7235 10.6616
lc_4.0_14.9_1.07 55762.43194050680177 i 13.5543 0.0154 4.0000 14.9782 1.0797 10.4534 10.7235 10.6616
lc_4.0_14.9_1.07 55762.44316653579881 i 13.5880 0.0153 4.0000 14.9782 1.0797 10.4534 10.7235 10.6616
lc_4.0_14.9_1.07 55396.29304339079681 i 13.8109 0.0151 4.0000 14.9782 1.0797 10.4534 10.7235 10.6616
lc_4.0_14.9_1.07 55396.30474804380356 i 13.7934 0.0151 4.0000 14.9782 1.0797 10.4534 10.7235 10.6616
lc_4.0_14.9_1.07 56087.55121163759759 i 13.6956 0.0152 4.0000 14.9782 1.0797 10.4534 10.7235 10.6616
lc_4.0_14.9_1.07 56087.54089198160364 i 13.6492 0.0153 4.0000 14.9782 1.0797 10.4534 10.7235 10.6616
lc_4.0_14.9_1.07 55017.44207226859726 i 13.9989 0.0150 4.0000 14.9782 1.0797 10.4534 10.7235 10.6616
lc_4.0_14.9_1.07 55017.45706023240200 i 13.9561 0.0150 4.0000 14.9782 1.0797 10.4534 10.7235 10.6616
lc_4.0_14.9_1.07 56463.48152677709732 i 13.6732 0.0153 4.0000 14.9782 1.0797 10.4534 10.7235 10.6616
lc_4.0_14.9_1.07 56463.47059995579912 i 13.6379 0.0153 4.0000 14.9782 1.0797 10.4534 10.7235 10.6616
lc_4.0_14.9_1.07 55704.49997902099858 i 13.8147 0.0151 4.0000 14.9782 1.0797 10.4534 10.7235 10.6616
lc_4.0_14.9_1.07 55704.51165645899891 i 13.8079 0.0151 4.0000 14.9782 1.0797 10.4534 10.7235 10.6616
lc_4.0_14.9_1.07 55351.50708743010182 i 13.6771 0.0153 4.0000 14.9782 1.0797 10.4534 10.7235 10.6616
lc_4.0_14.9_1.07 55351.50640510489757 i 13.6680 0.0153 4.0000 14.9782 1.0797 10.4534 10.7235 10.6616
lc_4.0_14.9_1.07 55351.51825281330093 i 13.6885 0.0152 4.0000 14.9782 1.0797 10.4534 10.7235 10.6616
lc_4.0_14.9_1.07 55351.51753095129970 i 13.7134 0.0152 4.0000 14.9782 1.0797 10.4534 10.7235 10.6616
lc_4.5_12.7_1.07 56455.53687332069967 g 13.5073 0.0153 4.5000 12.7079 1.0797  8.0262  8.3005  8.2347
lc_4.5_12.9_1.07 56455.53687332069967 g 13.7286 0.0152 4.5000 12.9046 1.0797  8.2229  8.4973  8.4314
lc_4.5_13.0_1.07 56455.53687332069967 g 13.8262 0.0152 4.5000 13.0103 1.0797  8.3286  8.6029  8.5371
lc_4.5_13.1_1.07 56455.53687332069967 g 13.9821 0.0152 4.5000 13.1470 1.0797  8.4653  8.7397  8.6738
lc_4.5_13.2_1.07 56455.53687332069967 g 14.0939 0.0151 4.5000 13.2661 1.0797  8.5843  8.8587  8.7929
lc_4.5_13.3_1.07 56455.53687332069967 g 14.1968 0.0151 4.5000 13.3835 1.0797  8.7017  8.9761  8.9103
lc_4.5_13.4_1.07 56455.53687332069967 g 14.2894 0.0151 4.5000 13.4774 1.0797  8.7957  9.0701  9.0042
lc_4.5_13.6_1.07 56455.53687332069967 g 14.4480 0.0150 4.5000 13.6214 1.0797  8.9396  9.2140  9.1482
lc_4.5_13.7_1.07 56455.53687332069967 g 14.5254 0.0150 4.5000 13.7018 1.0797  9.0201  9.2945  9.2286
lc_4.5_13.7_1.07 56455.53687332069967 g 14.5922 0.0149 4.5000 13.7832 1.0797  9.1014  9.3758  9.3100
lc_4.5_13.8_1.07 56455.53687332069967 g 14.7252 0.0149 4.5000 13.8908 1.0797  9.2090  9.4834  9.4176
lc_4.5_14.0_1.07 56455.53687332069967 g 14.8714 0.0149 4.5000 14.0512 1.0797  9.3694  9.6438  9.5780
lc_4.5_14.2_1.07 56455.53687332069967 g 15.0208 0.0148 4.5000 14.2130 1.0797  9.5313  9.8057  9.7398
lc_4.5_14.2_1.07 55353.53138918479817 r 13.5500 0.0012 4.5000 14.2130 1.0797  9.5313  9.8057  9.7398
lc_4.5_14.2_1.07 55353.54205362260109 r 13.5270 0.0011 4.5000 14.2130 1.0797  9.5313  9.8057  9.7398
lc_4.5_14.2_1.07 55353.52932373480144 r 13.5427 0.0011 4.5000 14.2130 1.0797  9.5313  9.8057  9.7398
lc_4.5_14.2_1.07 56455.54665100810234 r 13.5077 0.0011 4.5000 14.2130 1.0797  9.5313  9.8057  9.7398
lc_4.5_14.3_1.07 56455.53687332069967 g 15.2136 0.0148 4.5000 14.3897 1.0797  9.7080  9.9824  9.9165
lc_4.5_14.3_1.07 55353.53138918479817 r 13.6613 0.0012 4.5000 14.3897 1.0797  9.7080  9.9824  9.9165
lc_4.5_14.3_1.07 55353.54205362260109 r 13.7189 0.0012 4.5000 14.3897 1.0797  9.7080  9.9824  9.9165
lc_4.5_14.3_1.07 55353.52932373480144 r 13.6977 0.0012 4.5000 14.3897 1.0797  9.7080  9.9824  9.9165
lc_4.5_14.3_1.07 56463.49310437499662 r 13.5255 0.0011 4.5000 14.3897 1.0797  9.7080  9.9824  9.9165
lc_4.5_14.3_1.07 56545.26902519079886 r 13.6310 0.0012 4.5000 14.3897 1.0797  9.7080  9.9824  9.9165
lc_4.5_14.3_1.07 56455.54665100810234 r 13.7109 0.0012 4.5000 14.3897 1.0797  9.7080  9.9824  9.9165
lc_4.5_14.3_1.07 56455.53687332069967 r 13.6452 0.0012 4.5000 14.3897 1.0797  9.7080  9.9824  9.9165
lc_4.5_14.6_1.07 56455.53687332069967 g 15.5031 0.0149 4.5000 14.6598 1.0797  9.9781 10.2525 10.1866
lc_4.5_14.6_1.07 54995.52393502790073 r 13.5420 0.0011 4.5000 14.6598 1.0797  9.9781 10.2525 10.1866
lc_4.5_14.6_1.07 54995.51284356539691 r 13.5752 0.0012 4.5000 14.6598 1.0797  9.9781 10.2525 10.1866
lc_4.5_14.6_1.07 55353.53138918479817 r 13.9706 0.0014 4.5000 14.6598 1.0797  9.9781 10.2525 10.1866
lc_4.5_14.6_1.07 55353.54205362260109 r 13.9361 0.0014 4.5000 14.6598 1.0797  9.9781 10.2525 10.1866
lc_4.5_14.6_1.07 55353.52932373480144 r 14.0044 0.0014 4.5000 14.6598 1.0797  9.9781 10.2525 10.1866
lc_4.5_14.6_1.07 56463.50300065230113 r 13.7580 0.0013 4.5000 14.6598 1.0797  9.9781 10.2525 10.1866
lc_4.5_14.6_1.07 56463.49310437499662 r 13.7507 0.0012 4.5000 14.6598 1.0797  9.9781 10.2525 10.1866
lc_4.5_14.6_1.07 56545.26902519079886 r 13.9030 0.0013 4.5000 14.6598 1.0797  9.9781 10.2525 10.1866
lc_4.5_14.6_1.07 56455.54665100810234 r 13.9415 0.0014 4.5000 14.6598 1.0797  9.9781 10.2525 10.1866
lc_4.5_14.6_1.07 56455.53687332069967 r 13.9487 0.0014 4.5000 14.6598 1.0797  9.9781 10.2525 10.1866
lc_4.5_14.6_1.07 55762.43194050680177 i 13.5457 0.0154 4.5000 14.6598 1.0797  9.9781 10.2525 10.1866
lc_4.5_14.6_1.07 55762.44316653579881 i 13.5523 0.0154 4.5000 14.6598 1.0797  9.9781 10.2525 10.1866
lc_4.5_14.6_1.07 55704.49997902099858 i 13.5512 0.0154 4.5000 14.6598 1.0797  9.9781 10.2525 10.1866
lc_4.5_14.6_1.07 55704.51165645899891 i 13.5086 0.0154 4.5000 14.6598 1.0797  9.9781 10.2525 10.1866
lc_4.5_14.7_1.07 56455.53687332069967 g 15.6207 0.0150 4.5000 14.7976 1.0797 10.1159 10.3902 10.3244
lc_4.5_14.7_1.07 54995.52393502790073 r 13.6303 0.0012 4.5000 14.7976 1.0797 10.1159 10.3902 10.3244
lc_4.5_14.7_1.07 54995.51284356539691 r 13.6243 0.0012 4.5000 14.7976 1.0797 10.1159 10.3902 10.3244
lc_4.5_14.7_1.07 55353.53138918479817 r 14.1347 0.0015 4.5000 14.7976 1.0797 10.1159 10.3902 10.3244
lc_4.5_14.7_1.07 55353.54205362260109 r 14.0830 0.0014 4.5000 14.7976 1.0797 10.1159 10.3902 10.3244
lc_4.5_14.7_1.07 55353.52932373480144 r 14.0825 0.0014 4.5000 14.7976 1.0797 10.1159 10.3902 10.3244
lc_4.5_14.7_1.07 56463.50300065230113 r 13.8973 0.0013 4.5000 14.7976 1.0797 10.1159 10.3902 10.3244
lc_4.5_14.7_1.07 56463.49310437499662 r 13.8998 0.0013 4.5000 14.7976 1.0797 10.1159 10.3902 10.3244
lc_4.5_14.7_1.07 56545.26902519079886 r 14.0392 0.0014 4.5000 14.7976 1.0797 10.1159 10.3902 10.3244
lc_4.5_14.7_1.07 56455.54665100810234 r 14.0983 0.0015 4.5000 14.7976 1.0797 10.1159 10.3902 10.3244
lc_4.5_14.7_1.07 56455.53687332069967 r 14.1189 0.0015 4.5000 14.7976 1.0797 10.1159 10.3902 10.3244
lc_4.5_14.7_1.07 55762.43194050680177 i 13.6770 0.0153 4.5000 14.7976 1.0797 10.1159 10.3902 10.3244
lc_4.5_14.7_1.07 55762.44316653579881 i 13.6170 0.0153 4.5000 14.7976 1.0797 10.1159 10.3902 10.3244
lc_4.5_14.7_1.07 56463.48152677709732 i 13.5053 0.0154 4.5000 14.7976 1.0797 10.1159 10.3902 10.3244
lc_4.5_14.7_1.07 56463.47059995579912 i 13.5073 0.0154 4.5000 14.7976 1.0797 10.1159 10.3902 10.3244
lc_4.5_14.7_1.07 55704.49997902099858 i 13.7164 0.0152 4.5000 14.7976 1.0797 10.1159 10.3902 10.3244
lc_4.5_14.7_1.07 55704.51165645899891 i 13.6416 0.0153 4.5000 14.7976 1.0797 10.1159 10.3902 10.3244
lc_4.5_14.9_1.07 56455.53687332069967 g 15.8238 0.0151 4.5000 14.9782 1.0797 10.2964 10.5708 10.5050
lc_4.5_14.9_1.07 54995.52393502790073 r 13.8079 0.0013 4.5000 14.9782 1.0797 10.2964 10.5708 10.5050
lc_4.5_14.9_1.07 55714.47107718110055 r 13.5877 0.0012 4.5000 14.9782 1.0797 10.2964 10.5708 10.5050
lc_4.5_14.9_1.07 55714.48164867419837 r 13.5808 0.0012 4.5000 14.9782 1.0797 10.2964 10.5708 10.5050
lc_4.5_14.9_1.07 54995.51284356539691 r 13.8317 0.0013 4.5000 14.9782 1.0797 10.2964 10.5708 10.5050
lc_4.5_14.9_1.07 55353.53138918479817 r 14.2830 0.0016 4.5000 14.9782 1.0797 10.2964 10.5708 10.5050
lc_4.5_14.9_1.07 55353.54205362260109 r 14.3095 0.0016 4.5000 14.9782 1.0797 10.2964 10.5708 10.5050
lc_4.5_14.9_1.07 55353.52932373480144 r 14.2488 0.0016 4.5000 14.9782 1.0797 10.2964 10.5708 10.5050
lc_4.5_14.9_1.07 56463.50300065230113 r 14.0895 0.0014 4.5000 14.9782 1.0797 10.2964 10.5708 10.5050
lc_4.5_14.9_1.07 56463.49310437499662 r 14.0677 0.0014 4.5000 14.9782 1.0797 10.2964 10.5708 10.5050
lc_4.5_14.9_1.07 56545.26902519079886 r 14.1950 0.0015 4.5000 14.9782 1.0797 10.2964 10.5708 10.5050
lc_4.5_14.9_1.07 56455.54665100810234 r 14.2763 0.0016 4.5000 14.9782 1.0797 10.2964 10.5708 10.5050
lc_4.5_14.9_1.07 56455.53687332069967 r 14.2406 0.0015 4.5000 14.9782 1.0797 10.2964 10.5708 10.5050
lc_4.5_14.9_1.07 55762.43194050680177 i 13.8882 0.0151 4.5000 14.9782 1.0797 10.2964 10.5708 10.5050
lc_4.5_14.9_1.07 55762.44316653579881 i 13.8453 0.0151 4.5000 14.9782 1.0797 10.2964 10.5708 10.5050
lc_4.5_14.9_1.07 55396.29304339079681 i 13.5276 0.0154 4.5000 14.9782 1.0797 10.2964 10.5708 10.5050
lc_4.5_14.9_1.07 56087.55121163759759 i 13.6550 0.0153 4.5000 14.9782 1.0797 10.2964 10.5708 10.5050
lc_4.5_14.9_1.07 56087.54089198160364 i 13.5910 0.0153 4.5000 14.9782 1.0797 10.2964 10.5708 10.5050
lc_4.5_14.9_1.07 56463.48152677709732 i 13.6302 0.0153 4.5000 14.9782 1.0797 10.2964 10.5708 10.5050
lc_4.5_14.9_1.07 56463.47059995579912 i 13.6936 0.0152 4.5000 14.9782 1.0797 10.2964 10.5708 10.5050
lc_4.5_14.9_1.07 55704.49997902099858 i 13.8701 0.0151 4.5000 14.9782 1.0797 10.2964 10.5708 10.5050
lc_4.5_14.9_1.07 55704.51165645899891 i 13.8547 0.0151 4.5000 14.9782 1.0797 10.2964 10.5708 10.5050
lc_4.5_14.9_1.07 55351.50708743010182 i 13.5581 0.0154 4.5000 14.9782 1.0797 10.2964 10.5708 10.5050
lc_4.5_14.9_1.07 55351.50640510489757 i 13.5085 0.0154 4.5000 14.9782 1.0797 10.2964 10.5708 10.5050
lc_4.5_14.9_1.07 55351.51753095129970 i 13.5252 0.0154 4.5000 14.9782 1.0797 10.2964 10.5708 10.5050
lc_5.0_13.1_1.07 56455.53687332069967 g 13.6488 0.0153 5.0000 13.1470 1.0797  8.3249  8.6031  8.5337
lc_5.0_13.2_1.07 56455.53687332069967 g 13.7422 0.0152 5.0000 13.2661 1.0797  8.4439  8.7221  8.6527
lc_5.0_13.3_1.07 56455.53687332069967 g 13.8725 0.0152 5.0000 13.3835 1.0797  8.5613  8.8395  8.7701
lc_5.0_13.4_1.07 56455.53687332069967 g 13.9525 0.0152 5.0000 13.4774 1.0797  8.6553  8.9335  8.8641
lc_5.0_13.6_1.07 56455.53687332069967 g 14.1173 0.0151 5.0000 13.6214 1.0797  8.7992  9.0774  9.0081
lc_5.0_13.7_1.07 56455.53687332069967 g 14.1898 0.0151 5.0000 13.7018 1.0797  8.8797  9.1579  9.0885
lc_5.0_13.7_1.07 56455.53687332069967 g 14.2575 0.0151 5.0000 13.7832 1.0797  8.9610  9.2392  9.1699
lc_5.0_13.8_1.07 56455.53687332069967 g 14.3725 0.0150 5.0000 13.8908 1.0797  9.0686  9.3468  9.2774
lc_5.0_14.0_1.07 56455.53687332069967 g 14.5233 0.0150 5.0000 14.0512 1.0797  9.2290  9.5072  9.4378
lc_5.0_14.2_1.07 56455.53687332069967 g 14.7156 0.0149 5.0000 14.2130 1.0797  9.3909  9.6691  9.5997
lc_5.0_14.3_1.07 56455.53687332069967 g 14.8936 0.0149 5.0000 14.3897 1.0797  9.5676  9.8458  9.7764
lc_5.0_14.6_1.07 56455.53687332069967 g 15.1382 0.0148 5.0000 14.6598 1.0797  9.8377 10.1159 10.0465
lc_5.0_14.6_1.07 54995.52393502790073 r 13.6162 0.0012 5.0000 14.6598 1.0797  9.8377 10.1159 10.0465
lc_5.0_14.6_1.07 54995.51284356539691 r 13.6562 0.0012 5.0000 14.6598 1.0797  9.8377 10.1159 10.0465
lc_5.0_14.6_1.07 56545.26902519079886 r 13.5750 0.0012 5.0000 14.6598 1.0797  9.8377 10.1159 10.0465
lc_5.0_14.6_1.07 56455.54665100810234 r 13.6628 0.0012 5.0000 14.6598 1.0797  9.8377 10.1159 10.0465
lc_5.0_14.6_1.07 56455.53687332069967 r 13.6357 0.0012 5.0000 14.6598 1.0797  9.8377 10.1159 10.0465
lc_5.0_14.7_1.07 56455.53687332069967 g 15.2928 0.0149 5.0000 14.7976 1.0797  9.9754 10.2536 10.1843
lc_5.0_14.7_1.07 54995.52393502790073 r 13.7453 0.0012 5.0000 14.7976 1.0797  9.9754 10.2536 10.1843
lc_5.0_14.7_1.07 55714.48164867419837 r 13.5091 0.0011 5.0000 14.7976 1.0797  9.9754 10.2536 10.1843
lc_5.0_14.7_1.07 54995.51284356539691 r 13.7921 0.0013 5.0000 14.7976 1.0797  9.9754 10.2536 10.1843
lc_5.0_14.7_1.07 56545.26902519079886 r 13.7494 0.0012 5.0000 14.7976 1.0797  9.9754 10.2536 10.1843
lc_5.0_14.7_1.07 56455.54665100810234 r 13.8093 0.0013 5.0000 14.7976 1.0797  9.9754 10.2536 10.1843
lc_5.0_14.7_1.07 56455.53687332069967 r 13.8043 0.0013 5.0000 14.7976 1.0797  9.9754 10.2536 10.1843
lc_5.0_14.7_1.07 55762.43194050680177 i 13.5469 0.0154 5.0000 14.7976 1.0797  9.9754 10.2536 10.1843
lc_5.0_14.7_1.07 55762.44316653579881 i 13.5886 0.0153 5.0000 14.7976 1.0797  9.9754 10.2536 10.1843
lc_5.0_14.7_1.07 55396.30474804380356 i 13.5051 0.0154 5.0000 14.7976 1.0797  9.9754 10.2536 10.1843
lc_5.0_14.7_1.07 56087.55121163759759 i 13.5215 0.0154 5.0000 14.7976 1.0797  9.9754 10.2536 10.1843
lc_5.0_14.7_1.07 56087.54089198160364 i 13.5187 0.0154 5.0000 14.7976 1.0797  9.9754 10.2536 10.1843
lc_5.0_14.7_1.07 55017.44207226859726 i 13.5093 0.0154 5.0000 14.7976 1.0797  9.9754 10.2536 10.1843
lc_5.0_14.7_1.07 55351.50708743010182 i 13.5318 0.0154 5.0000 14.7976 1.0797  9.9754 10.2536 10.1843
lc_5.0_14.7_1.07 55351.51825281330093 i 13.5404 0.0154 5.0000 14.7976 1.0797  9.9754 10.2536 10.1843
lc_5.0_14.7_1.07 55351.51753095129970 i 13.5259 0.0154 5.0000 14.7976 1.0797  9.9754 10.2536 10.1843
lc_5.0_14.9_1.07 56455.53687332069967 g 15.4699 0.0149 5.0000 14.9782 1.0797 10.1560 10.4342 10.3648
lc_5.0_14.9_1.07 54995.52393502790073 r 13.9479 0.0014 5.0000 14.9782 1.0797 10.1560 10.4342 10.3648
lc_5.0_14.9_1.07 55714.47107718110055 r 13.6788 0.0012 5.0000 14.9782 1.0797 10.1560 10.4342 10.3648
lc_5.0_14.9_1.07 55714.48164867419837 r 13.6950 0.0012 5.0000 14.9782 1.0797 10.1560 10.4342 10.3648
lc_5.0_14.9_1.07 54995.51284356539691 r 13.9316 0.0013 5.0000 14.9782 1.0797 10.1560 10.4342 10.3648
lc_5.0_14.9_1.07 56463.49310437499662 r 13.5003 0.0011 5.0000 14.9782 1.0797 10.1560 10.4342 10.3648
lc_5.0_14.9_1.07 56545.26902519079886 r 13.8923 0.0013 5.0000 14.9782 1.0797 10.1560 10.4342 10.3648
lc_5.0_14.9_1.07 56455.54665100810234 r 13.9968 0.0014 5.0000 14.9782 1.0797 10.1560 10.4342 10.3648
lc_5.0_14.9_1.07 56455.53687332069967 r 13.9628 0.0014 5.0000 14.9782 1.0797 10.1560 10.4342 10.3648
lc_5.0_14.9_1.07 55762.43194050680177 i 13.7410 0.0152 5.0000 14.9782 1.0797 10.1560 10.4342 10.3648
lc_5.0_14.9_1.07 55762.44316653579881 i 13.6886 0.0152 5.0000 14.9782 1.0797 10.1560 10.4342 10.3648
lc_5.0_14.9_1.07 55396.29304339079681 i 13.7122 0.0152 5.0000 14.9782 1.0797 10.1560 10.4342 10.3648
lc_5.0_14.9_1.07 55396.30474804380356 i 13.6704 0.0153 5.0000 14.9782 1.0797 10.1560 10.4342 10.3648
lc_5.0_14.9_1.07 56087.55121163759759 i 13.6091 0.0153 5.0000 14.9782 1.0797 10.1560 10.4342 10.3648
lc_5.0_14.9_1.07 56087.54089198160364 i 13.6501 0.0153 5.0000 14.9782 1.0797 10.1560 10.4342 10.3648
lc_5.0_14.9_1.07 55017.44207226859726 i 13.7160 0.0152 5.0000 14.9782 1.0797 10.1560 10.4342 10.3648
lc_5.0_14.9_1.07 55017.45706023240200 i 13.6953 0.0152 5.0000 14.9782 1.0797 10.1560 10.4342 10.3648
lc_5.0_14.9_1.07 55351.50708743010182 i 13.7194 0.0152 5.0000 14.9782 1.0797 10.1560 10.4342 10.3648
lc_5.0_14.9_1.07 55351.50640510489757 i 13.7127 0.0152 5.0000 14.9782 1.0797 10.1560 10.4342 10.3648
lc_5.0_14.9_1.07 55351.51825281330093 i 13.7888 0.0152 5.0000 14.9782 1.0797 10.1560 10.4342 10.3648
lc_5.0_14.9_1.07 55351.51753095129970 i 13.7175 0.0152 5.0000 14.9782 1.0797 10.1560 10.4342 10.3648
lc_5.5_13.3_1.07 56455.53687332069967 g 13.5566 0.0153 5.5000 13.3835 1.0797  8.4343  8.7159  8.6434
lc_5.5_13.4_1.07 56455.53687332069967 g 13.6771 0.0152 5.5000 13.4774 1.0797  8.5282  8.8099  8.7373
lc_5.5_13.6_1.07 56455.53687332069967 g 13.8216 0.0152 5.5000 13.6214 1.0797  8.6722  8.9539  8.8813
lc_5.5_13.7_1.07 56455.53687332069967 g 13.9196 0.0152 5.5000 13.7018 1.0797  8.7526  9.0343  8.9617
lc_5.5_13.7_1.07 56455.53687332069967 g 13.9907 0.0152 5.5000 13.7832 1.0797  8.8340  9.1157  9.0431
lc_5.5_13.8_1.07 56455.53687332069967 g 14.1061 0.0151 5.5000 13.8908 1.0797  8.9416  9.2232  9.1507
lc_5.5_14.0_1.07 56455.53687332069967 g 14.2803 0.0151 5.5000 14.0512 1.0797  9.1020  9.3836  9.3111
lc_5.5_14.2_1.07 56455.53687332069967 g 14.4253 0.0150 5.5000 14.2130 1.0797  9.2639  9.5455  9.4730
lc_5.5_14.3_1.07 56455.53687332069967 g 14.5835 0.0149 5.5000 14.3897 1.0797  9.4406  9.7222  9.6497
lc_5.5_14.3_1.07 56463.50300065230113 r 13.5074 0.0011 5.5000 14.3897 1.0797  9.4406  9.7222  9.6497
lc_5.5_14.3_1.07 56463.49310437499662 r 13.5105 0.0011 5.5000 14.3897 1.0797  9.4406  9.7222  9.6497
lc_5.5_14.6_1.07 56455.53687332069967 g 14.8552 0.0149 5.5000 14.6598 1.0797  9.7107  9.9923  9.9197
lc_5.5_14.6_1.07 54995.52393502790073 r 13.6730 0.0012 5.5000 14.6598 1.0797  9.7107  9.9923  9.9197
lc_5.5_14.6_1.07 55714.47107718110055 r 13.6517 0.0012 5.5000 14.6598 1.0797  9.7107  9.9923  9.9197
lc_5.5_14.6_1.07 55714.48164867419837 r 13.6797 0.0012 5.5000 14.6598 1.0797  9.7107  9.9923  9.9197
lc_5.5_14.6_1.07 54995.51284356539691 r 13.6745 0.0012 5.5000 14.6598 1.0797  9.7107  9.9923  9.9197
lc_5.5_14.6_1.07 56463.50300065230113 r 13.7892 0.0013 5.5000 14.6598 1.0797  9.7107  9.9923  9.9197
lc_5.5_14.6_1.07 56463.49310437499662 r 13.8181 0.0013 5.5000 14.6598 1.0797  9.7107  9.9923  9.9197
lc_5.5_14.6_1.07 56545.26902519079886 r 13.7279 0.0012 5.5000 14.6598 1.0797  9.7107  9.9923  9.9197
lc_5.5_14.7_1.07 56455.53687332069967 g 15.0020 0.0148 5.5000 14.7976 1.0797  9.8484 10.1301 10.0575
lc_5.5_14.7_1.07 54995.52393502790073 r 13.8485 0.0013 5.5000 14.7976 1.0797  9.8484 10.1301 10.0575
lc_5.5_14.7_1.07 55714.47107718110055 r 13.8264 0.0013 5.5000 14.7976 1.0797  9.8484 10.1301 10.0575
lc_5.5_14.7_1.07 55714.48164867419837 r 13.7603 0.0013 5.5000 14.7976 1.0797  9.8484 10.1301 10.0575
lc_5.5_14.7_1.07 54995.51284356539691 r 13.8495 0.0013 5.5000 14.7976 1.0797  9.8484 10.1301 10.0575
lc_5.5_14.7_1.07 55353.53138918479817 r 13.5284 0.0011 5.5000 14.7976 1.0797  9.8484 10.1301 10.0575
lc_5.5_14.7_1.07 55353.54205362260109 r 13.5106 0.0011 5.5000 14.7976 1.0797  9.8484 10.1301 10.0575
lc_5.5_14.7_1.07 55353.52932373480144 r 13.5151 0.0011 5.5000 14.7976 1.0797  9.8484 10.1301 10.0575
lc_5.5_14.7_1.07 56463.50300065230113 r 13.9727 0.0014 5.5000 14.7976 1.0797  9.8484 10.1301 10.0575
lc_5.5_14.7_1.07 56463.49310437499662 r 13.9370 0.0014 5.5000 14.7976 1.0797  9.8484 10.1301 10.0575
lc_5.5_14.7_1.07 56545.26902519079886 r 13.8768 0.0013 5.5000 14.7976 1.0797  9.8484 10.1301 10.0575
lc_5.5_14.7_1.07 56455.54665100810234 r 13.5217 0.0011 5.5000 14.7976 1.0797  9.8484 10.1301 10.0575
lc_5.5_14.7_1.07 56455.53687332069967 r 13.5663 0.0012 5.5000 14.7976 1.0797  9.8484 10.1301 10.0575
lc_5.5_14.9_1.07 56455.53687332069967 g 15.1715 0.0148 5.5000 14.9782 1.0797 10.0290 10.3106 10.2381
lc_5.5_14.9_1.07 54995.52393502790073 r 13.9736 0.0014 5.5000 14.9782 1.0797 10.0290 10.3106 10.2381
lc_5.5_14.9_1.07 55714.47107718110055 r 13.9853 0.0014 5.5000 14.9782 1.0797 10.0290 10.3106 10.2381
lc_5.5_14.9_1.07 55714.48164867419837 r 13.9929 0.0014 5.5000 14.9782 1.0797 10.0290 10.3106 10.2381
lc_5.5_14.9_1.07 54995.51284356539691 r 13.9917 0.0014 5.5000 14.9782 1.0797 10.0290 10.3106 10.2381
lc_5.5_14.9_1.07 55353.53138918479817 r 13.6976 0.0012 5.5000 14.9782 1.0797 10.0290 10.3106 10.2381
lc_5.5_14.9_1.07 55353.54205362260109 r 13.6722 0.0012 5.5000 14.9782 1.0797 10.0290 10.3106 10.2381
lc_5.5_14.9_1.07 55353.52932373480144 r 13.6855 0.0012 5.5000 14.9782 1.0797 10.0290 10.3106 10.2381
lc_5.5_14.9_1.07 56463.50300065230113 r 14.1261 0.0015 5.5000 14.9782 1.0797 10.0290 10.3106 10.2381
lc_5.5_14.9_1.07 56463.49310437499662 r 14.1573 0.0015 5.5000 14.9782 1.0797 10.0290 10.3106 10.2381
lc_5.5_14.9_1.07 56545.26902519079886 r 13.9916 0.0014 5.5000 14.9782 1.0797 10.0290 10.3106 10.2381
lc_5.5_14.9_1.07 56455.54665100810234 r 13.6852 0.0012 5.5000 14.9782 1.0797 10.0290 10.3106 10.2381
lc_5.5_14.9_1.07 56455.53687332069967 r 13.6783 0.0012 5.5000 14.9782 1.0797 10.0290 10.3106 10.2381
lc_5.5_14.9_1.07 55396.29304339079681 i 13.6680 0.0153 5.5000 14.9782 1.0797 10.0290 10.3106 10.2381
lc_5.5_14.9_1.07 55396.30474804380356 i 13.6124 0.0153 5.5000 14.9782 1.0797 10.0290 10.3106 10.2381
lc_5.5_14.9_1.07 55017.44207226859726 i 13.5780 0.0153 5.5000 14.9782 1.0797 10.0290 10.3106 10.2381
lc_5.5_14.9_1.07 55017.45706023240200 i 13.5796 0.0153 5.5000 14.9782 1.0797 10.0290 10.3106 10.2381
lc_5.5_14.9_1.07 56463.48152677709732 i 13.6801 0.0153 5.5000 14.9782 1.0797 10.0290 10.3106 10.2381
lc_5.5_14.9_1.07 56463.47059995579912 i 13.6307 0.0153 5.5000 14.9782 1.0797 10.0290 10.3106 10.2381
lc_5.5_14.9_1.07 55704.49997902099858 i 13.6658 0.0153 5.5000 14.9782 1.0797 10.0290 10.3106 10.2381
lc_5.5_14.9_1.07 55704.51165645899891 i 13.6583 0.0153 5.5000 14.9782 1.0797 10.0290 10.3106 10.2381
lc_5.5_14.9_1.07 55351.50708743010182 i 13.5877 0.0153 5.5000 14.9782 1.0797 10.0290 10.3106 10.2381
lc_5.5_14.9_1.07 55351.50640510489757 i 13.5897 0.0153 5.5000 14.9782 1.0797 10.0290 10.3106 10.2381
lc_5.5_14.9_1.07 55351.51825281330093 i 13.5509 0.0154 5.5000 14.9782 1.0797 10.0290 10.3106 10.2381
lc_5.5_14.9_1.07 55351.51753095129970 i 13.5439 0.0154 5.5000 14.9782 1.0797 10.0290 10.3106 10.2381
lc_6.0_13.1_1.07 56455.53687332069967 g 13.5990 0.0153 6.0000 13.1470 1.0797  8.0819  8.3667  8.2912
lc_6.0_13.2_1.07 56455.53687332069967 g 13.7232 0.0152 6.0000 13.2661 1.0797  8.2009  8.4857  8.4103
lc_6.0_13.3_1.07 56455.53687332069967 g 13.8204 0.0152 6.0000 13.3835 1.0797  8.3183  8.6031  8.5277
lc_6.0_13.4_1.07 56455.53687332069967 g 13.9137 0.0152 6.0000 13.4774 1.0797  8.4123  8.6971  8.6216
lc_6.0_13.6_1.07 56455.53687332069967 g 14.0663 0.0151 6.0000 13.6214 1.0797  8.5562  8.8410  8.7656
lc_6.0_13.7_1.07 56455.53687332069967 g 14.1502 0.0151 6.0000 13.7018 1.0797  8.6367  8.9215  8.8460
lc_6.0_13.7_1.07 56455.53687332069967 g 14.2120 0.0151 6.0000 13.7832 1.0797  8.7180  9.0028  8.9274
lc_6.0_13.8_1.07 56455.53687332069967 g 14.3345 0.0150 6.0000 13.8908 1.0797  8.8256  9.1104  9.0350
lc_6.0_14.0_1.07 56455.53687332069967 g 14.4620 0.0150 6.0000 14.0512 1.0797  8.9860  9.2708  9.1954
lc_6.0_14.2_1.07 56455.53687332069967 g 14.6729 0.0149 6.0000 14.2130 1.0797  9.1479  9.4327  9.3572
lc_6.0_14.3_1.07 56455.53687332069967 g 14.8311 0.0149 6.0000 14.3897 1.0797  9.3246  9.6094  9.5339
lc_6.0_14.6_1.07 56455.53687332069967 g 15.1038 0.0148 6.0000 14.6598 1.0797  9.5947  9.8795  9.8040
lc_6.0_14.6_1.07 55353.53138918479817 r 13.5049 0.0011 6.0000 14.6598 1.0797  9.5947  9.8795  9.8040
lc_6.0_14.6_1.07 55353.54205362260109 r 13.5665 0.0012 6.0000 14.6598 1.0797  9.5947  9.8795  9.8040
lc_6.0_14.6_1.07 55353.52932373480144 r 13.5078 0.0011 6.0000 14.6598 1.0797  9.5947  9.8795  9.8040
lc_6.0_14.6_1.07 56463.50300065230113 r 13.5952 0.0012 6.0000 14.6598 1.0797  9.5947  9.8795  9.8040
lc_6.0_14.6_1.07 56463.49310437499662 r 13.5635 0.0012 6.0000 14.6598 1.0797  9.5947  9.8795  9.8040
lc_6.0_14.6_1.07 56455.54665100810234 r 13.5333 0.0011 6.0000 14.6598 1.0797  9.5947  9.8795  9.8040
lc_6.0_14.6_1.07 56455.53687332069967 r 13.5563 0.0012 6.0000 14.6598 1.0797  9.5947  9.8795  9.8040
lc_6.0_14.7_1.07 56455.53687332069967 g 15.2267 0.0148 6.0000 14.7976 1.0797  9.7325 10.0173  9.9418
lc_6.0_14.7_1.07 55353.53138918479817 r 13.6109 0.0012 6.0000 14.7976 1.0797  9.7325 10.0173  9.9418
lc_6.0_14.7_1.07 55353.54205362260109 r 13.6168 0.0012 6.0000 14.7976 1.0797  9.7325 10.0173  9.9418
lc_6.0_14.7_1.07 55353.52932373480144 r 13.6742 0.0012 6.0000 14.7976 1.0797  9.7325 10.0173  9.9418
lc_6.0_14.7_1.07 56463.50300065230113 r 13.6787 0.0012 6.0000 14.7976 1.0797  9.7325 10.0173  9.9418
lc_6.0_14.7_1.07 56463.49310437499662 r 13.6686 0.0012 6.0000 14.7976 1.0797  9.7325 10.0173  9.9418
lc_6.0_14.7_1.07 56545.26902519079886 r 13.6379 0.0012 6.0000 14.7976 1.0797  9.7325 10.0173  9.9418
lc_6.0_14.7_1.07 56455.54665100810234 r 13.6436 0.0012 6.0000 14.7976 1.0797  9.7325 10.0173  9.9418
lc_6.0_14.7_1.07 56455.53687332069967 r 13.6994 0.0012 6.0000 14.7976 1.0797  9.7325 10.0173  9.9418
lc_6.0_14.9_1.07 56455.53687332069967 g 15.3804 0.0149 6.0000 14.9782 1.0797  9.9130 10.1978 10.1224
lc_6.0_14.9_1.07 55353.53138918479817 r 13.8567 0.0013 6.0000 14.9782 1.0797  9.9130 10.1978 10.1224
lc_6.0_14.9_1.07 55353.54205362260109 r 13.8849 0.0013 6.0000 14.9782 1.0797  9.9130 10.1978 10.1224
lc_6.0_14.9_1.07 55353.52932373480144 r 13.8784 0.0013 6.0000 14.9782 1.0797  9.9130 10.1978 10.1224
lc_6.0_14.9_1.07 56463.50300065230113 r 13.8675 0.0013 6.0000 14.9782 1.0797  9.9130 10.1978 10.1224
lc_6.0_14.9_1.07 56463.49310437499662 r 13.9124 0.0013 6.0000 14.9782 1.0797  9.9130 10.1978 10.1224
lc_6.0_14.9_1.07 56545.26902519079886 r 13.7632 0.0013 6.0000 14.9782 1.0797  9.9130 10.1978 10.1224
lc_6.0_14.9_1.07 56455.54665100810234 r 13.8189 0.0013 6.0000 14.9782 1.0797  9.9130 10.1978 10.1224
lc_6.0_14.9_1.07 56455.53687332069967 r 13.8436 0.0013 6.0000 14.9782 1.0797  9.9130 10.1978 10.1224
lc_6.0_14.9_1.07 55351.51825281330093 i 13.5038 0.0154 6.0000 14.9782 1.0797  9.9130 10.1978 10.1224
lc_6.5_13.1_1.07 56455.53687332069967 g 13.5591 0.0153 6.5000 13.1470 1.0797  7.9752  8.2629  8.1848
lc_6.5_13.2_1.07 56455.53687332069967 g 13.6900 0.0152 6.5000 13.2661 1.0797  8.0942  8.3819  8.3038
lc_6.5_13.3_1.07 56455.53687332069967 g 13.8115 0.0152 6.5000 13.3835 1.0797  8.2117  8.4994  8.4212
lc_6.5_13.4_1.07 56455.53687332069967 g 13.9160 0.0152 6.5000 13.4774 1.0797  8.3056  8.5933  8.5152
lc_6.5_13.6_1.07 56455.53687332069967 g 14.0252 0.0152 6.5000 13.6214 1.0797  8.4496  8.7373  8.6591
lc_6.5_13.7_1.07 56455.53687332069967 g 14.1298 0.0151 6.5000 13.7018 1.0797  8.5300  8.8177  8.7396
lc_6.5_13.7_1.07 56455.53687332069967 g 14.2086 0.0151 6.5000 13.7832 1.0797  8.6114  8.8991  8.8209
lc_6.5_13.8_1.07 56455.53687332069967 g 14.3394 0.0150 6.5000 13.8908 1.0797  8.7189  9.0066  8.9285
lc_6.5_14.0_1.07 56455.53687332069967 g 14.4763 0.0150 6.5000 14.0512 1.0797  8.8793  9.1670  9.0889
lc_6.5_14.2_1.07 56455.53687332069967 g 14.6326 0.0149 6.5000 14.2130 1.0797  9.0412  9.3289  9.2508
lc_6.5_14.3_1.07 56455.53687332069967 g 14.8225 0.0149 6.5000 14.3897 1.0797  9.2179  9.5056  9.4275
lc_6.5_14.6_1.07 56455.53687332069967 g 15.0812 0.0148 6.5000 14.6598 1.0797  9.4880  9.7757  9.6976
lc_6.5_14.6_1.07 56463.50300065230113 r 13.6436 0.0012 6.5000 14.6598 1.0797  9.4880  9.7757  9.6976
lc_6.5_14.6_1.07 56463.49310437499662 r 13.5839 0.0012 6.5000 14.6598 1.0797  9.4880  9.7757  9.6976
lc_6.5_14.7_1.07 56455.53687332069967 g 15.2403 0.0148 6.5000 14.7976 1.0797  9.6258  9.9135  9.8353
lc_6.5_14.7_1.07 55714.47107718110055 r 13.6359 0.0012 6.5000 14.7976 1.0797  9.6258  9.9135  9.8353
lc_6.5_14.7_1.07 55714.48164867419837 r 13.6228 0.0012 6.5000 14.7976 1.0797  9.6258  9.9135  9.8353
lc_6.5_14.7_1.07 56463.50300065230113 r 13.7838 0.0013 6.5000 14.7976 1.0797  9.6258  9.9135  9.8353
lc_6.5_14.7_1.07 56463.49310437499662 r 13.7319 0.0012 6.5000 14.7976 1.0797  9.6258  9.9135  9.8353
lc_6.5_14.7_1.07 56455.54665100810234 r 13.6614 0.0012 6.5000 14.7976 1.0797  9.6258  9.9135  9.8353
lc_6.5_14.7_1.07 56455.53687332069967 r 13.5946 0.0012 6.5000 14.7976 1.0797  9.6258  9.9135  9.8353
lc_6.5_14.9_1.07 56455.53687332069967 g 15.3960 0.0149 6.5000 14.9782 1.0797  9.8064 10.0941 10.0159
lc_6.5_14.9_1.07 55714.47107718110055 r 13.8023 0.0013 6.5000 14.9782 1.0797  9.8064 10.0941 10.0159
lc_6.5_14.9_1.07 55714.48164867419837 r 13.8059 0.0013 6.5000 14.9782 1.0797  9.8064 10.0941 10.0159
lc_6.5_14.9_1.07 56463.50300065230113 r 13.9408 0.0014 6.5000 14.9782 1.0797  9.8064 10.0941 10.0159
lc_6.5_14.9_1.07 56463.49310437499662 r 13.8970 0.0013 6.5000 14.9782 1.0797  9.8064 10.0941 10.0159
lc_6.5_14.9_1.07 56545.26902519079886 r 13.6085 0.0012 6.5000 14.9782 1.0797  9.8064 10.0941 10.0159
lc_6.5_14.9_1.07 56455.54665100810234 r 13.8409 0.0013 6.5000 14.9782 1.0797  9.8064 10.0941 10.0159
lc_6.5_14.9_1.07 56455.53687332069967 r 13.7784 0.0013 6.5000 14.9782 1.0797  9.8064 10.0941 10.0159
lc_6.5_14.9_1.07 55351.50708743010182 i 13.5497 0.0154 6.5000 14.9782 1.0797  9.8064 10.0941 10.0159
lc_6.5_14.9_1.07 55351.51825281330093 i 13.5043 0.0154 6.5000 14.9782 1.0797  9.8064 10.0941 10.0159
lc_6.5_14.9_1.07 55351.51753095129970 i 13.5235 0.0154 6.5000 14.9782 1.0797  9.8064 10.0941 10.0159
lc_7.0_14.0_1.07 56455.53687332069967 g 13.6229 0.0153 7.0000 14.0512 1.0797  8.7806  9.0710  8.9904
lc_7.0_14.2_1.07 56455.53687332069967 g 13.7307 0.0152 7.0000 14.2130 1.0797  8.9425  9.2328  9.1522
lc_7.0_14.3_1.07 56455.53687332069967 g 13.9234 0.0152 7.0000 14.3897 1.0797  9.1192  9.4095  9.3289
lc_7.0_14.6_1.07 56455.53687332069967 g 14.1852 0.0151 7.0000 14.6598 1.0797  9.3892  9.6796  9.5990
lc_7.0_14.7_1.07 56455.53687332069967 g 14.3263 0.0150 7.0000 14.7976 1.0797  9.5270  9.8174  9.7368
lc_7.0_14.7_1.07 55353.53138918479817 r 13.5620 0.0012 7.0000 14.7976 1.0797  9.5270  9.8174  9.7368
lc_7.0_14.7_1.07 55353.54205362260109 r 13.5748 0.0012 7.0000 14.7976 1.0797  9.5270  9.8174  9.7368
lc_7.0_14.7_1.07 55353.52932373480144 r 13.5988 0.0012 7.0000 14.7976 1.0797  9.5270  9.8174  9.7368
lc_7.0_14.7_1.07 56545.26902519079886 r 13.5718 0.0012 7.0000 14.7976 1.0797  9.5270  9.8174  9.7368
lc_7.0_14.9_1.07 56455.53687332069967 g 14.4844 0.0150 7.0000 14.9782 1.0797  9.7076  9.9980  9.9174
lc_7.0_14.9_1.07 54995.52393502790073 r 13.5707 0.0012 7.0000 14.9782 1.0797  9.7076  9.9980  9.9174
lc_7.0_14.9_1.07 54995.51284356539691 r 13.6093 0.0012 7.0000 14.9782 1.0797  9.7076  9.9980  9.9174
lc_7.0_14.9_1.07 55353.53138918479817 r 13.7351 0.0012 7.0000 14.9782 1.0797  9.7076  9.9980  9.9174
lc_7.0_14.9_1.07 55353.54205362260109 r 13.7620 0.0013 7.0000 14.9782 1.0797  9.7076  9.9980  9.9174
lc_7.0_14.9_1.07 55353.52932373480144 r 13.7985 0.0013 7.0000 14.9782 1.0797  9.7076  9.9980  9.9174
lc_7.0_14.9_1.07 56545.26902519079886 r 13.7096 0.0012 7.0000 14.9782 1.0797  9.7076  9.9980  9.9174
lc_7.5_13.1_1.07 56455.53687332069967 g 13.5759 0.0153 7.5000 13.1470 1.0797  7.7845  8.0774  7.9945
lc_7.5_13.2_1.07 56455.53687332069967 g 13.7131 0.0152 7.5000 13.2661 1.0797  7.9035  8.1964  8.1135
lc_7.5_13.3_1.07 56455.53687332069967 g 13.8296 0.0152 7.5000 13.3835 1.0797  8.0209  8.3138  8.2309
lc_7.5_13.4_1.07 56455.53687332069967 g 13.9023 0.0152 7.5000 13.4774 1.0797  8.1149  8.4078  8.3248
lc_7.5_13.6_1.07 56455.53687332069967 g 14.0357 0.0152 7.5000 13.6214 1.0797  8.2588  8.5517  8.4688
lc_7.5_13.7_1.07 56455.53687332069967 g 14.1127 0.0151 7.5000 13.7018 1.0797  8.3393  8.6322  8.5492
lc_7.5_13.7_1.07 56455.53687332069967 g 14.2274 0.0151 7.5000 13.7832 1.0797  8.4206  8.7135  8.6306
lc_7.5_13.8_1.07 56455.53687332069967 g 14.3304 0.0150 7.5000 13.8908 1.0797  8.5282  8.8211  8.7382
lc_7.5_14.0_1.07 56455.53687332069967 g 14.4797 0.0150 7.5000 14.0512 1.0797  8.6886  8.9815  8.8986
lc_7.5_14.2_1.07 56455.53687332069967 g 14.6552 0.0149 7.5000 14.2130 1.0797  8.8505  9.1434  9.0605
lc_7.5_14.3_1.07 56455.53687332069967 g 14.8193 0.0149 7.5000 14.3897 1.0797  9.0272  9.3201  9.2372
lc_7.5_14.6_1.07 56455.53687332069967 g 15.0970 0.0148 7.5000 14.6598 1.0797  9.2973  9.5902  9.5073
lc_7.5_14.6_1.07 55353.53138918479817 r 13.5275 0.0011 7.5000 14.6598 1.0797  9.2973  9.5902  9.5073
lc_7.5_14.6_1.07 55353.54205362260109 r 13.5064 0.0011 7.5000 14.6598 1.0797  9.2973  9.5902  9.5073
lc_7.5_14.6_1.07 56463.50300065230113 r 13.5246 0.0011 7.5000 14.6598 1.0797  9.2973  9.5902  9.5073
lc_7.5_14.7_1.07 56455.53687332069967 g 15.2218 0.0148 7.5000 14.7976 1.0797  9.4351  9.7279  9.6450
lc_7.5_14.7_1.07 55714.47107718110055 r 13.5616 0.0012 7.5000 14.7976 1.0797  9.4351  9.7279  9.6450
lc_7.5_14.7_1.07 55714.48164867419837 r 13.5461 0.0012 7.5000 14.7976 1.0797  9.4351  9.7279  9.6450
lc_7.5_14.7_1.07 55353.53138918479817 r 13.6216 0.0012 7.5000 14.7976 1.0797  9.4351  9.7279  9.6450
lc_7.5_14.7_1.07 55353.54205362260109 r 13.6580 0.0012 7.5000 14.7976 1.0797  9.4351  9.7279  9.6450
lc_7.5_14.7_1.07 55353.52932373480144 r 13.6404 0.0012 7.5000 14.7976 1.0797  9.4351  9.7279  9.6450
lc_7.5_14.7_1.07 56463.50300065230113 r 13.6172 0.0012 7.5000 14.7976 1.0797  9.4351  9.7279  9.6450
lc_7.5_14.7_1.07 56463.49310437499662 r 13.6286 0.0012 7.5000 14.7976 1.0797  9.4351  9.7279  9.6450
lc_7.5_14.7_1.07 56455.54665100810234 r 13.5984 0.0012 7.5000 14.7976 1.0797  9.4351  9.7279  9.6450
lc_7.5_14.7_1.07 56455.53687332069967 r 13.5613 0.0012 7.5000 14.7976 1.0797  9.4351  9.7279  9.6450
lc_7.5_14.9_1.07 56455.53687332069967 g 15.4004 0.0149 7.5000 14.9782 1.0797  9.6156  9.9085  9.8256
lc_7.5_14.9_1.07 55714.47107718110055 r 13.7172 0.0012 7.5000 14.9782 1.0797  9.6156  9.9085  9.8256
lc_7.5_14.9_1.07 55714.48164867419837 r 13.7526 0.0013 7.5000 14.9782 1.0797  9.6156  9.9085  9.8256
lc_7.5_14.9_1.07 55353.53138918479817 r 13.8184 0.0013 7.5000 14.9782 1.0797  9.6156  9.9085  9.8256
lc_7.5_14.9_1.07 55353.54205362260109 r 13.7931 0.0013 7.5000 14.9782 1.0797  9.6156  9.9085  9.8256
lc_7.5_14.9_1.07 55353.52932373480144 r 13.8003 0.0013 7.5000 14.9782 1.0797  9.6156  9.9085  9.8256
lc_7.5_14.9_1.07 56463.50300065230113 r 13.8346 0.0013 7.5000 14.9782 1.0797  9.6156  9.9085  9.8256
lc_7.5_14.9_1.07 56463.49310437499662 r 13.8468 0.0013 7.5000 14.9782 1.0797  9.6156  9.9085  9.8256
lc_7.5_14.9_1.07 56545.26902519079886 r 13.7258 0.0012 7.5000 14.9782 1.0797  9.6156  9.9085  9.8256
lc_7.5_14.9_1.07 56455.54665100810234 r 13.7440 0.0012 7.5000 14.9782 1.0797  9.6156  9.9085  9.8256
lc_7.5_14.9_1.07 56455.53687332069967 r 13.7544 0.0013 7.5000 14.9782 1.0797  9.6156  9.9085  9.8256
lc_8.0_13.8_1.07 56455.53687332069967 g 13.5814 0.0153 8.0000 13.8908 1.0797  8.4422  8.7374  8.6524
lc_8.0_14.0_1.07 56455.53687332069967 g 13.7132 0.0152 8.0000 14.0512 1.0797  8.6026  8.8978  8.8128
lc_8.0_14.2_1.07 56455.53687332069967 g 13.8794 0.0152 8.0000 14.2130 1.0797  8.7645  9.0597  8.9746
lc_8.0_14.3_1.07 56455.53687332069967 g 14.0437 0.0152 8.0000 14.3897 1.0797  8.9412  9.2364  9.1513
lc_8.0_14.6_1.07 56455.53687332069967 g 14.3211 0.0150 8.0000 14.6598 1.0797  9.2113  9.5065  9.4214
lc_8.0_14.7_1.07 56455.53687332069967 g 14.4761 0.0150 8.0000 14.7976 1.0797  9.3490  9.6443  9.5592
lc_8.0_14.7_1.07 54995.52393502790073 r 13.5573 0.0012 8.0000 14.7976 1.0797  9.3490  9.6443  9.5592
lc_8.0_14.7_1.07 54995.51284356539691 r 13.5760 0.0012 8.0000 14.7976 1.0797  9.3490  9.6443  9.5592
lc_8.0_14.9_1.07 56455.53687332069967 g 14.6397 0.0149 8.0000 14.9782 1.0797  9.5296  9.8248  9.7398
lc_8.0_14.9_1.07 54995.52393502790073 r 13.7725 0.0013 8.0000 14.9782 1.0797  9.5296  9.8248  9.7398
lc_8.0_14.9_1.07 55714.47107718110055 r 13.5458 0.0012 8.0000 14.9782 1.0797  9.5296  9.8248  9.7398
lc_8.0_14.9_1.07 55714.48164867419837 r 13.5435 0.0011 8.0000 14.9782 1.0797  9.5296  9.8248  9.7398
lc_8.0_14.9_1.07 54995.51284356539691 r 13.7184 0.0012 8.0000 14.9782 1.0797  9.5296  9.8248  9.7398
lc_8.5_13.4_1.07 56455.53687332069967 g 13.5200 0.0153 8.5000 13.4774 1.0797  7.9481  8.2455  8.1584
lc_8.5_13.6_1.07 56455.53687332069967 g 13.6615 0.0152 8.5000 13.6214 1.0797  8.0920  8.3895  8.3024
lc_8.5_13.7_1.07 56455.53687332069967 g 13.7390 0.0152 8.5000 13.7018 1.0797  8.1725  8.4699  8.3828
lc_8.5_13.7_1.07 56455.53687332069967 g 13.8188 0.0152 8.5000 13.7832 1.0797  8.2538  8.5513  8.4642
lc_8.5_13.8_1.07 56455.53687332069967 g 13.9421 0.0152 8.5000 13.8908 1.0797  8.3614  8.6588  8.5717
lc_8.5_14.0_1.07 56455.53687332069967 g 14.1290 0.0151 8.5000 14.0512 1.0797  8.5218  8.8192  8.7321
lc_8.5_14.2_1.07 56455.53687332069967 g 14.2505 0.0151 8.5000 14.2130 1.0797  8.6837  8.9811  8.8940
lc_8.5_14.3_1.07 56455.53687332069967 g 14.4205 0.0150 8.5000 14.3897 1.0797  8.8604  9.1578  9.0707
lc_8.5_14.6_1.07 56455.53687332069967 g 14.6973 0.0149 8.5000 14.6598 1.0797  9.1305  9.4279  9.3408
lc_8.5_14.7_1.07 56455.53687332069967 g 14.8327 0.0149 8.5000 14.7976 1.0797  9.2683  9.5657  9.4786
lc_8.5_14.7_1.07 54995.51284356539691 r 13.5354 0.0011 8.5000 14.7976 1.0797  9.2683  9.5657  9.4786
lc_8.5_14.7_1.07 55353.54205362260109 r 13.5276 0.0011 8.5000 14.7976 1.0797  9.2683  9.5657  9.4786
lc_8.5_14.9_1.07 56455.53687332069967 g 15.0169 0.0148 8.5000 14.9782 1.0797  9.4488  9.7462  9.6592
lc_8.5_14.9_1.07 54995.52393502790073 r 13.6895 0.0012 8.5000 14.9782 1.0797  9.4488  9.7462  9.6592
lc_8.5_14.9_1.07 54995.51284356539691 r 13.6918 0.0012 8.5000 14.9782 1.0797  9.4488  9.7462  9.6592
lc_8.5_14.9_1.07 55353.53138918479817 r 13.6129 0.0012 8.5000 14.9782 1.0797  9.4488  9.7462  9.6592
lc_8.5_14.9_1.07 55353.54205362260109 r 13.6477 0.0012 8.5000 14.9782 1.0797  9.4488  9.7462  9.6592
lc_8.5_14.9_1.07 55353.52932373480144 r 13.6236 0.0012 8.5000 14.9782 1.0797  9.4488  9.7462  9.6592
lc_9.0_13.7_1.07 56455.53687332069967 g 13.5134 0.0153 9.0000 13.7018 1.0797  8.0963  8.3958  8.3068
lc_9.0_13.7_1.07 56455.53687332069967 g 13.6140 0.0153 9.0000 13.7832 1.0797  8.1777  8.4771  8.3881
lc_9.0_13.8_1.07 56455.53687332069967 g 13.6917 0.0152 9.0000 13.8908 1.0797  8.2852  8.5847  8.4957
lc_9.0_14.0_1.07 56455.53687332069967 g 13.8936 0.0152 9.0000 14.0512 1.0797  8.4456  8.7451  8.6561
lc_9.0_14.2_1.07 56455.53687332069967 g 14.0436 0.0152 9.0000 14.2130 1.0797  8.6075  8.9070  8.8180
lc_9.0_14.3_1.07 56455.53687332069967 g 14.2138 0.0151 9.0000 14.3897 1.0797  8.7842  9.0837  8.9947
lc_9.0_14.6_1.07 56455.53687332069967 g 14.4700 0.0150 9.0000 14.6598 1.0797  9.0543  9.3538  9.2648
lc_9.0_14.7_1.07 56455.53687332069967 g 14.6277 0.0149 9.0000 14.7976 1.0797  9.1921  9.4916  9.4026
lc_9.0_14.9_1.07 56455.53687332069967 g 14.8003 0.0149 9.0000 14.9782 1.0797  9.3727  9.6721  9.5831
lc_9.5_13.4_1.07 56455.53687332069967 g 13.6258 0.0153 9.5000 13.4774 1.0797  7.7998  8.1013  8.0105
lc_9.5_13.6_1.07 56455.53687332069967 g 13.7468 0.0152 9.5000 13.6214 1.0797  7.9438  8.2452  8.1544
lc_9.5_13.7_1.07 56455.53687332069967 g 13.8225 0.0152 9.5000 13.7018 1.0797  8.0242  8.3257  8.2349
lc_9.5_13.7_1.07 56455.53687332069967 g 13.9179 0.0152 9.5000 13.7832 1.0797  8.1056  8.4070  8.3162
lc_9.5_13.8_1.07 56455.53687332069967 g 14.0177 0.0152 9.5000 13.8908 1.0797  8.2132  8.5146  8.4238
lc_9.5_14.0_1.07 56455.53687332069967 g 14.1923 0.0151 9.5000 14.0512 1.0797  8.3736  8.6750  8.5842
lc_9.5_14.2_1.07 56455.53687332069967 g 14.3531 0.0150 9.5000 14.2130 1.0797  8.5355  8.8369  8.7461
lc_9.5_14.3_1.07 56455.53687332069967 g 14.5365 0.0150 9.5000 14.3897 1.0797  8.7122  9.0136  8.9228
lc_9.5_14.6_1.07 56455.53687332069967 g 14.7758 0.0149 9.5000 14.6598 1.0797  8.9823  9.2837  9.1929
lc_9.5_14.7_1.07 56455.53687332069967 g 14.9283 0.0149 9.5000 14.7976 1.0797  9.1200  9.4215  9.3306
lc_9.5_14.9_1.07 56455.53687332069967 g 15.0899 0.0148 9.5000 14.9782 1.0797  9.3006  9.6020  9.5112
lc_9.5_14.9_1.07 55714.47107718110055 r 13.5134 0.0011 9.5000 14.9782 1.0797  9.3006  9.6020  9.5112
lc_9.5_14.9_1.07 55714.48164867419837 r 13.5034 0.0011 9.5000 14.9782 1.0797  9.3006  9.6020  9.5112
lc_9.5_14.9_1.07 55353.52932373480144 r 13.5137 0.0011 9.5000 14.9782 1.0797  9.3006  9.6020  9.5112
lc_9.5_14.9_1.07 56463.50300065230113 r 13.5235 0.0011 9.5000 14.9782 1.0797  9.3006  9.6020  9.5112
lc_9.5_14.9_1.07 56463.49310437499662 r 13.5798 0.0012 9.5000 14.9782 1.0797  9.3006  9.6020  9.5112
lc_9.5_14.9_1.07 56455.53687332069967 r 13.5151 0.0011 9.5000 14.9782 1.0797  9.3006  9.6020  9.5112
lc_11._13.2_1.07 56455.53687332069967 g 13.5470 0.015311.0000 13.2661 1.0797  7.3931  7.6999  7.6041
lc_11._13.3_1.07 56455.53687332069967 g 13.6176 0.015311.0000 13.3835 1.0797  7.5105  7.8173  7.7216
lc_11._13.4_1.07 56455.53687332069967 g 13.7241 0.015211.0000 13.4774 1.0797  7.6044  7.9112  7.8155
lc_11._13.6_1.07 56455.53687332069967 g 13.8833 0.015211.0000 13.6214 1.0797  7.7484  8.0552  7.9595
lc_11._13.7_1.07 56455.53687332069967 g 13.9321 0.015211.0000 13.7018 1.0797  7.8289  8.1356  8.0399
lc_11._13.7_1.07 56455.53687332069967 g 14.0332 0.015211.0000 13.7832 1.0797  7.9102  8.2170  8.1213
lc_11._13.8_1.07 56455.53687332069967 g 14.1244 0.015111.0000 13.8908 1.0797  8.0178  8.3245  8.2288
lc_11._14.0_1.07 56455.53687332069967 g 14.3285 0.015011.0000 14.0512 1.0797  8.1782  8.4850  8.3892
lc_11._14.2_1.07 56455.53687332069967 g 14.5014 0.015011.0000 14.2130 1.0797  8.3401  8.6468  8.5511
lc_11._14.3_1.07 56455.53687332069967 g 14.6632 0.014911.0000 14.3897 1.0797  8.5168  8.8235  8.7278
lc_11._14.6_1.07 56455.53687332069967 g 14.9292 0.014911.0000 14.6598 1.0797  8.7869  9.0936  8.9979
lc_11._14.7_1.07 56455.53687332069967 g 15.0483 0.014811.0000 14.7976 1.0797  8.9246  9.2314  9.1357
lc_11._14.9_1.07 56455.53687332069967 g 15.2451 0.014811.0000 14.9782 1.0797  9.1052  9.4120  9.3163
lc_11._13.2_1.07 56455.53687332069967 g 13.5163 0.015311.5000 13.2661 1.0797  7.3339  7.6422  7.5450
lc_11._13.3_1.07 56455.53687332069967 g 13.6451 0.015311.5000 13.3835 1.0797  7.4513  7.7596  7.6624
lc_11._13.4_1.07 56455.53687332069967 g 13.7332 0.015211.5000 13.4774 1.0797  7.5452  7.8536  7.7564
lc_11._13.6_1.07 56455.53687332069967 g 13.9127 0.015211.5000 13.6214 1.0797  7.6892  7.9975  7.9003
lc_11._13.7_1.07 56455.53687332069967 g 13.9919 0.015211.5000 13.7018 1.0797  7.7696  8.0780  7.9808
lc_11._13.7_1.07 56455.53687332069967 g 14.0303 0.015211.5000 13.7832 1.0797  7.8510  8.1593  8.0621
lc_11._13.8_1.07 56455.53687332069967 g 14.1746 0.015111.5000 13.8908 1.0797  7.9586  8.2669  8.1697
lc_11._14.0_1.07 56455.53687332069967 g 14.3515 0.015011.5000 14.0512 1.0797  8.1190  8.4273  8.3301
lc_11._14.2_1.07 56455.53687332069967 g 14.4895 0.015011.5000 14.2130 1.0797  8.2808  8.5892  8.4920
lc_11._14.3_1.07 56455.53687332069967 g 14.6578 0.014911.5000 14.3897 1.0797  8.4575  8.7659  8.6687
lc_11._14.6_1.07 56455.53687332069967 g 14.8982 0.014911.5000 14.6598 1.0797  8.7276  9.0360  8.9388
lc_11._14.7_1.07 56455.53687332069967 g 15.0784 0.014811.5000 14.7976 1.0797  8.8654  9.1737  9.0766
lc_11._14.9_1.07 56455.53687332069967 g 15.2346 0.014811.5000 14.9782 1.0797  9.0460  9.3543  9.2571
lc_12._13.7_1.07 56455.53687332069967 g 13.5958 0.015312.0000 13.7832 1.0797  7.7943  8.1042  8.0055
lc_12._13.8_1.07 56455.53687332069967 g 13.6695 0.015212.0000 13.8908 1.0797  7.9018  8.2117  8.1131
lc_12._14.0_1.07 56455.53687332069967 g 13.8575 0.015212.0000 14.0512 1.0797  8.0622  8.3721  8.2735
lc_12._14.2_1.07 56455.53687332069967 g 14.0222 0.015212.0000 14.2130 1.0797  8.2241  8.5340  8.4354
lc_12._14.3_1.07 56455.53687332069967 g 14.1960 0.015112.0000 14.3897 1.0797  8.4008  8.7107  8.6121
lc_12._14.6_1.07 56455.53687332069967 g 14.4621 0.015012.0000 14.6598 1.0797  8.6709  8.9808  8.8822
lc_12._14.7_1.07 56455.53687332069967 g 14.6019 0.014912.0000 14.7976 1.0797  8.8087  9.1186  9.0200
lc_12._14.9_1.07 56455.53687332069967 g 14.7895 0.014912.0000 14.9782 1.0797  8.9893  9.2992  9.2005
lc_12._14.2_1.07 56455.53687332069967 g 13.5025 0.015312.5000 14.2130 1.0797  8.1697  8.4811  8.3811
lc_12._14.3_1.07 56455.53687332069967 g 13.6922 0.015212.5000 14.3897 1.0797  8.3464  8.6578  8.5578
lc_12._14.6_1.07 56455.53687332069967 g 13.9472 0.015212.5000 14.6598 1.0797  8.6165  8.9279  8.8279
lc_12._14.7_1.07 56455.53687332069967 g 14.0851 0.015112.5000 14.7976 1.0797  8.7543  9.0656  8.9657
lc_12._14.9_1.07 56455.53687332069967 g 14.2545 0.015112.5000 14.9782 1.0797  8.9348  9.2462  9.1463
lc_13._13.8_1.07 56455.53687332069967 g 13.5807 0.015313.0000 13.8908 1.0797  7.7952  8.1080  8.0067
lc_13._14.0_1.07 56455.53687332069967 g 13.7169 0.015213.0000 14.0512 1.0797  7.9556  8.2684  8.1671
lc_13._14.2_1.07 56455.53687332069967 g 13.8920 0.015213.0000 14.2130 1.0797  8.1174  8.4302  8.3290
lc_13._14.3_1.07 56455.53687332069967 g 14.0698 0.015113.0000 14.3897 1.0797  8.2941  8.6069  8.5056
lc_13._14.6_1.07 56455.53687332069967 g 14.3136 0.015013.0000 14.6598 1.0797  8.5642  8.8770  8.7757
lc_13._14.7_1.07 56455.53687332069967 g 14.4751 0.015013.0000 14.7976 1.0797  8.7020  9.0148  8.9135
lc_13._14.9_1.07 56455.53687332069967 g 14.6641 0.014913.0000 14.9782 1.0797  8.8826  9.1954  9.0941
lc_13._13.3_1.07 56455.53687332069967 g 13.5200 0.015313.5000 13.3835 1.0797  7.2376  7.5517  7.4492
lc_13._13.4_1.07 56455.53687332069967 g 13.6106 0.015313.5000 13.4774 1.0797  7.3315  7.6457  7.5431
lc_13._13.6_1.07 56455.53687332069967 g 13.7473 0.015213.5000 13.6214 1.0797  7.4755  7.7896  7.6871
lc_13._13.7_1.07 56455.53687332069967 g 13.8592 0.015213.5000 13.7018 1.0797  7.5559  7.8701  7.7675
lc_13._13.7_1.07 56455.53687332069967 g 13.9416 0.015213.5000 13.7832 1.0797  7.6373  7.9514  7.8489
lc_13._13.8_1.07 56455.53687332069967 g 14.0088 0.015213.5000 13.8908 1.0797  7.7449  8.0590  7.9565
lc_13._14.0_1.07 56455.53687332069967 g 14.2117 0.015113.5000 14.0512 1.0797  7.9053  8.2194  8.1169
lc_13._14.2_1.07 56455.53687332069967 g 14.3432 0.015013.5000 14.2130 1.0797  8.0671  8.3813  8.2788
lc_13._14.3_1.07 56455.53687332069967 g 14.5241 0.015013.5000 14.3897 1.0797  8.2438  8.5580  8.4555
lc_13._14.6_1.07 56455.53687332069967 g 14.7880 0.014913.5000 14.6598 1.0797  8.5139  8.8281  8.7256
lc_13._14.7_1.07 56455.53687332069967 g 14.9383 0.014913.5000 14.7976 1.0797  8.6517  8.9659  8.8633
lc_13._14.9_1.07 56455.53687332069967 g 15.1343 0.014813.5000 14.9782 1.0797  8.8323  9.1464  9.0439
lc_14._13.6_1.07 56455.53687332069967 g 13.5473 0.015314.0000 13.6214 1.0797  7.4270  7.7425  7.6387
lc_14._13.7_1.07 56455.53687332069967 g 13.6078 0.015314.0000 13.7018 1.0797  7.5074  7.8229  7.7192
lc_14._13.7_1.07 56455.53687332069967 g 13.6755 0.015214.0000 13.7832 1.0797  7.5888  7.9043  7.8005
lc_14._13.8_1.07 56455.53687332069967 g 13.8134 0.015214.0000 13.8908 1.0797  7.6964  8.0119  7.9081
lc_14._14.0_1.07 56455.53687332069967 g 13.9916 0.015214.0000 14.0512 1.0797  7.8568  8.1723  8.0685
lc_14._14.2_1.07 56455.53687332069967 g 14.1366 0.015114.0000 14.2130 1.0797  8.0187  8.3342  8.2304
lc_14._14.3_1.07 56455.53687332069967 g 14.3205 0.015014.0000 14.3897 1.0797  8.1954  8.5108  8.4071
lc_14._14.6_1.07 56455.53687332069967 g 14.6093 0.014914.0000 14.6598 1.0797  8.4655  8.7809  8.6772
lc_14._14.7_1.07 56455.53687332069967 g 14.7258 0.014914.0000 14.7976 1.0797  8.6032  8.9187  8.8149
lc_14._14.9_1.07 56455.53687332069967 g 14.9249 0.014914.0000 14.9782 1.0797  8.7838  9.0993  8.9955
lc_14._13.4_1.07 56455.53687332069967 g 13.5606 0.015314.5000 13.4774 1.0797  7.2363  7.5530  7.4481
lc_14._13.6_1.07 56455.53687332069967 g 13.6677 0.015214.5000 13.6214 1.0797  7.3802  7.6970  7.5921
lc_14._13.7_1.07 56455.53687332069967 g 13.7580 0.015214.5000 13.7018 1.0797  7.4607  7.7774  7.6725
lc_14._13.7_1.07 56455.53687332069967 g 13.8587 0.015214.5000 13.7832 1.0797  7.5420  7.8588  7.7539
lc_14._13.8_1.07 56455.53687332069967 g 13.9461 0.015214.5000 13.8908 1.0797  7.6496  7.9664  7.8614
lc_14._14.0_1.07 56455.53687332069967 g 14.1044 0.015114.5000 14.0512 1.0797  7.8100  8.1268  8.0218
lc_14._14.2_1.07 56455.53687332069967 g 14.2700 0.015114.5000 14.2130 1.0797  7.9719  8.2887  8.1837
lc_14._14.3_1.07 56455.53687332069967 g 14.4401 0.015014.5000 14.3897 1.0797  8.1486  8.4654  8.3604
lc_14._14.6_1.07 56455.53687332069967 g 14.7410 0.014914.5000 14.6598 1.0797  8.4187  8.7354  8.6305
lc_14._14.7_1.07 56455.53687332069967 g 14.8209 0.014914.5000 14.7976 1.0797  8.5565  8.8732  8.7683
lc_14._14.9_1.07 56455.53687332069967 g 15.0171 0.014814.5000 14.9782 1.0797  8.7370  9.0538  8.9489
lc_15._13.8_1.07 56455.53687332069967 g 13.5002 0.015315.0000 13.8908 1.0797  7.6044  7.9224  7.8164
lc_15._14.0_1.07 56455.53687332069967 g 13.6859 0.015215.0000 14.0512 1.0797  7.7648  8.0828  7.9768
lc_15._14.2_1.07 56455.53687332069967 g 13.8023 0.015215.0000 14.2130 1.0797  7.9267  8.2447  8.1386
lc_15._14.3_1.07 56455.53687332069967 g 13.9970 0.015215.0000 14.3897 1.0797  8.1034  8.4214  8.3153
lc_15._14.6_1.07 56455.53687332069967 g 14.2756 0.015115.0000 14.6598 1.0797  8.3735  8.6915  8.5854
lc_15._14.7_1.07 56455.53687332069967 g 14.3994 0.015015.0000 14.7976 1.0797  8.5113  8.8293  8.7232
lc_15._14.9_1.07 56455.53687332069967 g 14.6109 0.014915.0000 14.9782 1.0797  8.6919  9.0098  8.9038
lc_15._14.6_1.07 56455.53687332069967 g 13.6321 0.015315.5000 14.6598 1.0797  8.3298  8.6490  8.5418
lc_15._14.7_1.07 56455.53687332069967 g 13.7646 0.015215.5000 14.7976 1.0797  8.4676  8.7867  8.6796
lc_15._14.9_1.07 56455.53687332069967 g 13.9629 0.015215.5000 14.9782 1.0797  8.6482  8.9673  8.8602
lc_16._13.6_1.07 56455.53687332069967 g 13.5169 0.015316.0000 13.6214 1.0797  7.2490  7.5694  7.4611
lc_16._13.7_1.07 56455.53687332069967 g 13.5982 0.015316.0000 13.7018 1.0797  7.3295  7.6498  7.5416
lc_16._13.7_1.07 56455.53687332069967 g 13.6796 0.015216.0000 13.7832 1.0797  7.4108  7.7312  7.6229
lc_16._13.8_1.07 56455.53687332069967 g 13.7554 0.015216.0000 13.8908 1.0797  7.5184  7.8387  7.7305
lc_16._14.0_1.07 56455.53687332069967 g 13.9461 0.015216.0000 14.0512 1.0797  7.6788  7.9992  7.8909
lc_16._14.2_1.07 56455.53687332069967 g 14.0948 0.015116.0000 14.2130 1.0797  7.8407  8.1610  8.0528
lc_16._14.3_1.07 56455.53687332069967 g 14.2813 0.015116.0000 14.3897 1.0797  8.0174  8.3377  8.2295
lc_16._14.6_1.07 56455.53687332069967 g 14.5556 0.015016.0000 14.6598 1.0797  8.2875  8.6078  8.4996
lc_16._14.7_1.07 56455.53687332069967 g 14.7040 0.014916.0000 14.7976 1.0797  8.4253  8.7456  8.6374
lc_16._14.9_1.07 56455.53687332069967 g 14.8706 0.014916.0000 14.9782 1.0797  8.6058  8.9262  8.8179
lc_16._14.7_1.07 56455.53687332069967 g 13.5961 0.015316.5000 14.7976 1.0797  8.3842  8.7057  8.5964
lc_16._14.9_1.07 56455.53687332069967 g 13.8146 0.015216.5000 14.9782 1.0797  8.5648  8.8863  8.7770
lc_17._13.7_1.07 56455.53687332069967 g 13.5458 0.015317.0000 13.7018 1.0797  7.2487  7.5712  7.4610
lc_17._13.7_1.07 56455.53687332069967 g 13.6444 0.015317.0000 13.7832 1.0797  7.3300  7.6526  7.5423
lc_17._13.8_1.07 56455.53687332069967 g 13.7362 0.015217.0000 13.8908 1.0797  7.4376  7.7601  7.6499
lc_17._14.0_1.07 56455.53687332069967 g 13.9420 0.015217.0000 14.0512 1.0797  7.5980  7.9205  7.8103
lc_17._14.2_1.07 56455.53687332069967 g 14.0784 0.015117.0000 14.2130 1.0797  7.7599  8.0824  7.9722
lc_17._14.3_1.07 56455.53687332069967 g 14.2492 0.015117.0000 14.3897 1.0797  7.9366  8.2591  8.1489
lc_17._14.6_1.07 56455.53687332069967 g 14.5293 0.015017.0000 14.6598 1.0797  8.2067  8.5292  8.4190
lc_17._14.7_1.07 56455.53687332069967 g 14.6552 0.014917.0000 14.7976 1.0797  8.3445  8.6670  8.5567
lc_17._14.9_1.07 56455.53687332069967 g 14.8411 0.014917.0000 14.9782 1.0797  8.5250  8.8476  8.7373
lc_17._14.0_1.07 56455.53687332069967 g 13.5476 0.015317.5000 14.0512 1.0797  7.5594  7.8830  7.7718
lc_17._14.2_1.07 56455.53687332069967 g 13.6958 0.015217.5000 14.2130 1.0797  7.7213  8.0448  7.9336
lc_17._14.3_1.07 56455.53687332069967 g 13.8926 0.015217.5000 14.3897 1.0797  7.8980  8.2215  8.1103
lc_17._14.6_1.07 56455.53687332069967 g 14.1356 0.015117.5000 14.6598 1.0797  8.1681  8.4916  8.3804
lc_17._14.7_1.07 56455.53687332069967 g 14.2658 0.015117.5000 14.7976 1.0797  8.3058  8.6294  8.5182
lc_17._14.9_1.07 56455.53687332069967 g 14.4680 0.015017.5000 14.9782 1.0797  8.4864  8.8100  8.6988
lc_18._14.6_1.07 56455.53687332069967 g 13.5963 0.015318.0000 14.6598 1.0797  8.1305  8.4551  8.3430
lc_18._14.7_1.07 56455.53687332069967 g 13.7304 0.015218.0000 14.7976 1.0797  8.2683  8.5929  8.4807
lc_18._14.9_1.07 56455.53687332069967 g 13.8909 0.015218.0000 14.9782 1.0797  8.4489  8.7735  8.6613
lc_19._14.2_1.07 56455.53687332069967 g 13.5606 0.015319.0000 14.2130 1.0797  7.6117  7.9382  7.8243
lc_19._14.3_1.07 56455.53687332069967 g 13.7497 0.015219.0000 14.3897 1.0797  7.7884  8.1149  8.0010
lc_19._14.6_1.07 56455.53687332069967 g 13.9917 0.015219.0000 14.6598 1.0797  8.0585  8.3850  8.2711
lc_19._14.7_1.07 56455.53687332069967 g 14.1318 0.015119.0000 14.7976 1.0797  8.1962  8.5228  8.4088
lc_19._14.9_1.07 56455.53687332069967 g 14.3251 0.015019.0000 14.9782 1.0797  8.3768  8.7034  8.5894
lc_19._14.0_1.07 56455.53687332069967 g 13.5362 0.015319.5000 14.0512 1.0797  7.4152  7.7427  7.6278
lc_19._14.2_1.07 56455.53687332069967 g 13.6635 0.015219.5000 14.2130 1.0797  7.5771  7.9045  7.7897
lc_19._14.3_1.07 56455.53687332069967 g 13.8420 0.015219.5000 14.3897 1.0797  7.7537  8.0812  7.9664
lc_19._14.6_1.07 56455.53687332069967 g 14.1257 0.015119.5000 14.6598 1.0797  8.0238  8.3513  8.2365
lc_19._14.7_1.07 56455.53687332069967 g 14.2440 0.015119.5000 14.7976 1.0797  8.1616  8.4891  8.3743
lc_19._14.9_1.07 56455.53687332069967 g 14.4517 0.015019.5000 14.9782 1.0797  8.3422  8.6697  8.5549
lc_20._14.2_1.07 56455.53687332069967 g 13.6495 0.015320.0000 14.2130 1.0797  7.5433  7.8717  7.7561
lc_20._14.3_1.07 56455.53687332069967 g 13.8165 0.015220.0000 14.3897 1.0797  7.7200  8.0484  7.9327
lc_20._14.6_1.07 56455.53687332069967 g 14.0797 0.015120.0000 14.6598 1.0797  7.9901  8.3185  8.2028
lc_20._14.7_1.07 56455.53687332069967 g 14.2364 0.015120.0000 14.7976 1.0797  8.1279  8.4563  8.3406
lc_20._14.9_1.07 56455.53687332069967 g 14.3973 0.015020.0000 14.9782 1.0797  8.3084  8.6369  8.5212
lc_20._14.2_1.07 56455.53687332069967 g 13.5489 0.015320.5000 14.2130 1.0797  7.5104  7.8397  7.7232
lc_20._14.3_1.07 56455.53687332069967 g 13.7371 0.015220.5000 14.3897 1.0797  7.6871  8.0164  7.8999
lc_20._14.6_1.07 56455.53687332069967 g 14.0046 0.015220.5000 14.6598 1.0797  7.9572  8.2865  8.1700
lc_20._14.7_1.07 56455.53687332069967 g 14.1746 0.015120.5000 14.7976 1.0797  8.0950  8.4243  8.3078
lc_20._14.9_1.07 56455.53687332069967 g 14.3490 0.015020.5000 14.9782 1.0797  8.2755  8.6048  8.4883
lc_21._14.9_1.07 56455.53687332069967 g 13.6791 0.015221.5000 14.9782 1.0797  8.2121  8.5431  8.4250
lc_22._14.6_1.07 56455.53687332069967 g 13.7834 0.015222.0000 14.6598 1.0797  7.8631  8.1949  8.0761
lc_22._14.7_1.07 56455.53687332069967 g 13.8826 0.015222.0000 14.7976 1.0797  8.0008  8.3327  8.2138
lc_22._14.9_1.07 56455.53687332069967 g 14.0871 0.015122.0000 14.9782 1.0797  8.1814  8.5133  8.3944
lc_22._14.0_1.07 56455.53687332069967 g 13.5260 0.015322.5000 14.0512 1.0797  7.2245  7.5571  7.4375
lc_22._14.2_1.07 56455.53687332069967 g 13.7016 0.015222.5000 14.2130 1.0797  7.3863  7.7190  7.5994
lc_22._14.3_1.07 56455.53687332069967 g 13.8941 0.015222.5000 14.3897 1.0797  7.5630  7.8957  7.7761
lc_22._14.6_1.07 56455.53687332069967 g 14.1382 0.015122.5000 14.6598 1.0797  7.8331  8.1658  8.0462
lc_22._14.7_1.07 56455.53687332069967 g 14.2821 0.015122.5000 14.7976 1.0797  7.9709  8.3036  8.1840
lc_22._14.9_1.07 56455.53687332069967 g 14.4650 0.015022.5000 14.9782 1.0797  8.1515  8.4841  8.3645
lc_23._14.0_1.07 56455.53687332069967 g 13.5647 0.015323.0000 14.0512 1.0797  7.1952  7.5286  7.4083
lc_23._14.2_1.07 56455.53687332069967 g 13.7245 0.015223.0000 14.2130 1.0797  7.3571  7.6905  7.5702
lc_23._14.3_1.07 56455.53687332069967 g 13.9183 0.015223.0000 14.3897 1.0797  7.5337  7.8672  7.7469
lc_23._14.6_1.07 56455.53687332069967 g 14.1600 0.015123.0000 14.6598 1.0797  7.8038  8.1373  8.0170
lc_23._14.7_1.07 56455.53687332069967 g 14.2981 0.015123.0000 14.7976 1.0797  7.9416  8.2751  8.1547
lc_23._14.9_1.07 56455.53687332069967 g 14.5098 0.015023.0000 14.9782 1.0797  8.1222  8.4556  8.3353
lc_24._14.3_1.07 56455.53687332069967 g 13.5303 0.015324.0000 14.3897 1.0797  7.4770  7.8120  7.6903
lc_24._14.6_1.07 56455.53687332069967 g 13.7814 0.015224.0000 14.6598 1.0797  7.7471  8.0821  7.9604
lc_24._14.7_1.07 56455.53687332069967 g 13.9196 0.015224.0000 14.7976 1.0797  7.8849  8.2199  8.0981
lc_24._14.9_1.07 56455.53687332069967 g 14.0956 0.015124.0000 14.9782 1.0797  8.0655  8.4005  8.2787
lc_24._13.8_1.07 56455.53687332069967 g 13.5047 0.015324.5000 13.8908 1.0797  6.9506  7.2863  7.1639
lc_24._14.0_1.07 56455.53687332069967 g 13.6824 0.015224.5000 14.0512 1.0797  7.1110  7.4467  7.3243
lc_24._14.2_1.07 56455.53687332069967 g 13.8376 0.015224.5000 14.2130 1.0797  7.2729  7.6086  7.4862
lc_24._14.3_1.07 56455.53687332069967 g 13.9950 0.015224.5000 14.3897 1.0797  7.4495  7.7853  7.6628
lc_24._14.6_1.07 56455.53687332069967 g 14.2457 0.015124.5000 14.6598 1.0797  7.7196  8.0554  7.9329
lc_24._14.7_1.07 56455.53687332069967 g 14.4073 0.015024.5000 14.7976 1.0797  7.8574  8.1931  8.0707
lc_24._14.9_1.07 56455.53687332069967 g 14.5941 0.014924.5000 14.9782 1.0797  8.0380  8.3737  8.2513
lc_25._14.2_1.07 56455.53687332069967 g 13.5046 0.015325.5000 14.2130 1.0797  7.2195  7.5567  7.4330
lc_25._14.3_1.07 56455.53687332069967 g 13.6693 0.015225.5000 14.3897 1.0797  7.3962  7.7334  7.6096
lc_25._14.6_1.07 56455.53687332069967 g 13.9412 0.015225.5000 14.6598 1.0797  7.6663  8.0035  7.8797
lc_25._14.7_1.07 56455.53687332069967 g 14.0876 0.015125.5000 14.7976 1.0797  7.8041  8.1413  8.0175
lc_25._14.9_1.07 56455.53687332069967 g 14.2959 0.015125.5000 14.9782 1.0797  7.9847  8.3219  8.1981
lc_26._14.2_1.07 56455.53687332069967 g 13.5006 0.015326.0000 14.2130 1.0797  7.1937  7.5316  7.4071
lc_26._14.3_1.07 56455.53687332069967 g 13.6755 0.015226.0000 14.3897 1.0797  7.3703  7.7082  7.5838
lc_26._14.6_1.07 56455.53687332069967 g 13.9490 0.015226.0000 14.6598 1.0797  7.6404  7.9783  7.8539
lc_26._14.7_1.07 56455.53687332069967 g 14.0883 0.015126.0000 14.7976 1.0797  7.7782  8.1161  7.9917
lc_26._14.9_1.07 56455.53687332069967 g 14.2866 0.015126.0000 14.9782 1.0797  7.9588  8.2967  8.1723
lc_26._14.6_1.07 56455.53687332069967 g 13.6060 0.015326.5000 14.6598 1.0797  7.6151  7.9536  7.8286
lc_26._14.7_1.07 56455.53687332069967 g 13.7411 0.015226.5000 14.7976 1.0797  7.7528  8.0914  7.9663
lc_26._14.9_1.07 56455.53687332069967 g 13.9480 0.015226.5000 14.9782 1.0797  7.9334  8.2720  8.1469
lc_27._14.2_1.07 56455.53687332069967 g 13.6064 0.015327.0000 14.2130 1.0797  7.1434  7.4826  7.3569
lc_27._14.3_1.07 56455.53687332069967 g 13.7829 0.015227.0000 14.3897 1.0797  7.3200  7.6593  7.5336
lc_27._14.6_1.07 56455.53687332069967 g 14.0574 0.015127.0000 14.6598 1.0797  7.5901  7.9294  7.8037
lc_27._14.7_1.07 56455.53687332069967 g 14.1924 0.015127.0000 14.7976 1.0797  7.7279  8.0672  7.9415
lc_27._14.9_1.07 56455.53687332069967 g 14.3820 0.015027.0000 14.9782 1.0797  7.9085  8.2478  8.1221
lc_27._14.7_1.07 56455.53687332069967 g 13.5570 0.015327.5000 14.7976 1.0797  7.7034  8.0434  7.9171
lc_27._14.9_1.07 56455.53687332069967 g 13.7091 0.015227.5000 14.9782 1.0797  7.8840  8.2240  8.0977
lc_28._14.2_1.07 56455.53687332069967 g 13.6608 0.015228.0000 14.2130 1.0797  7.0949  7.4355  7.3086
lc_28._14.3_1.07 56455.53687332069967 g 13.8409 0.015228.0000 14.3897 1.0797  7.2716  7.6122  7.4853
lc_28._14.6_1.07 56455.53687332069967 g 14.1467 0.015128.0000 14.6598 1.0797  7.5417  7.8823  7.7554
lc_28._14.7_1.07 56455.53687332069967 g 14.2715 0.015128.0000 14.7976 1.0797  7.6794  8.0200  7.8931
lc_28._14.9_1.07 56455.53687332069967 g 14.4527 0.015028.0000 14.9782 1.0797  7.8600  8.2006  8.0737
lc_28._14.7_1.07 56455.53687332069967 g 13.5539 0.015328.5000 14.7976 1.0797  7.6558  7.9971  7.8696
lc_28._14.9_1.07 56455.53687332069967 g 13.7362 0.015228.5000 14.9782 1.0797  7.8364  8.1777  8.0502
lc_29._14.2_1.07 56455.53687332069967 g 13.5165 0.015329.0000 14.2130 1.0797  7.0481  7.3900  7.2619
lc_29._14.3_1.07 56455.53687332069967 g 13.7135 0.015229.0000 14.3897 1.0797  7.2248  7.5667  7.4386
lc_29._14.6_1.07 56455.53687332069967 g 13.9459 0.015229.0000 14.6598 1.0797  7.4949  7.8368  7.7087
lc_29._14.7_1.07 56455.53687332069967 g 14.1154 0.015129.0000 14.7976 1.0797  7.6327  7.9745  7.8464
lc_29._14.9_1.07 56455.53687332069967 g 14.2801 0.015129.0000 14.9782 1.0797  7.8132  8.1551  8.0270
lc_29._14.6_1.07 56455.53687332069967 g 13.5738 0.015329.5000 14.6598 1.0797  7.4721  7.8146  7.6859
lc_29._14.7_1.07 56455.53687332069967 g 13.6936 0.015229.5000 14.7976 1.0797  7.6099  7.9524  7.8237
lc_29._14.9_1.07 56455.53687332069967 g 13.9022 0.015229.5000 14.9782 1.0797  7.7905  8.1329  8.0043
lc_30._8.85_0.50 55353.53138918479817 r 17.6581 0.011430.0000  8.8543 0.5047  1.5757  1.9527  1.8316
lc_30._8.85_0.50 56463.50300065230113 r 16.9797 0.007330.0000  8.8543 0.5047  1.5757  1.9527  1.8316
lc_30._14.6_1.07 56455.53687332069967 g 13.7549 0.015230.0000 14.6598 1.0797  7.4497  7.7928  7.6636
lc_30._14.7_1.07 56455.53687332069967 g 13.8625 0.015230.0000 14.7976 1.0797  7.5875  7.9306  7.8014
lc_30._14.9_1.07 56455.53687332069967 g 14.0425 0.015230.0000 14.9782 1.0797  7.7681  8.1112  7.9819
