# Name Epoch Band Mag eMag period DM E(B-V) KMEAN  W1MEAN W2MEAN
lc_3.0_14.3_0.48 55823.26521605489688 g 13.6379 0.0153 3.0000 14.3549 0.4865 10.1430 10.4377 10.3937
lc_3.0_14.3_0.48 55823.25469404520118 g 13.6376 0.0153 3.0000 14.3549 0.4865 10.1430 10.4377 10.3937
lc_3.0_14.3_0.48 55394.49034027670132 g 13.6555 0.0153 3.0000 14.3549 0.4865 10.1430 10.4377 10.3937
lc_3.0_14.7_0.48 55012.45146208570077 g 13.7920 0.0152 3.0000 14.7543 0.4865 10.5423 10.8370 10.7930
lc_3.0_14.7_0.48 55012.44231458890135 g 13.7670 0.0152 3.0000 14.7543 0.4865 10.5423 10.8370 10.7930
lc_3.0_14.7_0.48 55823.26521605489688 g 14.0430 0.0152 3.0000 14.7543 0.4865 10.5423 10.8370 10.7930
lc_3.0_14.7_0.48 55823.25469404520118 g 14.0515 0.0151 3.0000 14.7543 0.4865 10.5423 10.8370 10.7930
lc_3.0_14.7_0.48 56506.32847700639832 g 13.7022 0.0152 3.0000 14.7543 0.4865 10.5423 10.8370 10.7930
lc_3.0_14.7_0.48 56506.31750039620238 g 13.7410 0.0152 3.0000 14.7543 0.4865 10.5423 10.8370 10.7930
lc_3.0_14.7_0.48 55394.49034027670132 g 14.0045 0.0152 3.0000 14.7543 0.4865 10.5423 10.8370 10.7930
lc_3.0_14.7_0.48 55414.39756410990231 g 13.7488 0.0152 3.0000 14.7543 0.4865 10.5423 10.8370 10.7930
lc_3.0_14.7_0.48 55414.40879156550363 g 13.7328 0.0152 3.0000 14.7543 0.4865 10.5423 10.8370 10.7930
lc_3.0_15.0_0.48 55012.45146208570077 g 14.0911 0.0151 3.0000 15.0494 0.4865 10.8374 11.1321 11.0881
lc_3.0_15.0_0.48 55012.44231458890135 g 14.0637 0.0151 3.0000 15.0494 0.4865 10.8374 11.1321 11.0881
lc_3.0_15.0_0.48 55823.26521605489688 g 14.3095 0.0151 3.0000 15.0494 0.4865 10.8374 11.1321 11.0881
lc_3.0_15.0_0.48 55823.25469404520118 g 14.3235 0.0150 3.0000 15.0494 0.4865 10.8374 11.1321 11.0881
lc_3.0_15.0_0.48 56506.32847700639832 g 14.0081 0.0152 3.0000 15.0494 0.4865 10.8374 11.1321 11.0881
lc_3.0_15.0_0.48 56506.31750039620238 g 13.9967 0.0152 3.0000 15.0494 0.4865 10.8374 11.1321 11.0881
lc_3.0_15.0_0.48 55394.49034027670132 g 14.3431 0.0150 3.0000 15.0494 0.4865 10.8374 11.1321 11.0881
lc_3.0_15.0_0.48 55414.39756410990231 g 14.0386 0.0152 3.0000 15.0494 0.4865 10.8374 11.1321 11.0881
lc_3.0_15.0_0.48 55414.40879156550363 g 14.0612 0.0151 3.0000 15.0494 0.4865 10.8374 11.1321 11.0881
lc_3.5_14.3_0.48 56506.31750039620238 g 13.5297 0.0153 3.5000 14.3549 0.4865  9.9376 10.2378 10.1887
lc_3.5_14.3_0.48 55414.39756410990231 g 13.5180 0.0153 3.5000 14.3549 0.4865  9.9376 10.2378 10.1887
lc_3.5_14.3_0.48 55414.40879156550363 g 13.5207 0.0153 3.5000 14.3549 0.4865  9.9376 10.2378 10.1887
lc_3.5_14.7_0.48 55823.26521605489688 g 13.8410 0.0152 3.5000 14.7543 0.4865 10.3369 10.6372 10.5880
lc_3.5_14.7_0.48 55823.25469404520118 g 13.8490 0.0152 3.5000 14.7543 0.4865 10.3369 10.6372 10.5880
lc_3.5_14.7_0.48 56506.32847700639832 g 13.9175 0.0152 3.5000 14.7543 0.4865 10.3369 10.6372 10.5880
lc_3.5_14.7_0.48 56506.31750039620238 g 13.8957 0.0152 3.5000 14.7543 0.4865 10.3369 10.6372 10.5880
lc_3.5_14.7_0.48 55414.39756410990231 g 13.9417 0.0152 3.5000 14.7543 0.4865 10.3369 10.6372 10.5880
lc_3.5_14.7_0.48 55414.40879156550363 g 13.9009 0.0152 3.5000 14.7543 0.4865 10.3369 10.6372 10.5880
lc_3.5_15.0_0.48 55012.45146208570077 g 13.5812 0.0153 3.5000 15.0494 0.4865 10.6320 10.9323 10.8831
lc_3.5_15.0_0.48 55012.44231458890135 g 13.5805 0.0153 3.5000 15.0494 0.4865 10.6320 10.9323 10.8831
lc_3.5_15.0_0.48 55823.26521605489688 g 14.1367 0.0151 3.5000 15.0494 0.4865 10.6320 10.9323 10.8831
lc_3.5_15.0_0.48 55823.25469404520118 g 14.1305 0.0151 3.5000 15.0494 0.4865 10.6320 10.9323 10.8831
lc_3.5_15.0_0.48 56506.32847700639832 g 14.2064 0.0151 3.5000 15.0494 0.4865 10.6320 10.9323 10.8831
lc_3.5_15.0_0.48 56506.31750039620238 g 14.2025 0.0151 3.5000 15.0494 0.4865 10.6320 10.9323 10.8831
lc_3.5_15.0_0.48 55414.39756410990231 g 14.1929 0.0151 3.5000 15.0494 0.4865 10.6320 10.9323 10.8831
lc_3.5_15.0_0.48 55414.40879156550363 g 14.2017 0.0151 3.5000 15.0494 0.4865 10.6320 10.9323 10.8831
lc_4.0_14.7_0.48 56094.51949574150058 g 13.7266 0.0152 4.0000 14.7543 0.4865 10.1589 10.4640 10.4104
lc_4.0_14.7_0.48 56094.53002309059957 g 13.7341 0.0152 4.0000 14.7543 0.4865 10.1589 10.4640 10.4104
lc_4.0_14.7_0.48 55823.26521605489688 g 13.7897 0.0152 4.0000 14.7543 0.4865 10.1589 10.4640 10.4104
lc_4.0_14.7_0.48 55823.25469404520118 g 13.7985 0.0152 4.0000 14.7543 0.4865 10.1589 10.4640 10.4104
lc_4.0_14.7_0.48 56506.32847700639832 g 13.6656 0.0152 4.0000 14.7543 0.4865 10.1589 10.4640 10.4104
lc_4.0_14.7_0.48 56506.31750039620238 g 13.6851 0.0152 4.0000 14.7543 0.4865 10.1589 10.4640 10.4104
lc_4.0_14.7_0.48 55394.49034027670132 g 13.7055 0.0152 4.0000 14.7543 0.4865 10.1589 10.4640 10.4104
lc_4.0_14.7_0.48 55414.39756410990231 g 13.6777 0.0152 4.0000 14.7543 0.4865 10.1589 10.4640 10.4104
lc_4.0_14.7_0.48 55414.40879156550363 g 13.7552 0.0152 4.0000 14.7543 0.4865 10.1589 10.4640 10.4104
lc_4.0_15.0_0.48 56094.51949574150058 g 14.0119 0.0152 4.0000 15.0494 0.4865 10.4540 10.7591 10.7055
lc_4.0_15.0_0.48 56094.53002309059957 g 14.0384 0.0152 4.0000 15.0494 0.4865 10.4540 10.7591 10.7055
lc_4.0_15.0_0.48 55823.26521605489688 g 14.0898 0.0151 4.0000 15.0494 0.4865 10.4540 10.7591 10.7055
lc_4.0_15.0_0.48 55823.25469404520118 g 14.0975 0.0151 4.0000 15.0494 0.4865 10.4540 10.7591 10.7055
lc_4.0_15.0_0.48 56506.32847700639832 g 13.9776 0.0152 4.0000 15.0494 0.4865 10.4540 10.7591 10.7055
lc_4.0_15.0_0.48 56506.31750039620238 g 13.9667 0.0152 4.0000 15.0494 0.4865 10.4540 10.7591 10.7055
lc_4.0_15.0_0.48 55394.49034027670132 g 14.0259 0.0152 4.0000 15.0494 0.4865 10.4540 10.7591 10.7055
lc_4.0_15.0_0.48 55414.39756410990231 g 13.9999 0.0152 4.0000 15.0494 0.4865 10.4540 10.7591 10.7055
lc_4.0_15.0_0.48 55414.40879156550363 g 14.0347 0.0152 4.0000 15.0494 0.4865 10.4540 10.7591 10.7055
lc_4.5_14.7_0.48 55012.45146208570077 g 13.6553 0.0153 4.5000 14.7543 0.4865 10.0019 10.3113 10.2538
lc_4.5_14.7_0.48 55012.44231458890135 g 13.6448 0.0153 4.5000 14.7543 0.4865 10.0019 10.3113 10.2538
lc_4.5_14.7_0.48 55823.26521605489688 g 13.6743 0.0152 4.5000 14.7543 0.4865 10.0019 10.3113 10.2538
lc_4.5_14.7_0.48 55823.25469404520118 g 13.6729 0.0152 4.5000 14.7543 0.4865 10.0019 10.3113 10.2538
lc_4.5_14.7_0.48 56506.32847700639832 g 13.6370 0.0153 4.5000 14.7543 0.4865 10.0019 10.3113 10.2538
lc_4.5_14.7_0.48 56506.31750039620238 g 13.6468 0.0153 4.5000 14.7543 0.4865 10.0019 10.3113 10.2538
lc_4.5_14.7_0.48 55394.49034027670132 g 13.5861 0.0153 4.5000 14.7543 0.4865 10.0019 10.3113 10.2538
lc_4.5_15.0_0.48 55012.45146208570077 g 13.9754 0.0152 4.5000 15.0494 0.4865 10.2971 10.6064 10.5489
lc_4.5_15.0_0.48 55012.44231458890135 g 13.9771 0.0152 4.5000 15.0494 0.4865 10.2971 10.6064 10.5489
lc_4.5_15.0_0.48 55823.26521605489688 g 13.9720 0.0152 4.5000 15.0494 0.4865 10.2971 10.6064 10.5489
lc_4.5_15.0_0.48 55823.25469404520118 g 13.9460 0.0152 4.5000 15.0494 0.4865 10.2971 10.6064 10.5489
lc_4.5_15.0_0.48 56506.32847700639832 g 13.9387 0.0152 4.5000 15.0494 0.4865 10.2971 10.6064 10.5489
lc_4.5_15.0_0.48 56506.31750039620238 g 13.9276 0.0152 4.5000 15.0494 0.4865 10.2971 10.6064 10.5489
lc_4.5_15.0_0.48 55394.49034027670132 g 13.8644 0.0152 4.5000 15.0494 0.4865 10.2971 10.6064 10.5489
lc_5.0_14.7_0.48 55012.45146208570077 g 13.5734 0.0153 5.0000 14.7543 0.4865  9.8615 10.1747 10.1136
lc_5.0_14.7_0.48 55012.44231458890135 g 13.5627 0.0153 5.0000 14.7543 0.4865  9.8615 10.1747 10.1136
lc_5.0_14.7_0.48 55823.26521605489688 g 13.5357 0.0153 5.0000 14.7543 0.4865  9.8615 10.1747 10.1136
lc_5.0_14.7_0.48 55823.25469404520118 g 13.5504 0.0153 5.0000 14.7543 0.4865  9.8615 10.1747 10.1136
lc_5.0_15.0_0.48 55012.45146208570077 g 13.9226 0.0152 5.0000 15.0494 0.4865 10.1566 10.4698 10.4088
lc_5.0_15.0_0.48 55012.44231458890135 g 13.9067 0.0152 5.0000 15.0494 0.4865 10.1566 10.4698 10.4088
lc_5.0_15.0_0.48 55823.26521605489688 g 13.8465 0.0152 5.0000 15.0494 0.4865 10.1566 10.4698 10.4088
lc_5.0_15.0_0.48 55823.25469404520118 g 13.8295 0.0152 5.0000 15.0494 0.4865 10.1566 10.4698 10.4088
lc_5.0_15.0_0.48 56506.32847700639832 g 13.6884 0.0152 5.0000 15.0494 0.4865 10.1566 10.4698 10.4088
lc_5.0_15.0_0.48 56506.31750039620238 g 13.6583 0.0152 5.0000 15.0494 0.4865 10.1566 10.4698 10.4088
lc_5.5_14.7_0.48 56094.51949574150058 g 13.5279 0.0153 5.5000 14.7543 0.4865  9.7345 10.0511  9.9869
lc_5.5_14.7_0.48 56094.53002309059957 g 13.5382 0.0153 5.5000 14.7543 0.4865  9.7345 10.0511  9.9869
lc_5.5_15.0_0.48 56094.51949574150058 g 13.8339 0.0152 5.5000 15.0494 0.4865 10.0296 10.3463 10.2820
lc_5.5_15.0_0.48 56094.53002309059957 g 13.7978 0.0152 5.5000 15.0494 0.4865 10.0296 10.3463 10.2820
lc_5.5_15.0_0.48 56506.32847700639832 g 13.6133 0.0153 5.5000 15.0494 0.4865 10.0296 10.3463 10.2820
lc_5.5_15.0_0.48 56506.31750039620238 g 13.6297 0.0153 5.5000 15.0494 0.4865 10.0296 10.3463 10.2820
lc_6.0_14.7_0.48 55012.45146208570077 g 13.5448 0.0153 6.0000 14.7543 0.4865  9.6185  9.9383  9.8712
lc_6.0_14.7_0.48 55012.44231458890135 g 13.5208 0.0153 6.0000 14.7543 0.4865  9.6185  9.9383  9.8712
lc_6.0_14.7_0.48 56506.32847700639832 g 13.5132 0.0153 6.0000 14.7543 0.4865  9.6185  9.9383  9.8712
lc_6.0_15.0_0.48 55012.45146208570077 g 13.8233 0.0152 6.0000 15.0494 0.4865  9.9137 10.2334 10.1663
lc_6.0_15.0_0.48 55012.44231458890135 g 13.8144 0.0152 6.0000 15.0494 0.4865  9.9137 10.2334 10.1663
lc_6.0_15.0_0.48 55823.26521605489688 g 13.5108 0.0153 6.0000 15.0494 0.4865  9.9137 10.2334 10.1663
lc_6.0_15.0_0.48 55823.25469404520118 g 13.5166 0.0153 6.0000 15.0494 0.4865  9.9137 10.2334 10.1663
lc_6.0_15.0_0.48 56506.32847700639832 g 13.7995 0.0152 6.0000 15.0494 0.4865  9.9137 10.2334 10.1663
lc_6.0_15.0_0.48 56506.31750039620238 g 13.8169 0.0152 6.0000 15.0494 0.4865  9.9137 10.2334 10.1663
lc_6.0_15.0_0.48 55414.39756410990231 g 13.8113 0.0152 6.0000 15.0494 0.4865  9.9137 10.2334 10.1663
lc_6.0_15.0_0.48 55414.40879156550363 g 13.7903 0.0152 6.0000 15.0494 0.4865  9.9137 10.2334 10.1663
lc_6.5_15.0_0.48 55012.45146208570077 g 13.5337 0.0153 6.5000 15.0494 0.4865  9.8070 10.1297 10.0598
lc_6.5_15.0_0.48 55012.44231458890135 g 13.5282 0.0153 6.5000 15.0494 0.4865  9.8070 10.1297 10.0598
lc_7.5_15.0_0.48 55012.45146208570077 g 13.5633 0.0153 7.5000 15.0494 0.4865  9.6163  9.9441  9.8695
lc_7.5_15.0_0.48 55012.44231458890135 g 13.5908 0.0153 7.5000 15.0494 0.4865  9.6163  9.9441  9.8695
lc_7.5_15.0_0.48 55394.49034027670132 g 13.6668 0.0152 7.5000 15.0494 0.4865  9.6163  9.9441  9.8695
lc_16._9.06_0.20 56506.35134257459868 r 15.1902 0.002516.5000  9.0646 0.2055  2.5472  2.9202  2.8232
lc_19._9.06_0.20 55408.38021996489988 r 13.7807 0.001319.0000  9.0646 0.2055  2.3592  2.7373  2.6356
lc_19._9.06_0.20 56519.30791736210085 r 15.9792 0.003919.5000  9.0646 0.2055  2.3246  2.7036  2.6010
lc_19._9.06_0.20 56088.47105526099767 r 14.3801 0.001719.5000  9.0646 0.2055  2.3246  2.7036  2.6010
lc_21._9.06_0.20 55408.38021996489988 r 17.7914 0.012521.0000  9.0646 0.2055  2.2258  2.6075  2.5025
lc_22._9.06_0.20 55739.53894743550336 r 13.8232 0.001322.5000  9.0646 0.2055  2.1338  2.5181  2.4107
lc_23._9.06_0.20 55010.47074859550048 r 21.3374 0.179823.0000  9.0646 0.2055  2.1045  2.4896  2.3815
lc_23._9.06_0.20 55396.34270885500155 r 17.5534 0.010723.0000  9.0646 0.2055  2.1045  2.4896  2.3815
lc_23._9.06_0.20 56089.59271826739860 r 13.5885 0.001223.0000  9.0646 0.2055  2.1045  2.4896  2.3815
lc_23._9.06_0.20 56089.59888100749959 r 16.7523 0.006323.0000  9.0646 0.2055  2.1045  2.4896  2.3815
lc_24._9.06_0.20 56089.59949215820234 r 22.6735 0.532924.0000  9.0646 0.2055  2.0478  2.4344  2.3249
lc_24._9.06_0.20 55396.31085305940360 r 22.1030 0.333724.5000  9.0646 0.2055  2.0203  2.4077  2.2975
lc_24._9.06_0.20 56519.31810530029907 r 20.1112 0.068624.5000  9.0646 0.2055  2.0203  2.4077  2.2975
lc_25._9.06_0.20 56519.30791736210085 r 17.9156 0.013725.0000  9.0646 0.2055  1.9934  2.3815  2.2706
lc_25._9.06_0.20 55396.31085305940360 r 22.0975 0.332225.5000  9.0646 0.2055  1.9670  2.3558  2.2443
lc_25._9.06_0.20 56519.31810530029907 r 19.5555 0.044925.5000  9.0646 0.2055  1.9670  2.3558  2.2443
lc_26._9.06_0.20 55739.53894743550336 r 16.1073 0.004226.5000  9.0646 0.2055  1.9158  2.3059  2.1931
lc_27._9.06_0.20 56089.59333438769681 r 18.6360 0.022827.0000  9.0646 0.2055  1.8909  2.2817  2.1682
lc_27._9.06_0.20 55010.48347786480008 r 14.7183 0.002027.5000  9.0646 0.2055  1.8664  2.2579  2.1438
lc_29._9.06_0.20 55010.47074859550048 r 15.7704 0.003529.0000  9.0646 0.2055  1.7956  2.1891  2.0732
lc_29._9.06_0.20 56519.30791736210085 r 20.3839 0.084729.0000  9.0646 0.2055  1.7956  2.1891  2.0732
lc_30._9.06_0.20 55010.48347786480008 r 14.3064 0.001630.0000  9.0646 0.2055  1.7504  2.1451  2.0281
