# Name Epoch Band Mag eMag period DM E(B-V) KMEAN  W1MEAN W2MEAN
lc_3.0_14.4_0.54 55397.37250496810157 g 13.6566 0.0152 3.0000 14.4660 0.5423 10.2607 10.5521 10.5073
lc_3.0_14.6_0.58 55397.37250496810157 g 13.9371 0.0152 3.0000 14.6188 0.5892 10.4191 10.7077 10.6623
lc_3.0_14.7_0.63 55397.37250496810157 g 14.2791 0.0151 3.0000 14.7952 0.6384 10.6013 10.8871 10.8409
lc_3.0_15.0_0.69 55397.37250496810157 g 14.6818 0.0149 3.0000 15.0323 0.6988 10.8457 11.1278 11.0808
lc_3.0_15.0_0.69 55397.37250496810157 r 13.6489 0.0012 3.0000 15.0323 0.6988 10.8457 11.1278 11.0808
lc_3.0_15.0_0.69 56088.52780125050049 i 13.5871 0.0153 3.0000 15.0323 0.6988 10.8457 11.1278 11.0808
lc_3.0_15.0_0.69 56090.54726552729699 i 13.5287 0.0154 3.0000 15.0323 0.6988 10.8457 11.1278 11.0808
lc_3.0_15.0_0.69 56088.53889624550357 i 13.6072 0.0153 3.0000 15.0323 0.6988 10.8457 11.1278 11.0808
lc_3.0_15.4_0.82 55397.37250496810157 g 15.5679 0.0149 3.0000 15.4776 0.8249 11.3059 11.5806 11.5319
lc_3.0_15.4_0.82 55397.37250496810157 r 14.3900 0.0017 3.0000 15.4776 0.8249 11.3059 11.5806 11.5319
lc_3.0_15.4_0.82 56088.52780125050049 i 14.2871 0.0148 3.0000 15.4776 0.8249 11.3059 11.5806 11.5319
lc_3.0_15.4_0.82 56090.55851792419708 i 14.1929 0.0148 3.0000 15.4776 0.8249 11.3059 11.5806 11.5319
lc_3.0_15.4_0.82 56090.54726552729699 i 14.1932 0.0148 3.0000 15.4776 0.8249 11.3059 11.5806 11.5319
lc_3.0_15.4_0.82 56088.53889624550357 i 14.2923 0.0148 3.0000 15.4776 0.8249 11.3059 11.5806 11.5319
lc_3.0_15.4_0.82 56470.46486953359999 i 13.9413 0.0150 3.0000 15.4776 0.8249 11.3059 11.5806 11.5319
lc_3.0_15.4_0.82 55397.37250496810157 i 14.1043 0.0149 3.0000 15.4776 0.8249 11.3059 11.5806 11.5319
lc_3.0_15.4_0.82 55668.60630343959929 z 13.6234 0.0147 3.0000 15.4776 0.8249 11.3059 11.5806 11.5319
lc_3.0_15.4_0.82 56538.26059070199699 z 13.6294 0.0147 3.0000 15.4776 0.8249 11.3059 11.5806 11.5319
lc_3.0_15.4_0.82 56043.61822232510167 z 13.5927 0.0147 3.0000 15.4776 0.8249 11.3059 11.5806 11.5319
lc_3.2_14.7_0.63 55397.37250496810157 g 13.6870 0.0152 3.2000 14.7952 0.6384 10.5153 10.8034 10.7551
lc_3.2_15.0_0.69 55397.37250496810157 g 14.1424 0.0151 3.2000 15.0323 0.6988 10.7596 11.0441 10.9950
lc_3.2_15.0_0.69 56090.55851792419708 i 13.5898 0.0153 3.2000 15.0323 0.6988 10.7596 11.0441 10.9950
lc_3.2_15.0_0.69 56090.54726552729699 i 13.5856 0.0153 3.2000 15.0323 0.6988 10.7596 11.0441 10.9950
lc_3.2_15.4_0.82 55397.37250496810157 g 14.9847 0.0149 3.2000 15.4776 0.8249 11.2199 11.4970 11.4461
lc_3.2_15.4_0.82 55397.37250496810157 r 14.0059 0.0014 3.2000 15.4776 0.8249 11.2199 11.4970 11.4461
lc_3.2_15.4_0.82 56088.52780125050049 i 13.9129 0.0150 3.2000 15.4776 0.8249 11.2199 11.4970 11.4461
lc_3.2_15.4_0.82 56090.55851792419708 i 14.2519 0.0148 3.2000 15.4776 0.8249 11.2199 11.4970 11.4461
lc_3.2_15.4_0.82 56090.54726552729699 i 14.2543 0.0148 3.2000 15.4776 0.8249 11.2199 11.4970 11.4461
lc_3.2_15.4_0.82 56088.53889624550357 i 13.8537 0.0151 3.2000 15.4776 0.8249 11.2199 11.4970 11.4461
lc_3.2_15.4_0.82 56470.46486953359999 i 14.1369 0.0149 3.2000 15.4776 0.8249 11.2199 11.4970 11.4461
lc_3.2_15.4_0.82 55397.37250496810157 i 13.8742 0.0151 3.2000 15.4776 0.8249 11.2199 11.4970 11.4461
lc_3.2_15.4_0.82 55668.60630343959929 z 13.5114 0.0147 3.2000 15.4776 0.8249 11.2199 11.4970 11.4461
lc_3.4_14.7_0.63 55397.37250496810157 g 13.5370 0.0153 3.4000 14.7952 0.6384 10.4345 10.7248 10.6745
lc_3.4_15.0_0.69 55397.37250496810157 g 13.9771 0.0152 3.4000 15.0323 0.6988 10.6788 10.9655 10.9144
lc_3.4_15.0_0.69 56470.46486953359999 i 13.5879 0.0153 3.4000 15.0323 0.6988 10.6788 10.9655 10.9144
lc_3.4_15.4_0.82 55397.37250496810157 g 14.8293 0.0149 3.4000 15.4776 0.8249 11.1391 11.4184 11.3654
lc_3.4_15.4_0.82 55397.37250496810157 r 13.7655 0.0013 3.4000 15.4776 0.8249 11.1391 11.4184 11.3654
lc_3.4_15.4_0.82 56088.52780125050049 i 13.8865 0.0151 3.4000 15.4776 0.8249 11.1391 11.4184 11.3654
lc_3.4_15.4_0.82 56090.55851792419708 i 13.9089 0.0150 3.4000 15.4776 0.8249 11.1391 11.4184 11.3654
lc_3.4_15.4_0.82 56090.54726552729699 i 13.8916 0.0151 3.4000 15.4776 0.8249 11.1391 11.4184 11.3654
lc_3.4_15.4_0.82 56088.53889624550357 i 13.8978 0.0151 3.4000 15.4776 0.8249 11.1391 11.4184 11.3654
lc_3.4_15.4_0.82 56470.46486953359999 i 14.1963 0.0148 3.4000 15.4776 0.8249 11.1391 11.4184 11.3654
lc_3.4_15.4_0.82 55397.37250496810157 i 13.7273 0.0152 3.4000 15.4776 0.8249 11.1391 11.4184 11.3654
lc_3.6_14.4_0.54 55397.37250496810157 g 13.7466 0.0152 3.6000 14.4660 0.5423 10.0178 10.3158 10.2649
lc_3.6_14.6_0.58 55397.37250496810157 g 14.0708 0.0151 3.6000 14.6188 0.5892 10.1761 10.4713 10.4198
lc_3.6_14.7_0.63 55397.37250496810157 g 14.4203 0.0150 3.6000 14.7952 0.6384 10.3584 10.6507 10.5985
lc_3.6_15.0_0.69 55397.37250496810157 g 14.8195 0.0149 3.6000 15.0323 0.6988 10.6027 10.8914 10.8384
lc_3.6_15.0_0.69 55397.37250496810157 r 13.6607 0.0012 3.6000 15.0323 0.6988 10.6027 10.8914 10.8384
lc_3.6_15.0_0.69 56088.53889624550357 i 13.5262 0.0154 3.6000 15.0323 0.6988 10.6027 10.8914 10.8384
lc_3.6_15.4_0.82 55397.37250496810157 g 15.7035 0.0150 3.6000 15.4776 0.8249 11.0629 11.3443 11.2894
lc_3.6_15.4_0.82 55397.37250496810157 r 14.4270 0.0017 3.6000 15.4776 0.8249 11.0629 11.3443 11.2894
lc_3.6_15.4_0.82 56088.52780125050049 i 14.0896 0.0149 3.6000 15.4776 0.8249 11.0629 11.3443 11.2894
lc_3.6_15.4_0.82 56090.55851792419708 i 13.7681 0.0152 3.6000 15.4776 0.8249 11.0629 11.3443 11.2894
lc_3.6_15.4_0.82 56090.54726552729699 i 13.8366 0.0151 3.6000 15.4776 0.8249 11.0629 11.3443 11.2894
lc_3.6_15.4_0.82 56088.53889624550357 i 14.1738 0.0148 3.6000 15.4776 0.8249 11.0629 11.3443 11.2894
lc_3.6_15.4_0.82 56470.46486953359999 i 14.1880 0.0148 3.6000 15.4776 0.8249 11.0629 11.3443 11.2894
lc_3.6_15.4_0.82 55397.37250496810157 i 14.1376 0.0149 3.6000 15.4776 0.8249 11.0629 11.3443 11.2894
lc_3.8_14.6_0.58 55397.37250496810157 g 13.6279 0.0153 3.8000 14.6188 0.5892 10.1041 10.4012 10.3479
lc_3.8_14.7_0.63 55397.37250496810157 g 13.9787 0.0152 3.8000 14.7952 0.6384 10.2863 10.5806 10.5266
lc_3.8_15.0_0.69 55397.37250496810157 g 14.4147 0.0150 3.8000 15.0323 0.6988 10.5306 10.8213 10.7665
lc_3.8_15.4_0.82 55397.37250496810157 g 15.2598 0.0148 3.8000 15.4776 0.8249 10.9909 11.2742 11.2175
lc_3.8_15.4_0.82 55397.37250496810157 r 14.0093 0.0014 3.8000 15.4776 0.8249 10.9909 11.2742 11.2175
lc_3.8_15.4_0.82 56088.52780125050049 i 13.7589 0.0152 3.8000 15.4776 0.8249 10.9909 11.2742 11.2175
lc_3.8_15.4_0.82 56090.55851792419708 i 14.0742 0.0149 3.8000 15.4776 0.8249 10.9909 11.2742 11.2175
lc_3.8_15.4_0.82 56090.54726552729699 i 14.1103 0.0149 3.8000 15.4776 0.8249 10.9909 11.2742 11.2175
lc_3.8_15.4_0.82 56088.53889624550357 i 13.7136 0.0152 3.8000 15.4776 0.8249 10.9909 11.2742 11.2175
lc_3.8_15.4_0.82 56470.46486953359999 i 14.1040 0.0149 3.8000 15.4776 0.8249 10.9909 11.2742 11.2175
lc_3.8_15.4_0.82 55397.37250496810157 i 13.7047 0.0152 3.8000 15.4776 0.8249 10.9909 11.2742 11.2175
lc_4.0_14.6_0.58 55397.37250496810157 g 13.5624 0.0153 4.0000 14.6188 0.5892 10.0357 10.3347 10.2797
lc_4.0_14.7_0.63 55397.37250496810157 g 13.8710 0.0152 4.0000 14.7952 0.6384 10.2179 10.5141 10.4583
lc_4.0_15.0_0.69 55397.37250496810157 g 14.3294 0.0150 4.0000 15.0323 0.6988 10.4622 10.7548 10.6982
lc_4.0_15.4_0.82 55397.37250496810157 g 15.1738 0.0148 4.0000 15.4776 0.8249 10.9225 11.2077 11.1493
lc_4.0_15.4_0.82 55397.37250496810157 r 14.0062 0.0014 4.0000 15.4776 0.8249 10.9225 11.2077 11.1493
lc_4.0_15.4_0.82 56088.52780125050049 i 13.6687 0.0153 4.0000 15.4776 0.8249 10.9225 11.2077 11.1493
lc_4.0_15.4_0.82 56090.55851792419708 i 13.9964 0.0150 4.0000 15.4776 0.8249 10.9225 11.2077 11.1493
lc_4.0_15.4_0.82 56090.54726552729699 i 14.0297 0.0149 4.0000 15.4776 0.8249 10.9225 11.2077 11.1493
lc_4.0_15.4_0.82 56088.53889624550357 i 13.6568 0.0153 4.0000 15.4776 0.8249 10.9225 11.2077 11.1493
lc_4.0_15.4_0.82 56470.46486953359999 i 13.9368 0.0150 4.0000 15.4776 0.8249 10.9225 11.2077 11.1493
lc_4.0_15.4_0.82 55397.37250496810157 i 13.7278 0.0152 4.0000 15.4776 0.8249 10.9225 11.2077 11.1493
lc_4.2_14.6_0.58 55397.37250496810157 g 13.6681 0.0152 4.2000 14.6188 0.5892  9.9707 10.2715 10.2148
lc_4.2_14.7_0.63 55397.37250496810157 g 14.0030 0.0152 4.2000 14.7952 0.6384 10.1529 10.4508 10.3935
lc_4.2_15.0_0.69 55397.37250496810157 g 14.4597 0.0150 4.2000 15.0323 0.6988 10.3972 10.6916 10.6334
lc_4.2_15.4_0.82 55397.37250496810157 g 15.2919 0.0149 4.2000 15.4776 0.8249 10.8575 11.1444 11.0844
lc_4.2_15.4_0.82 55397.37250496810157 r 14.0872 0.0014 4.2000 15.4776 0.8249 10.8575 11.1444 11.0844
lc_4.2_15.4_0.82 56088.52780125050049 i 13.8110 0.0151 4.2000 15.4776 0.8249 10.8575 11.1444 11.0844
lc_4.2_15.4_0.82 56090.55851792419708 i 13.7161 0.0152 4.2000 15.4776 0.8249 10.8575 11.1444 11.0844
lc_4.2_15.4_0.82 56090.54726552729699 i 13.7900 0.0152 4.2000 15.4776 0.8249 10.8575 11.1444 11.0844
lc_4.2_15.4_0.82 56088.53889624550357 i 13.8202 0.0151 4.2000 15.4776 0.8249 10.8575 11.1444 11.0844
lc_4.2_15.4_0.82 56470.46486953359999 i 13.6920 0.0152 4.2000 15.4776 0.8249 10.8575 11.1444 11.0844
lc_4.2_15.4_0.82 55397.37250496810157 i 13.8107 0.0151 4.2000 15.4776 0.8249 10.8575 11.1444 11.0844
lc_4.4_14.7_0.63 55397.37250496810157 g 13.5751 0.0153 4.4000 14.7952 0.6384 10.0909 10.3905 10.3316
lc_4.4_15.0_0.69 55397.37250496810157 g 14.0063 0.0152 4.4000 15.0323 0.6988 10.3352 10.6313 10.5715
lc_4.4_15.4_0.82 55397.37250496810157 g 14.8672 0.0149 4.4000 15.4776 0.8249 10.7955 11.0841 11.0226
lc_4.4_15.4_0.82 55397.37250496810157 r 13.7142 0.0012 4.4000 15.4776 0.8249 10.7955 11.0841 11.0226
lc_4.4_15.4_0.82 56088.52780125050049 i 13.6981 0.0152 4.4000 15.4776 0.8249 10.7955 11.0841 11.0226
lc_4.4_15.4_0.82 56090.55851792419708 i 13.9487 0.0150 4.4000 15.4776 0.8249 10.7955 11.0841 11.0226
lc_4.4_15.4_0.82 56090.54726552729699 i 13.9414 0.0150 4.4000 15.4776 0.8249 10.7955 11.0841 11.0226
lc_4.4_15.4_0.82 56088.53889624550357 i 13.5767 0.0153 4.4000 15.4776 0.8249 10.7955 11.0841 11.0226
lc_4.4_15.4_0.82 56470.46486953359999 i 13.5614 0.0154 4.4000 15.4776 0.8249 10.7955 11.0841 11.0226
lc_4.4_15.4_0.82 55397.37250496810157 i 13.5953 0.0153 4.4000 15.4776 0.8249 10.7955 11.0841 11.0226
lc_4.6_14.6_0.58 55397.37250496810157 g 13.6562 0.0152 4.6000 14.6188 0.5892  9.8494 10.1535 10.0938
lc_4.6_14.7_0.63 55397.37250496810157 g 13.9937 0.0152 4.6000 14.7952 0.6384 10.0317 10.3329 10.2725
lc_4.6_15.0_0.69 55397.37250496810157 g 14.4185 0.0150 4.6000 15.0323 0.6988 10.2760 10.5736 10.5124
lc_4.6_15.4_0.82 55397.37250496810157 g 15.2620 0.0148 4.6000 15.4776 0.8249 10.7362 11.0265 10.9634
lc_4.6_15.4_0.82 55397.37250496810157 r 13.9773 0.0014 4.6000 15.4776 0.8249 10.7362 11.0265 10.9634
lc_4.6_15.4_0.82 56088.52780125050049 i 13.9010 0.0151 4.6000 15.4776 0.8249 10.7362 11.0265 10.9634
lc_4.6_15.4_0.82 56090.55851792419708 i 13.5315 0.0154 4.6000 15.4776 0.8249 10.7362 11.0265 10.9634
lc_4.6_15.4_0.82 56090.54726552729699 i 13.5034 0.0154 4.6000 15.4776 0.8249 10.7362 11.0265 10.9634
lc_4.6_15.4_0.82 56088.53889624550357 i 13.9572 0.0150 4.6000 15.4776 0.8249 10.7362 11.0265 10.9634
lc_4.6_15.4_0.82 56470.46486953359999 i 13.9123 0.0150 4.6000 15.4776 0.8249 10.7362 11.0265 10.9634
lc_4.6_15.4_0.82 55397.37250496810157 i 13.7009 0.0152 4.6000 15.4776 0.8249 10.7362 11.0265 10.9634
lc_4.8_14.4_0.54 55397.37250496810157 g 13.5239 0.0153 4.8000 14.4660 0.5423  9.6343  9.9428  9.8823
lc_4.8_14.6_0.58 55397.37250496810157 g 13.8277 0.0152 4.8000 14.6188 0.5892  9.7927 10.0984 10.0372
lc_4.8_14.7_0.63 55397.37250496810157 g 14.1776 0.0151 4.8000 14.7952 0.6384  9.9750 10.2777 10.2159
lc_4.8_15.0_0.69 55397.37250496810157 g 14.6002 0.0149 4.8000 15.0323 0.6988 10.2193 10.5184 10.4558
lc_4.8_15.4_0.82 55397.37250496810157 g 15.4465 0.0149 4.8000 15.4776 0.8249 10.6795 10.9713 10.9068
lc_4.8_15.4_0.82 55397.37250496810157 r 14.1497 0.0015 4.8000 15.4776 0.8249 10.6795 10.9713 10.9068
lc_4.8_15.4_0.82 56088.52780125050049 i 13.8516 0.0151 4.8000 15.4776 0.8249 10.6795 10.9713 10.9068
lc_4.8_15.4_0.82 56088.53889624550357 i 13.8931 0.0151 4.8000 15.4776 0.8249 10.6795 10.9713 10.9068
lc_4.8_15.4_0.82 56470.46486953359999 i 13.5235 0.0154 4.8000 15.4776 0.8249 10.6795 10.9713 10.9068
lc_4.8_15.4_0.82 55397.37250496810157 i 13.8491 0.0151 4.8000 15.4776 0.8249 10.6795 10.9713 10.9068
lc_5.0_14.7_0.63 55397.37250496810157 g 13.6021 0.0153 5.0000 14.7952 0.6384  9.9205 10.2248 10.1616
lc_5.0_15.0_0.69 55397.37250496810157 g 14.0485 0.0151 5.0000 15.0323 0.6988 10.1649 10.4655 10.4015
lc_5.0_15.4_0.82 55397.37250496810157 g 14.8928 0.0149 5.0000 15.4776 0.8249 10.6251 10.9183 10.8525
lc_5.0_15.4_0.82 55397.37250496810157 r 13.6636 0.0012 5.0000 15.4776 0.8249 10.6251 10.9183 10.8525
lc_5.0_15.4_0.82 56088.52780125050049 i 13.6402 0.0153 5.0000 15.4776 0.8249 10.6251 10.9183 10.8525
lc_5.0_15.4_0.82 56090.55851792419708 i 13.6362 0.0153 5.0000 15.4776 0.8249 10.6251 10.9183 10.8525
lc_5.0_15.4_0.82 56090.54726552729699 i 13.6055 0.0153 5.0000 15.4776 0.8249 10.6251 10.9183 10.8525
lc_5.0_15.4_0.82 56088.53889624550357 i 13.6920 0.0152 5.0000 15.4776 0.8249 10.6251 10.9183 10.8525
lc_5.0_15.4_0.82 56470.46486953359999 i 13.6877 0.0152 5.0000 15.4776 0.8249 10.6251 10.9183 10.8525
lc_5.0_15.4_0.82 55397.37250496810157 i 13.5319 0.0154 5.0000 15.4776 0.8249 10.6251 10.9183 10.8525
lc_5.2_15.0_0.69 55397.37250496810157 g 13.6421 0.0153 5.2000 15.0323 0.6988 10.1126 10.4147 10.3493
lc_5.2_15.4_0.82 55397.37250496810157 g 14.4392 0.0150 5.2000 15.4776 0.8249 10.5728 10.8675 10.8004
lc_5.2_15.4_0.82 56088.53889624550357 i 13.5157 0.0154 5.2000 15.4776 0.8249 10.5728 10.8675 10.8004
lc_5.2_15.4_0.82 56470.46486953359999 i 13.5208 0.0154 5.2000 15.4776 0.8249 10.5728 10.8675 10.8004
lc_5.4_15.0_0.69 55397.37250496810157 g 13.7364 0.0152 5.4000 15.0323 0.6988 10.0623 10.3657 10.2991
lc_5.4_15.4_0.82 55397.37250496810157 g 14.5956 0.0149 5.4000 15.4776 0.8249 10.5225 10.8186 10.7502
lc_5.4_15.4_0.82 56090.55851792419708 i 13.6619 0.0153 5.4000 15.4776 0.8249 10.5225 10.8186 10.7502
lc_5.4_15.4_0.82 56090.54726552729699 i 13.6681 0.0153 5.4000 15.4776 0.8249 10.5225 10.8186 10.7502
lc_5.4_15.4_0.82 56470.46486953359999 i 13.6561 0.0153 5.4000 15.4776 0.8249 10.5225 10.8186 10.7502
lc_5.6_14.6_0.58 55397.37250496810157 g 13.7314 0.0152 5.6000 14.6188 0.5892  9.5873  9.8985  9.8322
lc_5.6_14.7_0.63 55397.37250496810157 g 14.0759 0.0151 5.6000 14.7952 0.6384  9.7695 10.0778 10.0109
lc_5.6_15.0_0.69 55397.37250496810157 g 14.5121 0.0150 5.6000 15.0323 0.6988 10.0138 10.3186 10.2508
lc_5.6_15.4_0.82 55397.37250496810157 g 15.3200 0.0149 5.6000 15.4776 0.8249 10.4741 10.7714 10.7018
lc_5.6_15.4_0.82 55397.37250496810157 r 13.9433 0.0014 5.6000 15.4776 0.8249 10.4741 10.7714 10.7018
lc_5.6_15.4_0.82 56090.55851792419708 i 13.5320 0.0154 5.6000 15.4776 0.8249 10.4741 10.7714 10.7018
lc_5.6_15.4_0.82 56090.54726552729699 i 13.5621 0.0154 5.6000 15.4776 0.8249 10.4741 10.7714 10.7018
lc_5.6_15.4_0.82 55397.37250496810157 i 13.7166 0.0152 5.6000 15.4776 0.8249 10.4741 10.7714 10.7018
lc_5.8_14.6_0.58 55397.37250496810157 g 13.7189 0.0152 5.8000 14.6188 0.5892  9.5405  9.8530  9.7855
lc_5.8_14.7_0.63 55397.37250496810157 g 14.0453 0.0152 5.8000 14.7952 0.6384  9.7227 10.0323  9.9642
lc_5.8_15.0_0.69 55397.37250496810157 g 14.4755 0.0150 5.8000 15.0323 0.6988  9.9670 10.2731 10.2041
lc_5.8_15.4_0.82 55397.37250496810157 g 15.3244 0.0149 5.8000 15.4776 0.8249 10.4273 10.7259 10.6552
lc_5.8_15.4_0.82 55397.37250496810157 r 13.9575 0.0014 5.8000 15.4776 0.8249 10.4273 10.7259 10.6552
lc_5.8_15.4_0.82 56088.52780125050049 i 13.5799 0.0153 5.8000 15.4776 0.8249 10.4273 10.7259 10.6552
lc_5.8_15.4_0.82 56088.53889624550357 i 13.5794 0.0153 5.8000 15.4776 0.8249 10.4273 10.7259 10.6552
lc_5.8_15.4_0.82 56470.46486953359999 i 13.7145 0.0152 5.8000 15.4776 0.8249 10.4273 10.7259 10.6552
lc_5.8_15.4_0.82 55397.37250496810157 i 13.6842 0.0152 5.8000 15.4776 0.8249 10.4273 10.7259 10.6552
lc_6.0_15.0_0.69 55397.37250496810157 g 13.8362 0.0152 6.0000 15.0323 0.6988  9.9219 10.2291 10.1590
lc_6.0_15.4_0.82 55397.37250496810157 g 14.6624 0.0149 6.0000 15.4776 0.8249 10.3821 10.6820 10.6101
lc_6.0_15.4_0.82 56090.55851792419708 i 13.6785 0.0153 6.0000 15.4776 0.8249 10.3821 10.6820 10.6101
lc_6.0_15.4_0.82 56090.54726552729699 i 13.6223 0.0153 6.0000 15.4776 0.8249 10.3821 10.6820 10.6101
lc_6.2_14.7_0.63 55397.37250496810157 g 13.5946 0.0153 6.2000 14.7952 0.6384  9.6339  9.9459  9.8755
lc_6.2_15.0_0.69 55397.37250496810157 g 13.9817 0.0152 6.2000 15.0323 0.6988  9.8782 10.1866 10.1154
lc_6.2_15.4_0.82 55397.37250496810157 g 14.8240 0.0149 6.2000 15.4776 0.8249 10.3384 10.6394 10.5665
lc_6.2_15.4_0.82 55397.37250496810157 r 13.5238 0.0011 6.2000 15.4776 0.8249 10.3384 10.6394 10.5665
lc_6.2_15.4_0.82 56088.52780125050049 i 13.5705 0.0153 6.2000 15.4776 0.8249 10.3384 10.6394 10.5665
lc_6.2_15.4_0.82 56088.53889624550357 i 13.5404 0.0154 6.2000 15.4776 0.8249 10.3384 10.6394 10.5665
lc_6.4_15.0_0.69 55397.37250496810157 g 13.5070 0.0153 6.4000 15.0323 0.6988  9.8359 10.1455 10.0732
lc_6.4_15.4_0.82 55397.37250496810157 g 14.3658 0.0150 6.4000 15.4776 0.8249 10.2961 10.5983 10.5242
lc_6.4_15.4_0.82 56470.46486953359999 i 13.5182 0.0154 6.4000 15.4776 0.8249 10.2961 10.5983 10.5242
lc_6.6_14.7_0.63 55397.37250496810157 g 13.6892 0.0152 6.6000 14.7952 0.6384  9.5505  9.8648  9.7924
lc_6.6_15.0_0.69 55397.37250496810157 g 14.1286 0.0151 6.6000 15.0323 0.6988  9.7948 10.1056 10.0323
lc_6.6_15.4_0.82 55397.37250496810157 g 14.9915 0.0148 6.6000 15.4776 0.8249 10.2551 10.5584 10.4833
lc_6.6_15.4_0.82 55397.37250496810157 r 13.5953 0.0012 6.6000 15.4776 0.8249 10.2551 10.5584 10.4833
lc_6.8_14.7_0.63 55397.37250496810157 g 13.7835 0.0152 6.8000 14.7952 0.6384  9.5107  9.8261  9.7527
lc_6.8_15.0_0.69 55397.37250496810157 g 14.2069 0.0151 6.8000 15.0323 0.6988  9.7551 10.0669  9.9925
lc_6.8_15.4_0.82 55397.37250496810157 g 15.0424 0.0148 6.8000 15.4776 0.8249 10.2153 10.5197 10.4436
lc_6.8_15.4_0.82 55397.37250496810157 r 13.6484 0.0012 6.8000 15.4776 0.8249 10.2153 10.5197 10.4436
lc_7.0_15.0_0.69 55397.37250496810157 g 13.7895 0.0152 7.0000 15.0323 0.6988  9.7164 10.0293  9.9540
lc_7.0_15.4_0.82 55397.37250496810157 g 14.6554 0.0149 7.0000 15.4776 0.8249 10.1767 10.4821 10.4051
lc_7.2_14.7_0.63 55397.37250496810157 g 13.6001 0.0153 7.2000 14.7952 0.6384  9.4346  9.7520  9.6766
lc_7.2_15.0_0.69 55397.37250496810157 g 14.0351 0.0152 7.2000 15.0323 0.6988  9.6789  9.9928  9.9165
lc_7.2_15.4_0.82 55397.37250496810157 g 14.8694 0.0149 7.2000 15.4776 0.8249 10.1391 10.4456 10.3676
lc_7.2_15.4_0.82 55397.37250496810157 r 13.5529 0.0012 7.2000 15.4776 0.8249 10.1391 10.4456 10.3676
lc_7.4_15.0_0.69 55397.37250496810157 g 13.5165 0.0153 7.4000 15.0323 0.6988  9.6424  9.9572  9.8801
lc_7.4_15.4_0.82 55397.37250496810157 g 14.3536 0.0150 7.4000 15.4776 0.8249 10.1026 10.4101 10.3312
lc_7.6_15.0_0.69 55397.37250496810157 g 13.5905 0.0153 7.6000 15.0323 0.6988  9.6068  9.9227  9.8446
lc_7.6_15.4_0.82 55397.37250496810157 g 14.4185 0.0150 7.6000 15.4776 0.8249 10.0671 10.3755 10.2957
lc_7.8_15.4_0.82 55397.37250496810157 g 14.1512 0.0151 7.8000 15.4776 0.8249 10.0325 10.3418 10.2611
lc_8.0_14.7_0.63 55397.37250496810157 g 13.8373 0.0152 8.0000 14.7952 0.6384  9.2942  9.6154  9.5365
lc_8.0_15.0_0.69 55397.37250496810157 g 14.2610 0.0151 8.0000 15.0323 0.6988  9.5385  9.8561  9.7764
lc_8.0_15.4_0.82 55397.37250496810157 g 15.1148 0.0148 8.0000 15.4776 0.8249  9.9987 10.3090 10.2275
lc_8.0_15.4_0.82 55397.37250496810157 r 13.6925 0.0012 8.0000 15.4776 0.8249  9.9987 10.3090 10.2275
lc_8.2_15.4_0.82 55397.37250496810157 g 14.2843 0.0151 8.2000 15.4776 0.8249  9.9658 10.2770 10.1946
lc_8.4_15.0_0.69 55397.37250496810157 g 13.8905 0.0152 8.4000 15.0323 0.6988  9.4734  9.7929  9.7115
lc_8.4_15.4_0.82 55397.37250496810157 g 14.7384 0.0149 8.4000 15.4776 0.8249  9.9337 10.2457 10.1626
lc_8.6_14.7_0.63 55397.37250496810157 g 13.6695 0.0152 8.6000 14.7952 0.6384  9.1978  9.5216  9.4403
lc_8.6_15.0_0.69 55397.37250496810157 g 14.1130 0.0151 8.6000 15.0323 0.6988  9.4421  9.7624  9.6802
lc_8.6_15.4_0.82 55397.37250496810157 g 14.9425 0.0149 8.6000 15.4776 0.8249  9.9023 10.2152 10.1313
lc_8.6_15.4_0.82 55397.37250496810157 r 13.5035 0.0011 8.6000 15.4776 0.8249  9.9023 10.2152 10.1313
lc_8.8_14.7_0.63 55397.37250496810157 g 13.6829 0.0152 8.8000 14.7952 0.6384  9.1671  9.4918  9.4098
lc_8.8_15.0_0.69 55397.37250496810157 g 14.1123 0.0151 8.8000 15.0323 0.6988  9.4114  9.7326  9.6497
lc_8.8_15.4_0.82 55397.37250496810157 g 14.9647 0.0149 8.8000 15.4776 0.8249  9.8717 10.1854 10.1007
lc_8.8_15.4_0.82 55397.37250496810157 r 13.5218 0.0011 8.8000 15.4776 0.8249  9.8717 10.1854 10.1007
lc_9.0_15.0_0.69 55397.37250496810157 g 13.9359 0.0152 9.0000 15.0323 0.6988  9.3815  9.7034  9.6198
lc_9.0_15.4_0.82 55397.37250496810157 g 14.7613 0.0149 9.0000 15.4776 0.8249  9.8417 10.1563 10.0708
lc_9.2_15.4_0.82 55397.37250496810157 g 14.3058 0.0151 9.2000 15.4776 0.8249  9.8125 10.1278 10.0416
lc_9.4_15.0_0.69 55397.37250496810157 g 13.7588 0.0152 9.4000 15.0323 0.6988  9.3235  9.6471  9.5619
lc_9.4_15.4_0.82 55397.37250496810157 g 14.5723 0.0150 9.4000 15.4776 0.8249  9.7838 10.0999 10.0130
