 # id  ra dec  period_g ng nr ni nz ny ag dm ebv chi2
J200101.66+301134.7      300.257      30.1930       2.8494768          11           8          12          10           0      0.87911572       9.4951932       3.3601552       482.59583
J200107.06+301218.1      300.279      30.2049       2.6923382          10           6           8          12          13      0.29849802       11.867885       1.5423714       13.154944
J200108.93+300954.5      300.287      30.1651       1.6846970          10          10          13          11          10      0.31119264       12.832454       1.6342336       114.74710
J200116.82+343710.1      300.320      34.6195       3.4519579          14          14          11           8          11      0.29225761       11.780469       1.7901095       77.463659
J200119.73+343611.8      300.332      34.6033       1.8185192          15          16          15           8           6      0.26360592       12.167181       1.8586710       108.29135
J200121.17+343352.1      300.338      34.5645       2.6710601          12          12           9           7           0      0.44485694       11.691286       1.4046285       53.274447
J200121.89+343510.0      300.341      34.5863       1.8185192          10          15          13           8          12      0.23693626       13.186325       1.9745066       75.950639
J200123.63+343446.4      300.348      34.5797       2.8157115          10          10          11           7          12      0.33617756       12.233938       1.4175739       28.322756
J200129.31+343321.7      300.372      34.5560       2.8159113           5          15          13           8          11      0.31382219       12.795115       2.2190489       19.432011
J200135.98+343559.1      300.400      34.5998       2.8160112           6          13           9          10          11      0.32142189       12.825233       1.8635839       25.271363
J200545.01+335012.6      301.438      33.8369       2.9400837          16          10          11          15           9      0.12315053       12.737321       1.4344525       22.465786
J200548.66+334852.2      301.453      33.8145       1.2092181          13          10          11          13          15      0.21479722       12.784881       1.6732097       59.367064
J200550.04+335131.5      301.459      33.8588       1.1504084          15           9           9          11          15      0.25814874       11.944153       1.9109587       57.778084
J200551.53+335229.5      301.465      33.8749       1.3644439          15          11          12          12          12      0.26668120       11.711828       2.2435995       90.586376
J200553.39+334846.1      301.473      33.8129       1.4329553          13          12          10          12          12      0.25876149       11.404731       1.8095721       82.463275
J200559.71+335009.6      301.499      33.8360       2.9398839          15          12          13          13          11      0.23780895       12.615713       1.8802281       80.451893
J200559.92+335127.9      301.500      33.8578       1.1908151          12           7          11          13          13      0.19374292       12.215084       1.8987047       14.140487
J200601.21+335149.0      301.505      33.8636       1.1048008           9           9          11          12          14      0.19408014       12.886814       1.9172355       16.569806
J200602.35+334914.7      301.510      33.8207       3.3886230          15          12          13          14          15      0.22002875       11.629969       1.8521193       80.412297
J200608.75+362830.0      301.537      36.4751       3.4321783          12          12           4           0           0       1.7000000       7.1764450       3.9887733       2462.9025
J200608.96+335041.3      301.537      33.8448       3.6012046          12           8           7          10          13      0.23279062       12.144213       1.8368350       18.440053
J201035.31+333612.4      301.537      33.8448       3.6012046           0          11           7           7           7      0.23279062       12.144213       1.8368350       18.440053
J201035.60+333630.5      302.648      33.6083       1.1387064           8          11          10           6           8      0.31803071       12.968049       1.4459313       46.145179
J201036.48+333620.7      302.652      33.6058       1.2689281           9          12          11           8           8      0.26703471       12.084390       2.1899445       47.744418
J201039.07+333535.2      302.663      33.5932       4.5507417           3           9           6          10           9      0.44046484       12.315468       2.5564146       17.725534
J201043.91+333759.1      302.683      33.6331       1.3219368           6          10          11           9           5      0.34541367       12.295602       2.4259872       23.029203
J201044.80+333843.2      302.687      33.6454       1.3219368           5          12          12           8           5      0.46742352       12.070349       2.5331532       41.717834
J201046.98+333827.6      302.696      33.6410       3.9904048          13          12           9           2           0      0.21394473       9.5598510       2.9642947       144.16454
J201047.56+333628.4      302.698      33.6079       1.7417065           4          10          11           7           0      0.17965121       9.6826590       3.2962901       8.3970024
J201048.21+333742.6      302.701      33.6283       1.2614268          11          11          11           9          10      0.23468579       11.915457       2.2562574       21.166095
J201055.45+333602.1      302.731      33.6007       1.2497249          18          10          12          10          10      0.22039404       11.329952       2.2786264       58.292492
J201859.68+375755.1      304.749      37.9652       3.5968091          13           7           9          12          17      0.77535008       11.574707       2.5039536       135.16278
J204058.09+432744.7      310.242      43.4624       5.9418283          16           5           0           0           0      0.55901672       7.6301326       2.6470666       9.0121855
J212319.14+500939.4      320.830      50.1610       5.5727277          14          12           8           0           0       1.7000000       7.3765056       4.0689224       5197.7922
