# col1                  ra      dec     chi2     F  r0   period_g     period_t  diff                ebv  delta(ebv)    ak   distance imag   jmag   hmag)  kmag  
  1.1282906849261173E19 304.03581 35.19587 321.804  1.199 14.493 1.25022  3.1275  162196.99694384765  1.244 0.156   0.7  5.11     15.28  11.983 10.778 10.258
  1.1338023168138826E19 315.47236 46.48235 164.726  1.382 12.048 1.5302   5.4714  340519.6613452149   0.951 -0.015  0.33 9.54     13.435 11.414 10.729 10.406
  1.1338216682184438E19 317.65672 48.58901 1238.091 1.915 13.36  1.73618  4.6698  253464.751125       1.269 0.215   0.57 7.81     14.68  11.929 10.931 10.444
  1.14844605247715E19   10.64202  63.83967 402.953  0.94  12.754 1.97042  1.9706  15.5527745361276    1.228 0.155   0.32 8.75     14.607 12.586 11.957 11.687
  1.108467809691259E19  301.55544 36.43125 893.577  2.0   13.249 2.17829  3.861   145386.1492734375   0.912 0.177   0.42 8.52     14.175 11.962 11.118 10.779
  1.0495375048796432E19 55.53691  56.02976 275.578  0.637 12.147 2.36011  2.3818  1874.0104958495963  1.72  0.144   0.54 5.9      14.618 12.178 11.206 10.8  
  1.143054047454599E19  14.38546  63.15642 171.007  1.467 12.101 2.47227  2.4889  1436.827352783206   0.781 -0.075  0.26 6.62     12.858 11.509 10.923 10.696
  1.1610596498710532E19 10.85828  62.1467  313.828  1.171 13.221 2.84123  2.8418  49.24579174805359   1.201 0.226   0.52 8.58     14.917 12.704 11.724 11.345
  1.1555638509508311E19 341.41307 59.7129  30.164   0.92  11.621 2.99109  2.9902  -76.8923085937331   1.284 0.1     0.41 6.03     13.339 11.505 10.726 10.375
  1.132037820553646E19  319.66628 50.79246 64.303   0.834 10.614 2.99689  2.9971  18.15392065429222   1.285 0.095   0.38 4.63     12.507 10.834 10.095 9.766 
  1.1609664112849959E19 341.57167 59.09533 451.866  2.0   11.996 3.66272  3.6966  2927.228572265608   1.257 0.176   0.47 5.15     13.641 11.047 10.174 9.784 
  1.128406793353955E19  315.80804 47.88872 65.542   1.224 11.945 3.87055  3.8717  99.36418579100206   1.358 0.047   0.41 7.77     13.72  11.729 10.903 10.565
  1.0423722075037608E19 60.68794  52.20487 310.282  1.253 11.388 4.16104  4.1591  -167.61118798826828 1.176 -0.155  0.32 6.76     12.516 11.046 10.328 10.068
  1.1336281541722255E19 297.91348 27.94425 249.286  2.0   12.218 4.20649  7.3047  267685.3351669922   0.916 0.164   0.4  7.79     13.015 10.843 9.975  9.649 
  1.1410608527757707E19 322.93299 51.38233 1287.665 2.0   12.443 4.36663  4.3152  -4443.56478808592   0.917 0.2     0.47 4.72     13.189 10.651 9.779  9.369 
  1.0154561628557935E19 71.39506  43.57281 22.593   0.794 11.294 4.43738  4.3732  -5545.15720751954   0.88  -0.042  0.25 7.5      12.107 10.961 10.383 10.131
  1.1265332255403043E19 308.45241 40.00259 241.749  0.692 13.324 4.45795  4.4596  142.55756103513022  1.276 0.082   0.43 17.79    15.149 13.401 12.531 12.183
  1.045966291112628E19  59.06243  52.80724 54.274   1.254 12.61  4.9341   4.934   -8.638681640618984  1.394 0.222   0.46 13.09    14.641 12.658 11.781 11.385
  1.1283716089819728E19 312.15005 44.04639 532.778  0.894 13.153 5.00684  4.9363  -6094.673204589879  1.617 0.213   0.68 6.1      14.978 11.612 10.522 9.916 
  1.1282291122749446E19 298.06212 28.92299 17.805   0.727 10.706 5.35364  10.8793 477417.0341513671   0.842 0.16    0.3  6.99     11.634 9.782  9.025  8.741 
  1.1591825636200552E19 345.84403 61.27341 433.61   1.51  11.625 5.51722  5.4338  -7207.468949707032  1.324 0.171   0.47 5.93     13.393 10.883 9.936  9.558 
  1.148458367007484E19  14.17081  62.55484 67.135   0.694 11.875 5.63542  5.6338  -139.96542919920785 1.04  0.203   0.36 9.97     13.332 11.6   10.815 10.513
  1.1465214673240027E19 332.80389 57.05374 71.62    1.335 12.896 5.77156  5.7703  -108.87164648437704 1.029 0.149   0.39 11.95    14.083 12.031 11.243 10.888
  1.1372820512134588E19 303.28781 32.61974 24.758   1.11  10.617 5.85661  5.856   -52.7086142578014   1.431 0.013   0.37 6.32     12.448 10.567 9.792  9.465 
  8.0849289013625252E18 91.34517  20.94565 1283.68  0.75  12.446 6.15201  2.9451  -277077.01803442376 0.959 0.2     0.45 4.82     13.388 11.134 10.327 9.938 
  9.975508358998139E18  83.14633  33.36483 18.302   0.87  10.869 7.2904   7.2912  69.13390869140699   0.889 0.126   0.24 8.16     12.024 10.462 9.812  9.589 
  1.1210515003688673E19 300.03966 32.38754 649.335  1.972 12.148 7.30225  7.3063  349.9341064453205   1.299 0.172   0.46 8.41     13.837 11.188 10.251 9.872 
  1.1410626119943692E19 323.09796 51.64019 825.511  1.133 14.504 7.70085  2.7102  -431192.1538366699  1.098 0.084   0.66 6.09     15.253 12.358 11.337 10.757
  1.1322594820977584E19 19.22264  62.77594 57.941   1.647 10.791 7.92874  7.9232  -478.6447280273734  1.346 0.215   0.47 5.99     12.699 10.362 9.422  9.023 
  1.1444068865613801E19 295.8526  24.12232 18.81    1.931 10.484 8.52577  8.5231  -230.69670117184273 1.551 0.07    0.45 5.47     12.276 10.03  9.083  8.711 
  1.1264839674193803E19 303.49323 34.81268 568.774  2.0   10.852 8.87375  34.2216 2190054.2036132812  1.314 0.29    0.53 9.17     12.376 9.521  8.377  7.913 
  1.1519381014070598E19 335.76926 57.74429 248.168  1.086 14.856 9.08173  1.1202  -687876.1887205811  0.867 -0.254  0.44 5.36     14.79  12.645 11.909 11.554
  1.1210884439596448E19 303.67976 36.3276  458.631  1.379 14.596 9.3808   18.3612 775906.5887402343   1.092 0.218   0.67 11.66    15.025 11.26  10.042 9.444 
  1.1246842867870358E19 303.3966  35.16176 259.468  1.236 12.033 10.30653 10.2991 -641.9587236328482  1.184 0.066   0.54 7.32     13.164 10.642 9.614  9.141 
  1.1372064048133984E19 295.76263 25.22367 1018.005 0.976 12.158 10.43548 5.3641  -438167.23377978517 1.407 0.191   0.53 6.13     13.617 11.119 10.122 9.695 
  1.124638547103252E19  298.96945 30.49146 317.725  1.469 12.293 10.81502 4.8029  -519447.1820405274  0.844 0.234   0.33 7.48     13.238 11.033 10.389 10.05 
  1.1428077568499347E19 316.08942 45.23937 14.857   0.682 11.789 11.27383 3.5694  -665662.745770752   0.815 0.079   0.19 8.38     12.658 11.279 10.798 10.599
  1.1392453391760325E19 320.82018 50.12529 621.758  2.0   13.05  11.54745 3.4348  -700932.9678112793  1.028 0.149   0.5  6.19     13.947 11.631 10.725 10.319
  1.1229778447407993E19 312.55001 45.6989  94.94    2.0   11.439 11.80904 12.2208 35576.098541015665  1.009 0.117   0.4  7.51     12.271 10.093 9.189  8.834 
  1.1282678150842423E19 301.88209 32.84361 345.432  1.69  12.614 12.29483 4.5899  -665705.9505498047  1.359 0.216   0.94 4.22     14.277 11.71  10.276 0.0   
  1.0926753042792444E19 34.53062  61.8237  241.03   0.588 11.684 12.56588 3.5637  -777788.3553947754  1.533 0.14    0.51 4.92     13.564 11.14  10.205 9.786 
  1.1283874419494308E19 313.60709 45.72528 261.701  1.943 11.17  13.0172  6.3856  -572970.2322216796  0.936 0.167   0.42 4.43     12.11  9.758  9.01   8.58  
  1.1336228765161587E19 297.51523 27.46284 2671.445 1.948 14.294 13.2205  12.7204 -43208.65239257808  0.638 0.074   0.56 9.18     13.892 10.941 9.85   9.362 
  1.1336510240138254E19 300.25569 30.18807 2837.491 1.417 13.858 13.50152 7.1007  -553030.856503418   0.871 0.046   0.54 6.92     14.004 11.044 10.025 9.563 
  1.150117310151403E19  331.9591  55.98257 898.823  1.682 13.951 14.1701  3.0782  -958340.1511999512  0.922 0.084   0.45 12.08    14.868 13.077 12.243 11.877
  1.1282660558656391E19 301.65277 32.55307 27.858   1.361 10.023 14.48604 22.3409 678659.9403867188   1.262 0.052   0.48 5.45     11.515 8.777  7.78   7.326 
  1.1120566156444484E19 300.35274 34.59616 355.04   1.422 12.832 14.80101 5.8546  -772969.8280869141  1.208 0.256   0.45 11.9     14.427 12.205 11.309 10.93 
  1.1211728864526438E19 312.01505 45.51829 987.26   1.787 13.842 16.25585 3.3705  -1113294.2324194335 1.175 0.057   0.58 8.59     15.23  12.644 11.597 11.155
  1.119274689578387E19  302.36884 35.13279 46.511   0.936 14.461 16.44385 4.9454  -993466.059433594   0.997 -0.239  0.59 7.42     14.342 11.769 10.793 10.25 
  1.1156946797184086E19 304.36672 37.85288 400.81   1.752 16.273 17.64717 5.1062  -1083539.7891474608 0.848 0.085   0.72 11.89    16.344 13.209 11.967 11.398
  1.1138949990860554E19 304.20257 38.34329 46.434   1.831 10.8   17.88378 17.9019 1565.5107832029898  1.228 0.227   0.46 9.16     12.594 10.173 9.173  8.769 
  1.1264558199216353E19 300.45012 31.90051 1219.215 2.0   12.903 18.20341 5.7663  -1074566.2865976563 0.985 0.233   0.48 6.89     13.764 11.119 10.209 9.787 
  1.1103009154770903E19 304.83928 39.53352 67.525   1.169 15.647 21.2201  3.5662  -1525296.9584509274 1.269 0.179   0.77 9.33     16.585 13.321 12.028 11.441
  1.1682143919352687E19 353.52954 62.81888 161.596  0.965 12.466 21.65337 2.0516  -1693592.9297797852 1.632 0.011   0.46 7.19     14.583 12.562 11.703 11.361
  1.1229057167778832E19 305.40474 37.80982 167.299  1.366 15.314 22.11965 6.5118  -1348518.2562158203 1.5   0.161   0.81 8.58     16.27  12.414 11.069 10.414
  1.1426124835848563E19 296.54961 25.0092  648.937  0.995 14.176 24.1932  4.6259  -1690614.7379956055 1.363 0.082   0.56 10.38    15.445 12.592 11.517 11.103
  1.1121111514210505E19 305.93274 40.52246 390.807  0.85  14.475 25.05975 3.4562  -1866546.7299865722 1.675 0.214   0.75 8.73     16.309 13.175 11.893 11.33 
  1.0138130526792448E19 86.43715  27.06794 2.852    1.885 9.724  25.30011 3.6183  -1873308.3873618164 1.086 -0.284  0.25 2.94     10.6   9.224  8.588  8.397 
  1.1174873234763002E19 303.51552 36.83681 818.245  1.054 13.261 25.51428 6.5313  -1640129.4661333007 0.821 0.211   0.53 6.01     13.481 10.77  9.838  9.34  
  1.0315758829283213E19 63.19256  51.9179  28.321   1.41  11.644 26.61701 4.7163  -1892221.3430771488 0.908 -0.073  0.29 6.81     12.431 10.776 10.139 9.854 
  1.1282766111772342E19 302.69149 33.61237 305.023  2.0   14.89  29.22067 24.0215 -449208.31964062486 1.399 -0.179  0.81 9.6      14.869 10.956 9.459  8.808 
  1.1392875604224768E19 327.19237 54.7362  522.866  1.541 11.904 30.28918 4.3521  -2240963.721030762  1.147 0.181   0.45 6.47     13.523 11.273 10.415 10.026
  1.1336668569814118E19 301.80011 31.87574 1232.751 1.934 12.692 30.57953 33.458  248699.82382031265  1.23  0.209   0.72 6.49     13.362 9.349  7.992  7.37  
  1.1336035251114971E19 295.44335 25.52199 288.902  1.068 12.915 31.37882 28.8802 -215880.81704296885 1.393 0.15    0.64 15.65    14.141 11.262 9.983  9.433 
  1.1211535350478582E19 310.23649 43.42701 853.891  2.0   12.305 32.10434 5.9745  -2257618.160509277  1.737 0.176   0.74 4.29     14.182 10.774 9.589  8.94  
  1.0819053679827548E19 43.01683  58.71506 158.729  0.937 11.542 36.58159 3.9692  -2817710.5049978024 1.184 0.276   0.39 6.24     13.245 11.146 10.353 10.028
  1.1898510215512953E19 0.44153   62.4242  35.133   1.222 11.823 37.30578 3.8779  -2888168.8419206543 0.626 -0.075  0.36 4.71     11.952 10.453 9.716  9.411 
  1.1174978787879576E19 304.72903 37.948   855.946  1.489 12.668 37.66739 40.1976 218610.25790625022  1.041 -0.067  0.62 10.94    12.84  9.978  8.698  8.16  
  1.121065574117777E19  301.48626 33.83943 265.974  1.301 15.219 39.655   11.6011 -2423856.9627685547 1.198 0.092   0.72 12.04    15.884 12.146 10.843 10.249
  1.1066681290589123E19 301.52547 36.77628 283.551  1.278 14.546 41.92943 2.6847  -3390744.670945313  1.221 -0.0090 0.46 16.74    15.965 14.031 13.164 12.807
  1.110279804853906E19  302.63504 37.35421 152.366  1.269 15.007 43.04763 6.0117  -3199904.338750488  1.027 0.114   0.61 10.85    15.445 12.458 11.345 10.855
  1.1447341012218223E19 335.84881 58.78354 745.212  1.632 13.28  48.21711 3.2041  -3889124.0731955566 1.346 0.203   0.57 9.0      15.056 12.703 11.781 11.273
  1.1354718152697115E19 302.28672 31.88985 70.36    2.0   9.026  48.53581 48.7641 19724.18006250018   1.663 0.218   0.5  6.75     11.227 8.255  7.177  6.687 
