# id_kiso  period_t period_g ng nr ni nz ny ag dm ebv chi2
kiso_060522.8+205644      2.94510      2.94549          10          16          12           4           0      0.82333746       10.621532       2.0850546       157.38120
kiso_034208.9+560147      2.38180      2.38187           7          10           8           4          15      0.78698074       11.521130       2.3182806       164.39393
kiso_034529.7+532608      4.33910      4.33657          12          12           0           0           0      0.70120312       8.8217655       2.2659500       200.19163
kiso_035615.0+524826      4.93400      5.76951          12          12          10          13          16      0.46153594       11.774821       2.0919449       448.55921
kiso_035938.2+524726      3.70600      3.70531          12           6           0           0           0       1.0076764       9.2241810       1.9839762       20.630467
kiso_040245.1+521217      4.15910      4.16063          15          10           0           0           0       1.1663825       10.378233       1.6090096       317.85884
kiso_025204.0+584254      3.96920      3.97094           9          14          14           0           0      0.35755344       10.745029       1.8798597       122.14417
kiso_030554.6+574544      4.72930      4.72750           8           4           0           0           0      0.88197291       10.814726       1.4148619       1.7567265
kiso_041246.2+515504      4.71630      4.77446           6           6           0           0           0       1.0470667       10.624885       1.4573409       44.972745
kiso_044534.8+433422      4.37320      5.47421           9           3           0           0           0       1.0039072       10.193102       1.4243720       14.856216
kiso_053235.1+332153      7.29120      1.53979          11           2           0           0           0      0.64364044       10.736246       1.3057193       14.463083
kiso_053407.8+321909      1.63000      1.62980          15          14          10          10          13      0.60718050       12.631900       1.2052825       501.86323
kiso_021807.4+614925      3.56370      3.56476           8          10          10           5           0      0.65877547       10.354461       2.3371939       54.877423
kiso_004326.0+620848      2.84180      2.84120           4          12          11           8          10      0.96191540       12.195127       2.0341343       208.11887
kiso_203348.6+400009      4.45960      4.34949          12           8          16          15          22      0.50460151       12.904159       1.6349617       284.41492
kiso_004234.1+635022      1.97060      1.97066          10          12          11          13          13       1.1347420       12.314938       1.7917897       583.46541
kiso_005641.0+623317      5.63380      5.72295           8           9           7           3           0      0.43275607       11.057677       1.7113618       138.89024
kiso_005732.5+630923      2.48890      2.47278           4           9           4           0           0       1.5002767       11.347905       1.2042398       34.346007
kiso_011653.4+624633      7.92320      5.37428          10           8           2           0           0       1.0724135       9.1229630       2.4925004       129.81178

